-1753.3 -4239.5 -15.0 160 0 123.6 399.7 7.5 0.0 0 1 3 2 2
-1714.8 -3900.5 -6.2 70 0 87.5 200.9 12.5 0.0 0 1 5 2 2
-1823.3 -3938.2 -5.7 70 0 108.3 199.8 7.5 0.0 0 1 3 0 0
-1712.2 -4358.2 -14.1 160 0 85.9 522.1 12.5 0.0 0 1 5 5 5
5229.9 5610.7 -7.8 44 0 14.5 20.5 14.0 3.5 2 1 4 0 0
5034.9 5590.9 -10.1 44 0 14.5 30.4 14.0 3.5 2 1 4 4 4
5204.3 5278.0 -9.5 46 0 14.4 20.9 5.0 2.5 2 1 2 4 4
5389.5 5313.5 -10.2 227 0 13.3 34.8 14.0 3.5 2 1 4 4 4
5364.2 5298.6 -10.7 134 0 15.1 13.5 14.0 3.5 2 0 4 3 3
2287.9 1935.4 -7.1 300 0 32.1 14.6 10.0 2.5 2 0 4 3 3
2086.1 1906.9 -3.0 210 0 13.5 20.0 7.5 0.0 0 1 3 4 4
2030.9 2226.7 -7.7 120 0 20.0 14.4 10.0 0.0 0 0 4 4 4
1840.7 2159.6 -5.5 121 0 33.3 14.6 10.0 2.5 2 0 4 5 5
-2096.3 -2757.5 -6.0 326 0 30.7 13.6 14.0 3.5 2 0 4 0 0
-1964.9 -2824.2 -4.6 325 0 24.9 14.5 14.0 3.5 2 0 4 3 3
-1910.5 -3208.1 -6.3 146 0 33.0 15.1 10.5 3.5 2 0 3 4 4
-2099.8 -3175.8 -5.1 326 0 21.5 14.9 14.0 3.5 2 0 4 5 5
-6402.3 -6316.8 -3.0 57 0 14.7 23.0 12.5 2.5 2 1 5 1 1
-6203.6 -6347.3 -4.9 57 0 14.7 29.2 7.5 2.5 2 1 3 2 2
-6504.6 -5971.4 4.3 58 0 13.3 32.7 10.0 2.5 2 1 4 4 4
-6784.0 -6373.2 4.4 35 0 14.5 23.0 5.0 2.5 2 1 2 3 3
5351.4 -9422.7 -15.9 158 0 20.6 42.8 10.5 3.5 2 1 3 4 4
4891.9 -9860.3 -13.0 338 0 81.0 146.0 10.0 0.0 0 1 4 1 1
4586.2 -9981.2 -12.7 158 0 79.2 144.8 15.0 0.0 0 1 6 0 0
4720.9 -9829.1 -12.3 157 0 81.6 145.7 10.0 0.0 0 1 4 3 3
-5087.9 10967.2 -14.4 248 0 10.7 67.8 17.5 3.5 2 1 5 0 0
-5116.5 10955.8 -14.4 248 0 10.7 67.8 17.5 3.5 2 1 5 2 2
-5005.4 10970.3 -14.3 247 0 9.5 37.0 10.5 0.0 0 1 3 5 5
-5048.4 10984.2 -14.4 248 0 10.7 67.8 17.5 3.5 2 1 5 0 0
5700.1 -527.1 -14.1 121 0 237.3 47.4 14.0 0.0 0 0 4 4 4
4845.4 12120.2 -12.0 15 0 84.9 80.6 10.0 0.0 0 0 4 5 5
4894.9 12584.9 -20.4 282 0 115.4 118.0 12.5 0.0 0 1 5 1 1
5191.7 12459.9 -23.6 13 0 119.2 101.0 14.0 0.0 0 0 4 0 0
1943.8 12331.6 -13.6 196 0 17.2 33.9 17.5 3.5 2 1 5 1 1
-6135.5 -10721.5 -13.6 164 0 11.7 6.4 10.5 3.5 2 0 3 5 5
1979.4 12605.3 -11.9 162 0 31.1 74.4 14.0 0.0 0 1 4 3 3
1192.6 11830.0 -6.8 142 0 21.3 49.4 17.5 0.0 0 1 5 3 3
1271.9 11798.4 -8.8 52 0 39.0 30.3 17.5 0.0 0 0 5 4 4
1331.6 11811.6 -10.6 52 0 35.0 33.3 17.5 0.0 0 0 5 4 4
885.2 11893.4 -7.9 223 0 24.7 55.5 17.5 3.5 2 1 5 4 4
962.0 11835.9 -3.2 313 0 31.8 24.7 17.5 0.0 0 0 5 1 1
989.8 11808.1 -2.9 313 0 31.8 24.7 17.5 0.0 0 0 5 2 2
902.0 11800.8 -11.8 223 0 24.7 31.8 17.5 0.0 0 1 5 2 2
959.8 11748.3 -7.2 43 0 24.7 31.8 17.5 0.0 0 1 5 2 2
1947.8 12595.4 -12.1 337 0 25.5 27.6 17.5 0.0 0 1 5 3 3
1903.9 12754.2 -8.6 3 0 10.8 22.0 21.0 0.0 0 1 6 3 3
1902.9 12811.2 -11.0 273 0 13.8 19.4 21.0 0.0 0 1 6 2 2
1903.4 12739.3 -9.0 4 0 15.5 11.4 21.0 0.0 0 0 6 5 5
3856.5 12257.4 -9.1 16 0 71.9 93.4 17.5 0.0 0 1 5 4 4
3778.5 12565.1 -8.9 187 0 22.0 47.5 17.5 3.5 2 1 5 0 0
3755.6 12645.8 -7.1 187 0 40.6 39.7 17.5 0.0 0 0 5 5 5
3722.7 12681.2 -4.1 349 0 20.4 14.9 17.5 3.5 2 0 5 5 5
3718.9 12640.3 -4.5 349 0 42.4 26.7 17.5 0.0 0 0 5 2 2
2390.6 12315.4 -3.4 11 0 18.2 10.4 17.5 3.5 4 0 5 0 0
2392.9 12358.8 -4.1 2 0 32.7 12.4 17.5 3.5 2 0 5 2 2
2438.1 12342.5 -2.7 90 0 21.3 45.6 17.5 3.5 2 1 5 0 0
2448.5 12523.3 -10.9 187 0 33.0 25.1 17.5 0.0 0 0 5 4 4
2446.2 12447.8 -8.5 183 0 35.0 22.6 17.5 0.0 0 0 5 5 5
2515.5 12463.3 -7.7 8 0 38.3 24.5 17.5 0.0 0 0 5 3 3
2519.5 12508.3 -5.7 8 0 38.3 24.5 17.5 0.0 0 0 5 2 2
2537.9 12540.7 -0.6 20 0 12.9 40.5 17.5 3.5 2 1 5 2 2
2493.8 12589.3 -1.0 290 0 23.4 37.5 17.5 0.0 0 1 5 5 5
2345.8 12622.0 -12.7 193 0 19.1 17.3 17.5 3.5 2 0 5 5 5
2388.7 12644.2 -10.1 283 0 11.5 33.6 17.5 3.5 2 1 5 4 4
2419.3 12608.7 -8.4 13 0 9.3 26.2 10.5 3.5 2 1 3 1 1
2427.6 12630.7 -8.7 13 0 12.1 28.6 17.5 3.5 2 1 5 2 2
2274.0 12564.2 -9.1 14 0 32.5 10.3 14.0 3.5 4 0 4 0 0
2280.2 12602.6 -12.3 7 0 35.7 8.8 10.5 3.5 2 0 3 4 4
2285.0 12640.6 -12.8 6 0 31.5 10.4 14.0 0.0 0 0 4 5 5
2267.6 12639.8 -12.9 7 0 16.1 9.6 10.5 3.5 2 0 3 1 1
2267.9 12607.1 -12.8 7 0 30.0 16.7 14.0 3.5 2 0 4 2 2
2261.1 12580.0 -10.1 7 0 15.5 11.1 14.0 3.5 2 0 4 2 2
2248.0 12535.9 -8.5 97 0 9.8 34.7 10.5 3.5 2 1 3 5 5
2231.9 12641.2 -12.8 187 0 36.7 10.3 14.0 3.5 2 0 4 5 5
2237.0 12600.0 -12.8 8 0 34.4 13.8 14.0 3.5 2 0 4 5 5
2220.2 12540.7 -10.2 99 0 13.8 40.9 14.0 3.5 2 1 4 3 3
567.4 11017.1 -18.0 164 0 17.0 48.2 17.5 3.5 2 1 5 1 1
799.6 11138.2 -20.8 341 0 25.5 34.3 21.0 0.0 0 1 6 4 4
1225.0 10960.8 -18.6 339 0 38.7 110.8 17.5 0.0 0 1 5 5 5
1338.6 10804.7 -11.6 49 0 11.0 50.9 17.5 0.0 0 1 5 0 0
1236.5 10604.7 -11.0 49 0 37.0 24.3 17.5 0.0 0 0 5 2 2
1210.5 10627.6 -10.8 49 0 39.0 20.1 17.5 0.0 0 0 5 4 4
1155.7 10742.5 -9.9 229 0 36.3 31.3 17.5 0.0 0 0 5 3 3
1166.2 10673.7 -10.5 229 0 36.3 31.3 17.5 0.0 0 0 5 5 5
1183.9 10789.4 -9.4 229 0 26.2 25.9 17.5 0.0 0 0 5 2 2
1250.1 10792.4 -10.2 319 0 25.9 26.2 17.5 0.0 0 1 5 1 1
1299.3 10787.4 -10.8 319 0 25.9 26.2 17.5 0.0 0 1 5 5 5
1253.1 10648.5 -10.5 49 0 21.8 49.6 17.5 3.5 2 1 5 5 5
1311.2 10733.2 -10.4 319 0 24.8 71.3 17.5 0.0 0 1 5 5 5
2387.5 12431.4 -7.1 2 0 79.0 12.4 17.5 3.5 4 0 5 5 5
2388.2 12483.9 -8.4 15 0 11.4 85.0 17.5 3.5 2 1 5 4 4
1928.2 12797.4 -10.6 183 0 17.6 10.6 17.5 3.5 2 0 5 0 0
1927.6 12709.0 -9.4 93 0 11.3 58.6 17.5 3.5 2 1 5 5 5
1967.0 12596.2 -11.9 157 0 35.7 11.4 14.0 3.5 2 0 4 5 5
1945.7 12658.2 -11.3 247 0 10.9 44.9 14.0 0.0 0 1 4 3 3
1363.7 12779.8 -14.1 243 0 25.9 17.3 17.5 3.5 2 0 5 4 4
1408.5 12802.0 -11.7 243 0 25.9 17.4 17.5 3.5 2 0 5 2 2
1172.4 12017.2 -5.0 215 0 15.7 43.2 17.5 3.5 2 1 5 0 0
1432.5 11537.3 -14.1 141 0 49.3 45.5 17.5 0.0 0 0 5 2 2
1339.1 11585.1 -13.0 227 0 29.3 16.5 17.5 3.5 2 0 5 2 2
1365.8 11606.6 -13.3 227 0 28.4 14.7 17.5 3.5 2 0 5 1 1
1370.8 11624.5 -13.3 134 0 42.1 22.9 17.5 0.0 0 0 5 1 1
1433.9 11673.3 -12.6 134 0 18.4 8.9 10.5 3.5 2 0 3 2 2
2218.0 12699.0 -12.4 179 0 44.5 9.8 10.5 3.5 4 0 3 3 3
2281.5 12672.7 -12.8 352 0 21.9 22.7 14.0 3.5 2 1 4 1 1
2274.0 12748.6 -10.2 353 0 26.3 11.6 14.0 3.5 2 0 4 1 1
-5632.9 -6161.2 -12.2 2 0 189.3 16.7 14.0 0.0 0 0 4 1 1
-3953.9 -9071.6 -10.9 216 0 17.3 191.5 10.0 0.0 0 1 4 1 1
-2605.6 -11364.1 -12.5 255 0 19.4 191.5 14.0 0.0 0 1 4 0 0
-3487.6 3252.8 -11.3 166 0 84.9 46.1 17.5 0.0 0 0 5 2 2
-3462.7 3159.3 -14.9 167 0 24.8 51.7 17.5 3.5 2 1 5 0 0
-3298.1 2145.6 -7.3 176 0 158.1 72.1 17.5 0.0 0 0 5 4 4
-3202.3 2047.9 -7.1 86 0 21.1 56.0 17.5 3.5 2 1 5 4 4
-3198.2 2137.5 -6.7 357 0 55.2 20.5 17.5 0.0 0 0 5 5 5
-3213.0 2224.2 -6.1 267 0 20.1 55.0 17.5 3.5 2 1 5 4 4
-3361.5 2336.0 -3.6 271 0 91.4 93.8 17.5 0.0 0 1 5 0 0
-3167.7 1682.7 -11.8 152 0 39.7 33.7 10.0 2.5 2 0 4 5 5
-3232.4 1896.3 -9.9 336 0 71.2 33.0 12.5 0.0 0 0 5 2 2
-3455.4 2963.9 -11.2 209 0 40.8 16.2 17.5 0.0 0 0 5 4 4
-3406.4 2970.5 -7.9 299 0 13.7 61.3 17.5 3.5 4 1 5 1 1
-3389.3 2526.8 -9.4 174 0 23.2 35.7 14.0 0.0 0 1 4 4 4
-3391.5 2458.6 -8.0 185 0 45.3 21.8 14.0 3.5 2 0 4 3 3
-3428.0 2496.5 -7.1 28 0 11.9 33.8 17.5 3.5 2 1 5 1 1
-3441.1 2464.5 -6.3 33 0 10.3 24.9 17.5 3.5 2 1 5 1 1
-3468.3 2429.4 -5.1 36 0 14.8 13.7 17.5 3.5 2 0 5 1 1
-3549.8 2353.2 -2.4 125 0 19.3 16.4 17.5 3.5 2 0 5 5 5
-3340.1 2501.1 -9.5 85 0 15.3 14.5 14.0 3.5 2 0 4 4 4
-3317.1 2502.7 -10.0 89 0 13.8 16.1 14.0 3.5 2 1 4 1 1
-3310.5 2528.1 -10.3 355 0 10.5 9.2 10.5 3.5 2 0 3 5 5
-3319.1 2550.6 -10.5 262 0 10.1 13.7 14.0 3.5 2 1 4 3 3
-3512.5 2359.1 -3.0 37 0 16.2 8.4 10.5 3.5 2 0 3 0 0
-3481.0 2519.9 -6.3 298 0 13.7 12.0 17.5 3.5 2 0 5 3 3
-3504.8 2425.5 -4.3 213 0 9.7 13.7 10.5 3.5 2 1 3 2 2
-3497.6 2434.4 -4.6 214 0 9.9 13.2 10.5 3.5 2 1 3 5 5
-3447.9 2452.9 -6.0 33 0 13.1 26.5 17.5 3.5 4 1 5 5 5
-3544.9 2423.6 -3.7 123 0 17.4 20.0 17.5 3.5 2 1 5 1 1
-3564.0 2434.5 -3.3 119 0 17.0 11.4 17.5 3.5 4 0 5 3 3
-3553.1 2459.2 -3.6 301 0 10.7 13.2 17.5 0.0 0 1 5 4 4
-3579.3 2443.2 -3.0 122 0 11.4 12.4 17.5 3.5 2 1 5 2 2
-3605.4 2466.1 -2.7 206 0 12.3 9.7 10.5 3.5 2 0 3 5 5
-3566.3 2466.7 -3.4 298 0 12.3 12.4 17.5 3.5 2 1 5 3 3
-3793.5 2218.8 -7.8 30 0 19.3 32.5 17.5 3.5 2 1 5 1 1
-3868.3 2253.9 -10.1 212 0 85.4 16.7 17.5 3.5 2 0 5 4 4
-3920.9 2167.8 -10.7 212 0 85.6 16.4 17.5 3.5 2 0 5 1 1
-3836.4 2118.6 -11.2 31 0 37.1 60.4 17.5 0.0 0 1 5 2 2
-3652.7 2269.1 -3.3 300 0 115.6 30.3 17.5 0.0 0 0 5 3 3
-3773.7 2340.3 -5.1 300 0 133.8 36.5 17.5 0.0 0 0 5 1 1
-3823.0 2393.4 -3.5 211 0 28.1 140.6 17.5 0.0 0 1 5 2 2
-3741.5 2397.5 -1.8 301 0 138.4 25.8 14.0 0.0 0 0 4 5 5
-3741.4 2406.8 -0.9 121 0 154.4 23.8 17.5 0.0 0 0 5 4 4
-3581.5 2476.3 -3.2 301 0 11.3 13.0 17.5 3.5 2 1 5 3 3
-3508.6 2439.0 -4.6 115 0 10.8 12.5 17.5 3.5 2 1 5 3 3
-3524.1 2446.6 -4.4 118 0 10.1 13.2 17.5 3.5 2 1 5 2 2
-3588.2 2487.5 -3.5 116 0 8.8 11.6 10.5 0.0 0 1 3 3 3
-3582.5 2506.8 -3.9 209 0 12.7 8.9 10.5 3.5 2 0 3 4 4
-3552.4 2464.9 -4.0 119 0 10.7 11.9 17.5 3.5 2 1 5 4 4
-3560.7 2500.1 -4.1 303 0 20.6 12.1 17.5 0.0 0 0 5 3 3
-3541.1 2490.7 -4.4 302 0 15.7 14.2 17.5 3.5 2 0 5 1 1
-3511.4 2477.7 -5.2 120 0 18.3 10.4 17.5 3.5 2 0 5 1 1
-3503.1 2487.0 -5.5 120 0 21.5 10.1 17.5 0.0 0 0 5 4 4
-3506.7 2520.1 -5.7 302 0 19.8 13.3 17.5 3.5 2 0 5 1 1
-3499.0 2533.5 -6.1 300 0 20.6 11.2 17.5 3.5 2 0 5 2 2
-3555.9 2540.0 -5.2 207 0 10.1 22.5 17.5 3.5 4 1 5 0 0
-3533.5 2504.8 -5.1 122 0 17.7 11.2 17.5 3.5 2 0 5 5 5
-3567.6 2532.5 -4.8 207 0 11.4 14.4 17.5 3.5 2 1 5 3 3
-3697.8 2649.6 -4.4 31 0 60.6 35.0 17.5 0.0 0 0 5 2 2
-3698.2 2762.2 -9.0 210 0 19.7 90.9 17.5 0.0 0 1 5 4 4
-3944.6 2343.7 -9.0 254 0 12.5 32.7 10.0 2.5 2 1 4 0 0
-4029.8 3191.0 -6.4 24 0 81.5 48.6 10.0 0.0 0 0 4 5 5
-4002.7 2382.1 -9.6 302 0 27.9 24.2 12.5 0.0 0 0 5 4 4
-4103.4 2225.7 -12.3 120 0 10.1 23.2 5.0 2.5 4 1 2 0 0
-4087.5 2220.2 -12.3 120 0 10.4 21.7 7.5 2.5 2 1 3 2 2
-3642.0 2438.4 -1.1 298 0 11.5 22.8 14.0 0.0 0 1 4 0 0
-3652.3 2444.7 -1.0 300 0 9.6 22.8 10.5 3.5 2 1 3 1 1
-3675.7 2459.7 -0.9 301 0 43.2 23.9 14.0 0.0 0 0 4 2 2
-3710.4 2480.9 -0.5 300 0 34.5 24.0 14.0 0.0 0 0 4 3 3
-3739.7 2498.7 -0.4 300 0 30.6 23.9 14.0 0.0 0 0 4 4 4
-3763.3 2513.2 -0.8 301 0 22.6 23.5 14.0 0.0 0 1 4 1 1
-3794.5 2543.1 -1.2 123 0 16.6 23.2 17.5 3.5 2 1 5 3 3
-3811.6 2547.6 -1.4 119 0 12.4 15.1 17.5 3.5 2 1 5 0 0
-3786.3 2527.1 -1.1 301 0 9.8 23.1 10.5 0.0 0 1 3 1 1
-3818.4 2519.7 -1.5 122 0 21.0 8.9 10.5 3.5 2 0 3 3 3
-3812.0 2541.3 -1.7 300 0 43.8 9.6 10.5 3.5 2 0 3 2 2
-3841.1 2534.3 -1.8 121 0 15.2 8.3 10.5 3.5 4 0 3 0 0
-3862.7 2547.5 -2.2 118 0 16.3 8.6 10.5 0.0 0 0 3 3 3
-3894.1 2571.3 -2.6 212 0 8.8 20.8 10.5 3.5 2 1 3 0 0
-3888.9 2581.9 -2.6 211 0 9.2 62.8 10.5 3.5 2 1 3 3 3
-3749.4 2511.6 -0.7 121 0 20.8 22.5 17.5 3.5 2 1 5 4 4
-3728.2 2498.5 -0.6 120 0 22.1 11.7 17.5 3.5 2 0 5 2 2
-3716.5 2520.4 -1.0 298 0 21.1 11.0 17.5 3.5 2 0 5 1 1
-3639.1 2443.4 -1.6 119 0 9.2 12.4 10.5 3.5 2 1 3 3 3
-3648.6 2481.3 -1.8 300 0 20.7 13.7 17.5 3.5 2 0 5 0 0
-3667.9 2460.7 -1.2 119 0 10.2 13.0 17.5 3.5 2 1 5 2 2
-3682.7 2469.8 -1.1 120 0 19.7 13.2 17.5 0.0 0 0 5 1 1
-3669.0 2493.2 -1.5 299 0 19.6 12.7 17.5 3.5 2 0 5 0 0
-3713.4 2488.9 -0.7 118 0 8.6 11.9 10.5 3.5 2 1 3 2 2
-3691.3 2507.1 -1.3 299 0 28.7 13.5 17.5 0.0 0 0 5 0 0
-3293.9 1748.2 -11.5 334 0 15.5 20.6 14.0 3.5 2 1 4 5 5
-3298.3 1766.4 -11.5 336 0 17.4 35.8 14.0 0.0 0 1 4 5 5
-3368.8 1755.7 -10.5 155 0 16.2 45.8 14.0 3.5 4 1 4 2 2
-3360.5 1742.6 -11.1 155 0 8.4 27.9 10.5 3.5 4 1 3 1 1
-3308.8 1784.0 -10.6 335 0 15.3 16.5 14.0 3.5 2 1 4 1 1
-3323.7 1811.9 -9.7 333 0 32.9 13.1 14.0 3.5 2 0 4 0 0
-3402.3 1815.3 -9.3 158 0 38.3 53.2 14.0 0.0 0 1 4 2 2
-3340.5 1845.4 -9.0 333 0 36.6 13.4 14.0 3.5 2 0 4 3 3
-3422.8 1856.7 -9.1 157 0 41.3 34.6 14.0 0.0 0 0 4 5 5
-3366.6 1888.5 -8.8 334 0 42.1 14.2 14.0 3.5 4 0 4 1 1
-3376.4 1932.9 -8.5 338 0 33.0 14.5 14.0 3.5 2 0 4 5 5
-3411.7 1933.6 -8.7 349 0 25.0 51.1 14.0 3.5 2 1 4 3 3
-3396.9 1978.1 -8.3 335 0 26.6 16.0 14.0 3.5 4 0 4 3 3
-3456.9 1894.3 -8.9 77 0 27.6 11.9 14.0 3.5 2 0 4 4 4
-3481.8 1901.3 -8.9 70 0 8.4 30.0 10.5 3.5 2 1 3 0 0
-3490.8 1965.7 -8.7 255 0 11.5 28.5 14.0 3.5 2 1 4 0 0
-3548.6 1870.4 -9.3 160 0 9.7 59.5 10.5 3.5 2 1 3 0 0
-3566.9 1878.8 -9.3 134 0 24.7 11.1 14.0 3.5 2 0 4 2 2
-3515.2 1996.8 -8.5 248 0 13.3 25.1 14.0 3.5 4 1 4 1 1
-3526.0 2022.6 -8.0 249 0 13.2 24.9 14.0 3.5 4 1 4 1 1
-3436.6 2062.2 -7.4 347 0 26.3 19.4 14.0 3.5 2 0 4 4 4
-3442.9 2101.5 -6.7 350 0 48.5 14.6 14.0 3.5 2 0 4 5 5
-1777.4 -10163.9 -13.3 90 0 62.2 141.7 12.5 0.0 0 1 5 4 4
-852.7 -10453.2 -16.1 184 0 147.2 98.7 10.5 0.0 0 0 3 4 4
68.8 -9952.8 -17.3 90 0 10.0 36.4 12.5 0.0 0 1 5 3 3
3292.6 12803.9 0.3 287 0 60.4 30.8 17.5 0.0 0 0 5 0 0
3299.6 12651.3 -2.4 17 0 23.3 68.3 17.5 3.5 2 1 5 2 2
3307.5 12685.9 -2.2 17 0 17.1 70.8 17.5 3.5 2 1 5 1 1
-2919.9 1921.0 -12.8 357 0 7.0 80.6 7.5 2.5 2 1 3 2 2
-2936.0 2023.1 -11.7 357 0 6.9 67.0 7.5 2.5 2 1 3 0 0
-6866.9 99.0 3.7 272 0 72.8 84.9 14.0 0.0 0 1 4 0 0
-6866.0 118.1 3.8 92 0 72.1 84.6 14.0 0.0 0 1 4 1 1
-6824.1 248.8 4.6 2 0 55.1 11.0 14.0 3.5 2 0 4 3 3
4282.5 5395.0 -17.7 150 0 65.7 125.3 12.5 0.0 0 1 5 5 5
1053.2 -7919.8 -18.0 267 0 15.9 19.3 10.5 3.5 2 1 3 4 4
-3631.2 2469.7 -2.0 300 0 20.0 12.9 17.5 3.5 2 0 5 3 3
