3940.3 -596.0 -7.3 187 0 76.1 12.8 12.5 2.5 2 0 5 0 0
3791.5 -474.8 -3.4 6 0 75.8 13.5 10.0 2.5 2 0 4 0 0
3779.2 -577.4 -4.5 6 0 75.8 13.5 7.5 0.0 0 0 3 5 5
3799.5 -375.8 3.9 280 0 12.0 49.9 10.0 0.0 0 1 4 4 4
3952.2 -492.1 -5.4 187 0 76.1 12.8 10.0 2.5 2 0 4 0 0
3707.0 -609.8 -3.4 96 0 13.5 75.8 12.5 2.5 2 1 5 0 0
3686.7 -528.5 -2.1 276 0 13.5 75.8 10.0 2.5 2 1 4 1 1
3821.9 -266.7 15.9 278 0 9.9 85.3 7.5 2.5 2 1 3 1 1
3758.1 -365.6 10.0 277 0 46.1 33.9 12.5 0.0 0 0 5 3 3
2060.8 -8979.6 -12.5 133 0 43.6 11.9 10.0 2.5 2 0 4 3 3
2075.4 -8931.5 -10.4 224 0 10.8 47.8 10.0 2.5 2 1 4 3 3
2014.2 -9000.8 -13.9 222 0 9.8 49.7 7.5 2.5 2 1 3 1 1
2020.5 -9059.6 -12.7 131 0 44.8 10.8 10.0 2.5 2 0 4 3 3
1999.3 -9085.6 -9.0 134 0 47.4 11.5 10.0 2.5 2 0 4 0 0
1949.6 -9075.5 -5.2 223 0 11.3 47.2 10.0 2.5 2 1 4 1 1
1905.4 -9117.3 -4.7 224 0 28.5 62.3 12.5 0.0 0 1 5 3 3
-233.6 -2958.7 -17.8 261 0 62.3 18.1 12.5 2.5 2 0 5 0 0
2465.6 -4892.8 -17.7 285 0 59.9 109.7 14.0 0.0 0 1 4 3 3
3381.3 -9004.6 -10.4 199 0 123.0 16.9 14.0 0.0 0 0 4 2 2
3478.1 -6781.8 -18.4 208 0 123.7 20.3 10.5 0.0 0 0 3 3 3
6199.8 2429.0 0.8 2 0 69.6 71.5 10.0 0.0 0 1 4 2 2
