1091.8 -7992.5 29.1 104 0 47.3 140.5 7.5 0.0 0 1 3 4 4
-1876.8 -10387.2 -26.6 55 0 39.9 28.4 12.5 0.0 0 0 5 2 2
-1856.2 -10326.0 -31.6 192 0 16.8 68.7 10.0 0.0 0 1 4 0 0
-1798.8 -10382.3 -22.9 208 0 36.4 8.2 7.5 2.5 2 0 3 2 2
-856.3 -11582.2 66.1 9 0 7.2 37.6 7.5 2.5 2 1 3 4 4
5774.0 -12513.7 -69.4 67 0 19.5 48.5 12.5 2.5 2 1 5 1 1
-946.3 -11647.1 63.3 106 0 10.1 80.0 12.5 2.5 2 1 5 3 3
5863.7 -12477.9 -74.1 67 0 60.8 49.5 10.0 0.0 0 0 4 4 4
5808.4 -12499.8 -72.9 68 0 38.9 47.7 7.5 0.0 0 1 3 4 4
6390.6 -6885.3 -45.4 5 0 23.4 17.4 10.0 2.5 2 0 4 4 4
6376.2 -6852.6 -56.1 184 0 49.8 9.7 7.5 2.5 2 0 3 5 5
6282.5 -6951.9 -58.0 279 0 6.4 25.5 2.5 2.5 2 1 1 5 5
6325.7 -6904.9 -61.1 9 0 44.8 53.6 12.5 0.0 0 1 5 4 4
6394.7 -6865.3 -47.0 6 0 9.1 19.6 5.0 2.5 2 0 2 0 0
6196.8 -10238.6 -87.9 141 0 37.0 20.9 12.5 0.0 0 0 5 4 4
523.5 -7967.5 42.1 263 0 17.5 51.2 10.0 2.5 2 1 4 5 5
-2288.9 -10426.7 -30.0 250 0 8.6 12.7 2.5 2.5 2 1 1 5 5
-2282.8 -10423.7 -29.6 213 0 7.3 16.2 5.0 2.5 2 1 2 2 2
-2269.2 -10410.6 -29.6 271 0 9.0 13.9 5.0 2.5 2 1 2 0 0
-2262.6 -10410.3 -28.9 253 0 9.6 16.0 2.5 2.5 2 1 1 1 1
-2246.9 -10410.7 -28.0 267 0 9.5 14.7 5.0 2.5 2 1 2 2 2
-2205.6 -10415.9 -25.7 359 0 16.3 11.7 7.5 2.5 2 0 3 5 5
-2193.2 -10391.7 -25.8 1 0 11.6 8.1 7.5 2.5 2 0 3 2 2
-2203.3 -10392.0 -26.6 355 0 12.1 9.2 7.5 2.5 2 0 3 2 2
-2227.9 -10387.0 -28.0 268 0 8.9 11.7 7.5 2.5 2 1 3 2 2
-2222.2 -10373.0 -28.3 180 0 6.5 8.8 5.0 2.5 2 1 2 0 0
-2192.5 -10373.5 -26.8 358 0 11.4 9.1 7.5 2.5 2 0 3 1 1
-2203.8 -10357.9 -28.7 4 0 15.2 9.7 7.5 2.5 2 0 3 1 1
-2193.2 -10339.5 -29.4 358 0 13.0 9.9 7.5 2.5 2 0 3 4 4
-2189.1 -10304.7 -34.1 175 0 12.7 8.2 7.5 2.5 2 0 3 5 5
-2189.8 -10315.0 -32.2 194 0 9.8 20.0 7.5 2.5 4 1 3 3 3
-2150.1 -10330.2 -31.9 145 0 10.3 14.1 10.0 2.5 2 1 4 0 0
-2133.9 -10298.3 -34.6 226 0 11.0 30.9 12.5 2.5 2 1 5 1 1
-2097.3 -10362.7 -29.2 70 0 18.4 16.0 12.5 2.5 2 0 5 5 5
-2142.5 -10337.6 -30.8 141 0 4.8 12.5 5.0 2.5 2 1 2 5 5
-2177.3 -10339.5 -30.1 179 0 11.3 8.3 7.5 2.5 4 0 3 0 0
-2188.1 -10339.9 -29.8 176 0 11.5 9.1 5.0 2.5 2 0 2 0 0
-2186.8 -10373.6 -25.8 179 0 12.4 9.6 7.5 2.5 4 0 3 5 5
-2164.2 -10360.9 -28.5 132 0 7.7 13.6 7.5 2.5 2 1 3 4 4
-2271.4 -10453.0 -27.9 99 0 7.9 11.7 7.5 2.5 2 1 3 1 1
-2210.2 -10444.8 -24.0 46 0 16.6 9.9 7.5 2.5 2 0 3 3 3
-2199.3 -10436.3 -23.3 49 0 6.2 5.8 7.5 0.0 0 0 3 3 3
-2177.4 -10580.0 -30.3 65 0 11.7 22.1 12.5 2.5 2 1 5 3 3
-2247.4 -10472.0 -26.0 254 0 16.9 23.0 12.5 2.5 4 1 5 2 2
-2162.4 -10443.5 -21.7 49 0 8.7 22.2 7.5 0.0 0 1 3 1 1
-2184.5 -10435.0 -21.7 224 0 11.8 21.8 10.0 0.0 0 1 4 2 2
-2191.6 -10444.9 -21.7 228 0 10.0 17.1 10.0 2.5 2 1 4 2 2
-2200.6 -10451.8 -22.0 228 0 10.8 14.3 10.0 0.0 0 1 4 5 5
-2244.4 -10504.8 -27.2 167 0 15.1 15.5 12.5 2.5 2 1 5 2 2
-2234.5 -10463.3 -23.8 252 0 7.4 11.1 7.5 2.5 2 1 3 4 4
-2218.4 -10462.5 -23.2 250 0 13.2 21.1 10.0 2.5 2 1 4 4 4
-2175.9 -10472.0 -21.2 343 0 12.8 16.9 12.5 2.5 2 1 5 0 0
-2188.1 -10508.1 -24.8 350 0 12.2 10.5 10.0 2.5 4 0 4 0 0
-2178.4 -10503.7 -23.6 349 0 15.3 9.5 7.5 2.5 2 0 3 1 1
-2175.0 -10485.9 -21.5 343 0 9.6 6.6 7.5 0.0 0 0 3 1 1
-2172.8 -10501.5 -22.8 351 0 10.0 5.3 7.5 2.5 2 0 3 4 4
-2192.4 -10499.4 -23.8 342 0 4.7 8.2 7.5 2.5 2 1 3 0 0
-2307.1 -10483.0 -29.0 71 0 9.0 13.4 7.5 2.5 2 1 3 5 5
-2327.1 -10487.5 -29.9 113 0 8.6 16.9 7.5 2.5 4 1 3 0 0
-2405.8 -10464.9 -28.0 227 0 10.7 10.8 12.5 0.0 0 1 5 2 2
-2452.7 -10490.5 -16.3 38 0 31.3 12.6 12.5 2.5 2 0 5 3 3
-2417.3 -10439.4 -26.3 317 0 9.6 37.0 7.5 2.5 2 1 3 5 5
-2426.9 -10429.6 -24.8 316 0 9.7 39.8 7.5 2.5 2 1 3 3 3
-2466.0 -10470.4 -13.9 44 0 28.1 9.1 7.5 0.0 0 0 3 3 3
-2483.0 -10568.8 -19.1 3 0 29.0 10.7 10.0 2.5 2 0 4 4 4
-2482.0 -10539.8 -16.3 9 0 22.7 7.7 7.5 2.5 2 0 3 3 3
-2432.2 -10501.5 -25.1 217 0 23.7 8.0 7.5 2.5 2 0 3 3 3
-2495.6 -10226.9 -26.2 262 0 7.7 5.3 7.5 2.5 2 0 3 2 2
-2459.5 -10224.5 -32.2 356 0 11.1 20.0 12.5 2.5 2 1 5 1 1
-2457.1 -10173.4 -32.7 18 0 8.4 13.4 7.5 0.0 0 1 3 4 4
-2447.3 -10132.9 -33.5 26 0 9.2 17.6 7.5 2.5 2 1 3 0 0
-2433.8 -10095.6 -34.3 26 0 11.0 11.9 7.5 2.5 2 1 3 2 2
-2430.8 -10081.8 -34.6 24 0 9.7 9.5 7.5 2.5 2 0 3 3 3
-2425.2 -10069.4 -34.9 24 0 10.3 13.5 7.5 0.0 0 1 3 0 0
-2420.7 -10058.4 -35.2 23 0 9.6 15.6 7.5 2.5 2 1 3 2 2
-2413.8 -10037.4 -35.7 55 0 10.3 11.3 12.5 2.5 2 1 5 5 5
-2397.6 -10006.2 -36.5 28 0 7.6 16.1 7.5 0.0 0 1 3 5 5
-2393.8 -9997.1 -36.7 29 0 9.4 14.7 7.5 0.0 0 1 3 4 4
-2391.5 -9984.2 -36.8 11 0 8.8 14.2 7.5 2.5 4 1 3 3 3
-2432.6 -9956.1 -32.1 101 0 13.1 17.2 10.0 2.5 2 1 4 4 4
-2428.3 -9922.5 -31.6 232 0 5.2 17.4 7.5 2.5 2 1 3 5 5
-2404.5 -9922.8 -33.2 332 0 12.3 17.4 10.0 2.5 2 1 4 2 2
-2401.0 -9934.1 -34.8 331 0 7.7 7.9 7.5 2.5 2 1 3 0 0
-2407.1 -9903.0 -29.7 7 0 9.2 10.4 7.5 2.5 2 1 3 1 1
-2392.7 -9882.0 -29.2 48 0 17.7 14.5 10.0 2.5 2 0 4 3 3
-2399.7 -9853.8 -27.1 222 0 12.2 12.8 10.0 2.5 2 1 4 4 4
-2387.6 -9824.8 -26.7 203 0 17.9 19.1 10.0 2.5 2 1 4 0 0
-2378.0 -9813.4 -26.7 224 0 7.5 19.1 7.5 2.5 2 1 3 0 0
-2370.7 -9806.7 -27.1 222 0 11.9 19.2 10.0 0.0 0 1 4 1 1
-2344.1 -9806.2 -27.4 42 0 7.2 12.2 7.5 2.5 2 1 3 2 2
-2316.3 -9779.6 -29.8 48 0 11.8 12.8 10.0 2.5 2 1 4 1 1
-2327.4 -9758.0 -28.9 223 0 8.1 12.1 7.5 0.0 0 1 3 1 1
-2298.7 -9779.2 -30.5 50 0 13.6 22.1 10.0 2.5 2 1 4 2 2
-2294.1 -9760.9 -29.5 41 0 13.1 13.8 10.0 2.5 2 1 4 2 2
-2286.7 -9767.0 -30.1 43 0 14.0 7.9 7.5 2.5 2 0 3 2 2
-2316.1 -9719.7 -26.6 314 0 9.0 6.8 7.5 2.5 4 0 3 0 0
-2380.9 -9690.5 -20.6 243 0 12.5 31.2 10.0 0.0 0 1 4 0 0
-2358.1 -9734.3 -22.6 66 0 8.5 13.7 7.5 0.0 0 1 3 3 3
-2271.7 -9696.1 -26.9 194 0 9.5 14.9 7.5 2.5 2 1 3 5 5
-2227.9 -9672.0 -26.4 183 0 9.8 14.4 7.5 0.0 0 1 3 3 3
-2194.9 -9713.7 -29.4 99 0 11.8 13.6 12.5 2.5 2 1 5 1 1
-2182.4 -9714.8 -29.7 97 0 9.2 13.0 7.5 2.5 2 1 3 1 1
-2174.5 -9715.1 -29.9 101 0 4.6 6.8 7.5 2.5 2 1 3 3 3
-2159.7 -9686.2 -28.7 3 0 10.8 11.2 10.0 2.5 4 1 4 4 4
-2247.5 -9673.8 -25.8 188 0 20.8 9.5 7.5 2.5 2 0 3 5 5
-2253.9 -9660.8 -25.1 186 0 11.6 7.3 7.5 2.5 4 0 3 1 1
-2244.6 -9644.4 -24.8 198 0 9.7 14.1 7.5 2.5 2 1 3 4 4
-2232.1 -9612.4 -24.5 186 0 8.4 11.3 7.5 2.5 2 1 3 4 4
-2231.4 -9605.3 -24.4 186 0 4.6 11.0 7.5 2.5 4 1 3 5 5
-2209.4 -9587.1 -24.7 276 0 7.7 9.8 7.5 2.5 2 1 3 2 2
-2008.3 -10322.7 -33.0 87 0 7.3 12.1 7.5 2.5 2 0 3 0 0
-1996.7 -10322.7 -33.1 102 0 8.2 11.6 7.5 2.5 2 1 3 3 3
-2051.3 -10256.9 -39.4 222 0 13.6 12.8 10.0 2.5 2 0 4 5 5
-2062.9 -10254.4 -39.5 304 0 7.5 7.0 7.5 2.5 2 0 3 0 0
-2077.8 -10233.9 -40.8 307 0 15.1 14.4 12.5 0.0 0 0 5 3 3
-2104.0 -10224.6 -41.4 349 0 8.9 12.6 7.5 2.5 2 1 3 0 0
-2138.5 -10209.0 -38.8 169 0 9.2 13.3 7.5 2.5 2 1 3 3 3
-2105.1 -10202.7 -36.4 349 0 8.5 15.8 7.5 2.5 2 1 3 0 0
-2119.0 -10195.9 -34.6 343 0 6.0 7.0 7.5 0.0 0 1 3 2 2
-2143.5 -10169.3 -29.5 178 0 9.0 13.0 7.5 2.5 2 1 3 4 4
-2144.5 -10159.3 -28.6 171 0 10.1 12.7 10.0 0.0 0 1 4 3 3
-2118.6 -10167.4 -27.6 337 0 5.3 7.9 7.5 2.5 4 1 3 4 4
-2146.8 -10147.8 -30.0 169 0 9.3 13.7 7.5 0.0 0 1 3 3 3
-2140.4 -9898.7 -33.3 309 0 8.7 15.0 5.0 2.5 2 1 2 5 5
-2134.1 -9950.5 -32.1 2 0 10.2 13.8 15.0 0.0 0 1 6 5 5
-2135.0 -9963.5 -31.6 356 0 5.0 12.6 7.5 2.5 2 1 3 3 3
-2148.7 -9982.3 -31.1 180 0 8.8 13.4 7.5 0.0 0 1 3 2 2
-2148.8 -9992.0 -30.9 180 0 8.9 16.4 7.5 2.5 2 1 3 0 0
-2145.5 -10012.3 -30.3 182 0 8.7 13.2 7.5 2.5 2 1 3 3 3
-2130.0 -10044.4 -31.2 17 0 8.5 16.5 7.5 0.0 0 1 3 0 0
-2124.5 -10053.4 -32.0 5 0 12.2 22.0 10.0 2.5 2 1 4 2 2
-2133.2 -10065.0 -32.8 358 0 11.9 13.7 15.0 0.0 0 1 6 1 1
-2126.5 -10077.5 -32.8 355 0 10.4 18.7 15.0 0.0 0 1 6 4 4
-2120.1 -10112.3 -31.1 351 0 17.0 17.6 10.0 0.0 0 1 4 3 3
