5822.8 4554.1 -37.0 179 0 40.9 60.6 5.0 0.0 0 1 2 0 0
243.5 4116.3 -18.5 270 0 24.6 45.2 10.0 0.0 0 1 4 1 1
-262.0 4467.2 2.2 271 0 51.6 64.1 10.0 0.0 0 1 4 3 3
199.1 4113.2 -18.2 269 0 20.4 44.0 10.0 2.5 2 1 4 4 4
-196.2 4439.2 -3.4 271 0 34.3 42.2 12.5 0.0 0 1 5 2 2
-20.1 4441.4 -9.0 240 0 48.5 77.3 12.5 0.0 0 1 5 4 4
348.3 4147.2 -21.2 246 0 60.1 57.7 10.0 0.0 0 0 4 2 2
-289.7 4271.8 6.5 180 0 53.9 53.6 10.0 0.0 0 0 4 5 5
-199.4 4189.8 6.9 91 0 31.9 47.9 12.5 0.0 0 1 5 2 2
161.3 4114.4 -17.9 269 0 21.7 45.3 10.0 2.5 2 1 4 0 0
-150.7 4209.1 8.3 92 0 32.1 48.2 7.5 0.0 0 1 3 5 5
282.4 4072.8 -19.4 89 0 25.7 41.5 10.0 0.0 0 1 4 3 3
-263.3 4323.6 6.0 91 0 55.6 65.3 10.0 0.0 0 1 4 2 2
-147.9 4320.3 -5.6 92 0 31.8 44.7 17.5 0.0 0 1 7 0 0
-100.5 4395.4 -6.8 359 0 45.5 30.9 10.0 0.0 0 0 4 4 4
-252.9 4161.9 4.9 73 0 55.7 72.7 10.0 0.0 0 1 4 5 5
856.2 6352.6 -22.9 113 0 34.3 14.9 10.0 2.5 2 0 4 5 5
6760.0 4663.0 -39.4 180 0 81.0 223.3 10.0 0.0 0 1 4 0 0
6760.4 4581.0 -38.8 180 0 67.2 271.6 10.0 0.0 0 1 4 4 4
5332.9 8999.8 -27.3 352 0 16.6 123.9 10.5 0.0 0 1 3 5 5
6285.0 12310.6 -41.2 28 0 125.8 16.4 15.0 0.0 0 0 6 3 3
3901.1 10960.4 -35.6 133 0 16.6 123.4 14.0 0.0 0 1 4 2 2
3727.7 9399.5 -37.0 2 0 125.3 16.2 21.0 0.0 0 0 6 1 1
6125.5 5167.9 -34.2 270 0 16.8 125.6 7.5 0.0 0 1 3 4 4
6281.4 2436.5 -27.2 87 0 17.1 121.2 15.0 0.0 0 1 6 2 2
-6890.7 -8973.1 0.8 253 0 23.1 19.2 12.5 2.5 2 0 5 1 1
-6866.9 -8958.5 1.5 218 0 32.5 18.1 7.5 2.5 2 0 3 5 5
-6831.0 -8936.4 1.5 32 0 30.9 16.1 12.5 2.5 2 0 5 1 1
-6813.9 -8902.5 1.0 26 0 31.8 17.2 12.5 2.5 4 0 5 4 4
-6801.1 -8866.3 0.5 19 0 32.2 16.6 10.0 2.5 2 0 4 2 2
-6807.5 -8829.0 0.0 200 0 21.8 14.6 7.5 2.5 2 0 3 5 5
-6785.5 -8806.4 -0.4 21 0 20.9 14.3 12.5 2.5 4 0 5 5 5
-6802.6 -8772.4 -1.9 39 0 13.2 18.6 5.0 2.5 2 1 2 5 5
-6788.2 -8760.0 -1.7 55 0 13.7 19.3 10.0 2.5 2 1 4 5 5
-6814.1 -8791.6 -2.0 37 0 13.7 19.3 7.5 2.5 4 1 3 1 1
-6839.5 -8801.8 -2.8 55 0 13.6 19.3 12.5 0.0 0 1 5 5 5
-6860.5 -8814.6 -3.2 45 0 15.8 19.7 12.5 2.5 2 1 5 0 0
-6845.8 -8827.5 -1.4 228 0 22.2 18.3 12.5 2.5 2 0 5 5 5
-6865.9 -8849.0 -1.5 222 0 22.4 16.6 10.0 2.5 2 0 4 5 5
-6888.7 -8872.7 -1.7 223 0 23.1 17.4 10.0 2.5 2 0 4 0 0
-6846.0 -8891.0 -0.5 21 0 30.6 15.5 10.0 2.5 2 0 4 2 2
-6865.8 -8925.3 -0.1 33 0 30.8 15.3 5.0 0.0 0 0 2 3 3
-6909.6 -8898.6 -1.7 221 0 22.7 15.9 7.5 2.5 2 0 3 0 0
-6917.7 -8917.7 -2.0 295 0 17.1 23.3 7.5 0.0 0 1 3 4 4
-6895.1 -8953.2 -0.6 76 0 23.3 15.5 10.0 2.5 2 0 4 2 2
-6889.4 -8847.7 -3.3 44 0 16.6 19.5 10.0 2.5 2 1 4 5 5
-6875.1 -8831.5 -3.2 44 0 16.6 19.5 10.0 2.5 2 1 4 1 1
-309.2 4484.8 7.3 3 0 72.5 62.8 12.5 0.0 0 0 5 0 0
476.2 4582.9 -0.7 314 0 34.0 8.0 7.5 2.5 2 0 3 2 2
412.1 4480.7 -7.1 312 0 25.8 77.5 10.0 0.0 0 1 4 2 2
329.6 4451.4 1.5 132 0 26.5 76.8 12.5 0.0 0 1 5 5 5
-404.8 4231.5 33.2 178 0 92.5 18.9 12.5 0.0 0 0 5 3 3
702.9 4240.3 -13.6 54 0 85.5 91.8 12.5 0.0 0 1 5 1 1
301.0 4479.5 6.0 132 0 34.8 74.4 10.0 0.0 0 1 4 1 1
436.6 4496.7 -6.7 44 0 17.5 54.5 7.5 2.5 2 1 3 1 1
-389.2 4110.2 32.1 88 0 21.8 68.9 12.5 2.5 4 1 5 4 4
488.1 4456.0 -9.1 142 0 65.3 75.5 12.5 0.0 0 1 5 2 2
387.5 4541.7 -3.4 44 0 19.3 50.0 10.0 2.5 2 1 4 4 4
-409.8 4317.8 24.6 178 0 59.1 15.7 10.0 2.5 2 0 4 4 4
-312.6 4239.0 14.3 358 0 63.5 60.6 10.0 0.0 0 0 4 2 2
-311.4 4168.0 14.5 359 0 69.6 56.6 12.5 0.0 0 0 5 1 1
304.0 4620.7 -3.0 224 0 18.9 54.9 12.5 2.5 2 1 5 2 2
265.2 4510.2 6.2 137 0 22.4 77.4 12.5 0.0 0 1 5 3 3
343.4 4661.6 -6.1 224 0 24.5 123.3 10.0 0.0 0 1 4 2 2
236.8 4544.7 6.4 136 0 24.5 71.7 10.0 0.0 0 1 4 5 5
-307.8 4391.3 9.7 3 0 67.5 66.9 12.5 0.0 0 0 5 2 2
515.8 4538.8 -2.4 44 0 8.7 33.3 7.5 0.0 0 1 3 0 0
709.8 4382.1 -12.2 360 0 101.9 20.8 12.5 0.0 0 0 5 3 3
-900.6 6243.4 -24.7 274 0 98.7 18.2 12.5 0.0 0 0 5 0 0
6335.2 6324.4 -33.8 98 0 12.0 16.8 7.5 2.5 2 1 3 1 1
3534.0 9799.2 -38.3 179 0 68.0 16.6 17.5 3.5 4 0 5 1 1
3332.8 9424.8 -32.8 89 0 33.0 68.1 14.0 0.0 0 1 4 5 5
3177.8 9483.3 -38.0 95 0 11.0 50.9 14.0 3.5 2 1 4 5 5
3186.3 9604.4 -37.9 274 0 8.9 66.4 10.5 3.5 2 1 3 5 5
3190.4 9644.8 -36.1 264 0 9.0 35.1 10.5 3.5 2 1 3 3 3
3147.4 9496.0 -38.3 93 0 13.8 74.4 14.0 0.0 0 1 4 4 4
3151.6 9644.3 -36.1 270 0 13.2 68.3 14.0 3.5 2 1 4 2 2
3111.5 9490.4 -37.3 94 0 10.8 81.0 14.0 3.5 2 1 4 0 0
3119.3 9644.9 -35.0 272 0 9.7 68.8 10.5 3.5 2 1 3 3 3
3328.1 9671.3 -34.3 92 0 33.2 87.0 21.0 0.0 0 1 6 0 0
3386.3 9670.8 -32.1 87 0 32.9 35.3 21.0 0.0 0 1 6 2 2
3456.5 9685.0 -33.5 91 0 33.8 50.2 21.0 0.0 0 1 6 4 4
3544.0 9674.0 -35.0 91 0 16.9 77.8 17.5 3.5 2 1 5 0 0
3577.8 9665.5 -32.9 89 0 15.8 51.3 17.5 3.5 2 1 5 3 3
3570.0 9740.4 -34.9 183 0 22.7 16.3 17.5 3.5 2 0 5 2 2
3608.5 9669.9 -31.3 88 0 15.0 47.4 17.5 3.5 2 1 5 5 5
3616.3 9737.2 -33.1 0 0 22.0 15.0 17.5 3.5 2 0 5 5 5
3597.9 9834.9 -38.7 270 0 29.7 71.3 17.5 0.0 0 1 5 5 5
3667.5 9753.0 -32.6 90 0 29.7 35.4 17.5 0.0 0 0 5 2 2
3676.8 9805.2 -34.2 358 0 33.7 18.0 17.5 0.0 0 0 5 4 4
3679.8 9903.9 -37.5 271 0 11.0 55.1 17.5 3.5 2 0 5 3 3
3383.5 9175.0 -27.2 176 0 34.6 21.6 12.5 0.0 0 0 5 5 5
1243.2 4595.1 -25.7 230 0 206.9 43.5 7.5 0.0 0 0 3 2 2
3991.9 10307.4 -40.1 181 0 50.4 120.6 17.5 0.0 0 1 5 0 0
5824.5 4452.3 -36.3 179 0 103.2 58.2 15.0 0.0 0 0 6 5 5
5785.3 4430.9 -36.6 88 0 38.4 118.6 10.0 0.0 0 1 4 1 1
5754.3 4628.9 -36.3 180 0 40.4 35.3 10.0 0.0 0 0 4 3 3
5806.4 4659.5 -38.3 179 0 104.7 75.4 7.5 0.0 0 0 3 0 0
6753.7 636.8 -32.5 68 0 27.5 29.6 12.5 0.0 0 1 5 4 4
4544.9 8727.7 -32.9 184 0 311.2 46.4 17.5 0.0 0 0 5 4 4
6251.8 7053.4 -32.0 165 0 95.5 101.1 10.0 0.0 0 1 4 2 2
-3898.8 -1203.3 9.2 92 0 166.3 60.2 12.5 0.0 0 0 5 4 4
-3780.6 -975.4 13.3 2 0 238.5 198.9 10.0 0.0 0 0 4 1 1
-4007.6 -1085.3 17.9 91 0 29.9 211.4 10.0 0.0 0 1 4 5 5
-3754.0 -998.2 5.8 182 0 281.6 99.3 10.0 0.0 0 0 4 0 0
-3742.5 -774.1 3.3 183 0 74.6 94.2 15.0 0.0 0 1 6 5 5
5571.5 8746.0 -22.9 331 0 99.6 23.5 35.0 0.0 0 0 10 3 3
-1377.0 -11821.0 -25.3 72 0 36.7 17.0 15.0 0.0 0 0 6 5 5
-1225.6 -11446.4 -35.1 106 0 38.1 17.4 7.5 2.5 2 0 3 2 2
-2852.5 -1579.9 -2.3 348 0 18.9 19.1 7.5 2.5 2 1 3 5 5
-2791.7 -1543.1 -4.1 84 0 18.7 17.2 10.0 2.5 2 0 4 3 3
-6398.9 11557.4 -12.5 198 0 14.7 39.4 7.5 2.5 2 1 3 0 0
6415.4 7550.7 -29.1 74 0 104.4 43.2 7.5 0.0 0 0 3 1 1
5083.7 11761.0 -36.9 74 0 120.9 16.2 14.0 0.0 0 0 4 0 0
6108.7 8427.9 -30.3 155 0 121.0 16.4 14.0 0.0 0 0 4 0 0
6470.9 7218.0 -32.8 102 0 18.7 125.0 10.0 0.0 0 1 4 2 2
-6876.3 -9595.0 -20.0 197 0 104.4 39.6 7.5 0.0 0 0 3 3 3
1387.6 5842.9 -25.9 187 0 5.0 6.8 7.5 2.5 2 0 3 0 0
1466.7 5849.9 -27.1 347 0 5.3 10.3 5.0 2.5 2 0 2 0 0
1494.1 5814.8 -27.2 326 0 66.9 25.5 7.5 0.0 0 0 3 1 1
-6889.4 -8704.3 -1.2 210 0 17.6 23.5 7.5 2.5 2 1 3 4 4
-6912.0 -8745.4 -4.2 142 0 23.8 21.0 12.5 2.5 2 0 5 1 1
-6885.5 -8686.6 2.0 187 0 16.0 17.3 12.5 2.5 2 1 5 3 3
-6915.2 -8687.1 3.4 153 0 19.0 14.0 10.0 2.5 2 0 4 3 3
-6886.6 -8672.3 5.2 154 0 23.9 19.0 12.5 2.5 2 0 5 2 2
-6921.0 -8602.3 12.3 240 0 13.0 22.4 15.0 0.0 0 1 6 5 5
-6885.8 -9208.3 -5.7 330 0 15.7 13.0 5.0 2.5 2 0 2 5 5
-6912.2 -9176.1 -2.9 217 0 16.5 14.8 5.0 2.5 2 0 2 5 5
-6893.9 -9124.8 0.9 17 0 27.4 19.3 10.0 2.5 2 0 4 4 4
-6910.9 -9069.5 2.5 143 0 22.2 20.6 10.0 2.5 2 0 4 3 3
-6842.4 -9825.6 -12.0 195 0 94.7 17.0 17.5 2.5 2 0 7 4 4
-6770.2 -9706.6 -14.0 267 0 29.3 29.0 15.0 2.5 2 0 6 5 5
-6681.2 -9657.7 -22.6 100 0 21.8 58.9 10.0 0.0 0 1 4 5 5
-6678.2 -9670.5 -22.0 99 0 40.9 125.6 12.5 0.0 0 1 5 1 1
-6731.7 -9710.8 -14.8 284 0 40.6 20.9 10.0 0.0 0 0 4 3 3
-6719.1 -9705.8 -16.3 102 0 18.7 16.6 15.0 0.0 0 0 6 5 5
-6782.0 -9690.2 -15.9 177 0 16.0 51.8 10.0 2.5 4 1 4 0 0
-6787.5 -9687.3 -15.2 353 0 25.4 33.8 10.0 0.0 0 1 4 3 3
-6546.0 -9870.7 -14.5 187 0 74.6 10.2 10.0 2.5 2 0 4 4 4
-6534.9 -9782.2 -18.8 185 0 70.5 9.4 7.5 2.5 2 0 3 3 3
-6567.6 -9738.7 -19.4 77 0 42.7 12.6 10.0 2.5 2 0 4 2 2
-6577.0 -9881.7 -12.5 2 0 75.1 9.7 7.5 2.5 2 0 3 0 0
-6640.3 -9945.3 -10.0 181 0 50.0 8.9 7.5 2.5 4 0 3 5 5
-6684.9 -9961.3 -10.4 179 0 72.2 9.5 7.5 2.5 2 0 3 2 2
-6726.9 -9970.3 -9.4 180 0 69.0 8.0 7.5 2.5 2 0 3 1 1
-6766.4 -9930.6 -8.0 270 0 10.1 68.9 10.0 2.5 4 1 4 3 3
-6807.4 -9966.7 -5.8 349 0 68.3 5.9 7.5 2.5 2 0 3 3 3
-6807.1 -9875.6 -8.9 16 0 67.0 8.7 7.5 2.5 2 0 3 1 1
-6788.5 -9809.7 -10.4 16 0 44.6 9.1 7.5 2.5 2 0 3 2 2
-6759.4 -9879.5 -7.1 1 0 51.4 8.7 7.5 2.5 2 0 3 0 0
-6717.7 -9881.4 -7.0 359 0 52.5 9.1 7.5 0.0 0 0 3 5 5
-6728.8 -9803.2 -11.1 345 0 70.5 8.5 7.5 2.5 2 0 3 2 2
-6674.4 -9871.7 -8.8 359 0 49.8 9.3 7.5 2.5 2 0 3 4 4
-6695.4 -9795.7 -13.0 165 0 74.7 7.4 7.5 2.5 2 0 3 5 5
-6634.2 -9836.7 -10.8 269 0 8.3 51.6 7.5 2.5 2 1 3 2 2
-6636.2 -9821.1 -13.8 75 0 8.6 50.4 7.5 2.5 2 1 3 0 0
-6582.8 -9784.9 -16.7 345 0 76.3 9.3 7.5 2.5 2 0 3 3 3
-6754.9 -10136.2 -12.9 121 0 30.7 44.9 12.5 0.0 0 1 5 2 2
6308.4 4842.5 -36.0 0 0 128.1 35.3 12.5 0.0 0 0 5 1 1
2459.5 -3976.5 -26.0 129 0 120.1 75.1 12.5 0.0 0 0 5 0 0
6380.3 1125.4 -37.9 250 0 43.1 30.8 10.0 0.0 0 0 4 3 3
6160.5 1390.1 -32.7 340 0 35.6 12.6 10.0 2.5 2 0 4 0 0
