-4922.0 -6217.9 -20.4 86 0 72.5 81.9 14.0 0.0 0 1 4 5 5
-1792.1 -7465.5 0.4 215 0 45.8 42.0 17.5 0.0 0 0 5 0 0
6922.5 -4752.1 -15.5 100 0 22.8 6.0 10.5 3.5 2 0 3 1 1
6923.5 -4746.2 -15.6 100 0 22.8 22.8 17.5 3.5 2 0 5 2 2
4982.0 -12307.6 -26.5 215 0 223.8 128.2 17.5 0.0 0 0 5 3 3
2998.9 -9656.2 -9.3 27 0 20.6 29.0 10.0 2.5 2 1 4 5 5
6770.5 -4053.1 -17.3 91 0 17.7 32.0 17.5 0.0 0 1 5 3 3
-6262.8 -8717.3 -24.3 5 0 33.8 26.3 10.0 0.0 0 0 4 2 2
-5767.1 -8910.7 -22.8 158 0 28.5 26.1 7.5 0.0 0 0 3 5 5
-6270.1 -8786.9 -24.8 5 0 38.2 26.3 7.5 0.0 0 0 3 3 3
-5771.4 -8847.2 -22.1 321 0 28.3 26.1 10.0 0.0 0 0 4 4 4
-3778.2 -373.1 -4.6 253 0 31.9 26.7 15.0 0.0 0 0 6 0 0
-3716.1 -604.0 -11.2 74 0 50.1 71.2 12.5 0.0 0 0 5 3 3
-6084.9 -11937.4 -31.1 360 0 227.3 24.0 10.0 0.0 0 0 4 0 0
-6267.1 -11956.5 -31.5 180 0 193.0 23.9 7.5 0.0 0 0 3 2 2
-6176.2 -11842.4 -31.5 270 0 23.7 209.9 10.0 0.0 0 1 4 2 2
-2051.9 11681.2 -24.3 276 0 48.9 15.2 7.5 2.5 2 0 3 2 2
1711.8 11634.4 -25.8 202 0 16.8 17.2 14.0 3.5 2 1 4 0 0
1701.6 11594.4 -26.5 112 0 17.6 18.0 14.0 3.5 2 1 4 3 3
1738.8 11695.0 -24.7 203 0 25.8 16.2 14.0 3.5 2 0 4 4 4
1724.5 11666.3 -25.0 200 0 16.3 17.7 14.0 3.5 2 1 4 0 0
1751.4 11601.4 -27.0 112 0 47.4 20.7 14.0 3.5 2 0 4 5 5
1757.6 11570.9 -28.1 112 0 67.1 18.6 14.0 3.5 2 0 4 4 4
-1654.6 217.5 -0.6 17 0 77.0 15.0 10.0 2.5 2 0 4 3 3
-1712.7 196.6 -2.0 14 0 91.2 31.6 17.5 0.0 0 0 5 3 3
2175.5 -12661.0 -23.5 241 0 30.8 29.1 17.5 0.0 0 0 5 0 0
1710.7 -12220.2 -19.8 348 0 43.6 96.5 14.0 0.0 0 1 4 1 1
1720.8 -12280.3 -19.7 344 0 39.3 12.7 14.0 3.5 2 0 4 4 4
2331.1 -10968.0 -9.3 270 0 94.4 126.2 17.5 0.0 0 1 5 2 2
2872.5 -11882.1 -12.4 201 0 12.2 46.9 17.5 3.5 2 1 5 4 4
609.0 -12420.5 -16.3 347 0 11.8 42.9 17.5 3.5 4 1 5 3 3
1600.2 -12661.9 -15.9 252 0 11.8 37.7 7.5 2.5 2 1 3 5 5
1590.8 -12732.5 -16.6 72 0 9.6 65.1 7.5 2.5 2 1 3 3 3
1870.2 -12792.0 -18.4 83 0 30.0 10.0 17.5 3.5 2 0 5 0 0
1908.7 -12786.4 -18.4 3 0 19.1 8.8 10.5 3.5 4 0 3 1 1
1898.4 -12805.6 -19.0 93 0 19.8 7.6 10.5 3.5 2 0 3 2 2
2604.6 -10438.3 -14.4 283 0 122.3 31.8 10.0 0.0 0 0 4 4 4
2335.0 -10340.0 -16.7 276 0 108.1 72.5 7.5 0.0 0 0 3 1 1
2373.4 -11248.6 -12.0 13 0 118.7 28.5 17.5 0.0 0 0 5 2 2
2205.7 -11160.6 -11.7 190 0 83.3 65.8 17.5 0.0 0 0 5 3 3
2324.2 -11984.7 -24.7 261 0 21.5 59.6 14.0 0.0 0 1 4 5 5
2638.2 -12289.0 -4.4 225 0 16.7 41.3 17.5 3.5 2 1 5 3 3
2722.7 -12387.1 -8.9 158 0 22.6 62.5 17.5 0.0 0 1 5 0 0
2905.3 -12107.1 -4.1 11 0 14.5 29.8 17.5 0.0 0 1 5 0 0
2835.3 -12091.7 -5.6 190 0 11.2 38.9 17.5 3.5 2 1 5 5 5
2929.3 -12135.2 -1.1 331 0 33.9 20.0 17.5 0.0 0 0 5 4 4
2971.3 -12170.5 -0.8 345 0 30.4 26.8 17.5 0.0 0 0 5 1 1
2976.7 -12238.2 -3.3 72 0 41.6 37.7 17.5 0.0 0 0 5 5 5
3091.5 -12187.9 -5.2 355 0 67.6 32.2 17.5 0.0 0 0 5 1 1
3696.1 -11777.8 -8.5 297 0 85.3 40.6 12.5 0.0 0 0 5 2 2
3311.4 -12584.9 -12.3 106 0 53.0 14.4 17.5 3.5 2 0 5 4 4
2939.2 -12416.5 -12.6 339 0 31.5 13.6 17.5 3.5 2 0 5 0 0
2858.8 -12480.2 -13.9 340 0 35.5 16.2 17.5 3.5 2 0 5 4 4
2801.9 -12449.1 -12.9 249 0 31.1 26.1 17.5 0.0 0 0 5 3 3
2886.2 -12501.1 -14.5 250 0 19.5 9.4 10.5 3.5 2 0 3 0 0
2917.8 -12520.9 -15.9 340 0 61.5 10.5 17.5 0.0 0 0 5 1 1
2998.9 -12554.2 -16.4 165 0 34.8 8.1 10.5 3.5 4 0 3 0 0
2993.8 -12555.2 -16.5 345 0 34.4 8.5 10.5 3.5 4 0 3 3 3
2978.7 -12578.0 -16.5 75 0 16.3 34.9 17.5 3.5 2 1 5 0 0
2956.6 -12583.4 -16.5 75 0 15.2 31.8 17.5 3.5 2 1 5 5 5
2933.4 -12590.4 -16.3 75 0 9.7 31.2 10.5 3.5 4 1 3 1 1
2911.7 -12596.1 -16.1 75 0 10.5 33.3 17.5 3.5 2 1 5 3 3
2890.8 -12602.1 -15.9 75 0 10.2 36.2 17.5 3.5 2 1 5 5 5
2866.7 -12607.8 -15.9 75 0 9.1 45.1 10.5 3.5 2 1 3 2 2
2846.3 -12613.1 -16.0 75 0 12.6 44.9 17.5 3.5 2 1 5 4 4
2807.1 -12530.1 -14.5 175 0 16.6 48.0 17.5 3.5 2 1 5 5 5
2895.0 -12547.9 -15.7 355 0 22.2 81.2 17.5 0.0 0 1 5 2 2
2805.8 -12624.0 -16.2 75 0 52.0 29.4 17.5 0.0 0 0 5 3 3
2806.7 -12682.1 -15.4 73 0 29.5 23.4 17.5 0.0 0 0 5 3 3
1356.6 -12806.5 -19.7 63 0 24.4 30.1 10.0 0.0 0 1 4 3 3
-163.5 -10944.8 -16.5 59 0 161.0 22.3 17.5 0.0 0 0 5 1 1
381.2 -12659.3 -22.7 43 0 16.1 82.0 17.5 3.5 2 1 5 3 3
257.9 -12562.8 -22.6 235 0 39.4 42.9 17.5 0.0 0 1 5 4 4
-69.2 -12323.7 -16.5 164 0 41.9 13.6 17.5 3.5 2 0 5 1 1
-56.1 -12370.2 -15.0 164 0 42.1 13.2 17.5 3.5 2 0 5 3 3
-38.5 -12432.1 -19.5 163 0 71.4 18.2 17.5 3.5 2 0 5 1 1
2169.1 -12552.1 -22.6 167 0 21.3 55.6 10.0 2.5 2 1 4 4 4
2073.9 -12587.2 -20.8 80 0 16.1 42.8 17.5 3.5 2 1 5 4 4
2078.0 -12493.4 -21.2 342 0 45.8 9.1 10.5 3.5 4 0 3 5 5
2044.4 -12485.5 -21.2 253 0 10.4 37.9 17.5 0.0 0 1 5 1 1
2017.4 -12487.4 -20.9 252 0 10.0 40.3 17.5 3.5 2 1 5 0 0
1950.2 -12548.1 -20.2 72 0 14.9 43.4 14.0 3.5 2 1 4 2 2
1978.5 -12744.1 -18.8 283 0 38.3 51.5 17.5 0.0 0 1 5 3 3
-3411.5 -1939.9 3.9 308 0 93.3 99.3 17.5 0.0 0 1 5 2 2
-3988.3 8947.1 -13.8 272 0 30.1 53.9 7.5 0.0 0 1 3 4 4
-4004.9 8854.4 -13.4 182 0 51.7 29.8 10.0 0.0 0 0 4 2 2
1575.2 8647.3 -23.5 341 0 21.1 62.1 14.0 3.5 2 0 4 0 0
1528.7 8655.7 -23.2 249 0 42.9 13.1 14.0 3.5 2 0 4 2 2
1615.3 8550.8 -24.7 339 0 79.0 125.3 10.5 0.0 0 1 3 5 5
-6159.0 285.2 -23.3 51 0 29.9 40.3 21.0 0.0 0 1 6 2 2
-6210.1 372.1 -24.4 270 0 58.2 27.1 21.0 3.5 2 0 6 4 4
-6167.9 423.7 -24.2 89 0 48.6 23.9 17.5 3.5 2 0 5 4 4
-5445.0 -2671.2 -13.0 265 0 24.6 20.5 14.0 3.5 2 0 4 5 5
-5791.2 -666.1 -6.1 270 0 70.9 84.0 10.5 0.0 0 1 3 3 3
-5891.9 847.5 -21.0 270 0 261.7 516.1 10.5 0.0 0 1 3 1 1
-5468.6 -3221.6 -5.5 271 0 41.9 71.8 17.5 0.0 0 1 5 3 3
-5759.8 -57.6 -12.1 360 0 158.9 119.0 14.0 0.0 0 0 4 4 4
-5239.8 -502.0 -14.5 270 0 95.9 132.0 10.5 0.0 0 1 3 3 3
-5689.6 -348.6 -9.4 271 0 38.4 44.2 10.5 0.0 0 1 3 2 2
-5688.5 -407.3 -9.2 270 0 52.8 72.0 14.0 0.0 0 1 4 2 2
-5435.6 117.3 -17.7 270 0 66.6 95.7 14.0 0.0 0 1 4 4 4
-5472.6 -2547.9 -17.2 175 0 30.9 38.5 14.0 0.0 0 1 4 4 4
-5464.4 -2616.4 -15.0 173 0 29.6 25.0 17.5 0.0 0 0 5 3 3
-6063.2 110.7 -16.2 318 0 84.9 132.0 10.5 0.0 0 0 3 3 3
-6153.8 -22.3 -10.5 50 0 45.3 84.0 10.5 0.0 0 0 3 2 2
-6209.9 144.4 -19.1 229 0 176.3 78.4 10.5 0.0 0 0 3 1 1
-5312.6 -819.6 -9.1 360 0 299.6 154.1 14.0 0.0 0 0 4 5 5
4152.2 -12652.4 -12.1 354 0 57.3 19.3 10.0 2.5 2 0 4 1 1
4142.8 -12585.4 -12.3 351 0 58.2 19.2 7.5 2.5 2 0 3 4 4
4082.8 -12764.2 -13.0 15 0 14.4 58.9 17.5 3.5 2 1 5 3 3
4046.9 -12786.5 -14.0 103 0 57.6 14.5 17.5 3.5 4 0 5 1 1
4221.9 -12591.2 -15.5 178 0 42.7 13.6 17.5 0.0 0 0 5 3 3
4254.3 -12571.5 -16.3 268 0 11.3 40.9 17.5 3.5 2 1 5 0 0
3328.6 -12801.4 -7.1 17 0 24.7 56.8 14.0 3.5 2 1 4 2 2
32.7 -8729.2 -10.9 56 0 24.0 78.8 17.5 0.0 0 1 5 5 5
68.1 -8706.8 -10.5 56 0 13.0 58.4 17.5 3.5 2 1 5 3 3
51.8 -8641.5 -10.9 56 0 12.3 31.7 17.5 3.5 2 1 5 5 5
99.1 -8685.1 -10.8 56 0 13.0 37.5 17.5 3.5 2 1 5 3 3
99.0 -8609.0 -7.3 55 0 12.6 32.4 17.5 3.5 2 1 5 3 3
128.0 -8664.3 -6.1 56 0 13.5 35.7 17.5 3.5 2 1 5 5 5
158.3 -8644.1 -1.9 56 0 12.8 57.2 17.5 3.5 2 1 5 5 5
188.1 -8624.4 1.2 57 0 12.5 57.1 17.5 3.5 2 1 5 1 1
-549.1 -8594.8 -6.8 218 0 47.8 97.3 12.5 0.0 0 1 5 3 3
-130.8 -9493.4 -11.2 55 0 19.2 67.8 17.5 3.5 2 1 5 0 0
-169.4 -9374.7 -8.2 237 0 19.0 37.5 17.5 0.0 0 1 5 1 1
-99.9 -9472.4 -10.6 56 0 19.1 68.6 17.5 3.5 2 1 5 4 4
-67.4 -9450.9 -9.6 56 0 20.9 69.0 17.5 3.5 2 1 5 4 4
-132.7 -9351.3 -7.6 236 0 20.8 37.5 17.5 0.0 0 1 5 2 2
-189.0 -9039.7 -10.9 146 0 48.2 79.4 14.0 0.0 0 1 4 0 0
-3649.4 -11511.7 -28.1 182 0 61.7 13.4 7.5 2.5 2 0 3 3 3
-3615.2 -11482.1 -28.1 272 0 13.4 61.7 7.5 2.5 2 1 3 0 0
-3591.9 -11483.1 -28.2 272 0 13.4 61.7 7.5 2.5 2 1 3 4 4
-3566.5 -11484.0 -28.3 272 0 13.5 61.7 10.0 2.5 4 1 4 3 3
-3542.2 -11484.5 -28.3 272 0 13.5 61.7 12.5 2.5 2 1 5 0 0
-3516.5 -11484.8 -28.4 272 0 13.5 61.7 10.0 0.0 0 1 4 5 5
-4118.6 -10219.1 -25.9 151 0 35.8 17.0 10.0 2.5 2 0 4 1 1
-4071.1 -10231.2 -25.9 61 0 17.2 52.4 7.5 2.5 2 1 3 3 3
-4004.6 -10144.3 -25.6 331 0 20.3 66.2 7.5 2.5 2 1 3 5 5
-6504.6 -8038.7 -21.2 4 0 24.9 10.2 7.5 2.5 2 0 3 1 1
-6502.8 -8007.0 -20.9 4 0 19.0 9.7 7.5 2.5 2 0 3 0 0
-6501.0 -7985.2 -20.7 4 0 18.5 9.4 5.0 0.0 0 0 2 3 3
6813.9 -2924.4 -17.8 334 0 21.0 24.1 14.0 0.0 0 1 4 2 2
6906.8 -2990.2 -18.2 268 0 13.7 18.2 17.5 3.5 2 1 5 2 2
6821.0 -1282.1 -12.9 40 0 162.8 173.0 17.5 0.0 0 1 5 4 4
6805.9 -513.9 -8.0 222 0 156.5 135.9 14.0 0.0 0 0 4 5 5
6621.2 -9410.4 0.3 0 0 56.3 36.9 12.5 0.0 0 0 5 3 3
6584.1 -9243.6 11.3 182 0 32.9 42.9 10.0 0.0 0 1 4 5 5
