-66.6 -8888.4 -114.9 180 0 92.9 70.6 10.0 0.0 0 0 4 3 3
6857.2 -7717.2 -112.9 146 0 15.2 7.4 7.5 2.5 2 0 3 2 2
6790.0 -7757.3 -116.6 333 0 18.1 12.5 7.5 0.0 0 0 3 3 3
5221.0 -5731.2 -113.0 332 0 18.0 21.7 10.0 2.5 2 1 4 5 5
4765.5 -4941.4 -111.1 323 0 16.3 22.6 10.0 2.5 2 1 4 5 5
3288.5 -3552.8 -108.9 37 0 15.1 15.7 7.5 2.5 2 1 3 4 4
3419.5 -3116.4 -113.0 215 0 65.4 21.6 10.0 2.5 2 0 4 5 5
4869.8 -11994.7 -117.0 312 0 134.2 96.3 10.0 0.0 0 0 4 5 5
-172.9 -7719.1 -106.9 109 0 39.5 67.3 7.5 0.0 0 1 3 3 3
2562.0 -6699.6 107.9 99 0 22.3 15.8 10.0 2.5 2 0 4 1 1
766.2 -5128.7 -100.0 88 0 15.2 39.9 14.0 3.5 2 0 4 1 1
806.2 -5079.8 -100.7 266 0 12.0 51.8 14.0 3.5 2 1 4 2 2
782.7 -5079.1 -100.1 266 0 25.5 23.3 14.0 3.5 2 0 4 1 1
844.1 -5136.6 -101.2 352 0 37.2 14.6 14.0 3.5 2 0 4 0 0
747.4 -5221.8 -99.7 13 0 47.7 21.9 14.0 3.5 2 0 4 4 4
734.4 -5101.1 -99.7 210 0 47.2 20.0 14.0 3.5 2 0 4 5 5
673.5 -5329.5 -100.3 109 0 14.6 39.5 14.0 0.0 0 1 4 4 4
697.6 -5337.9 -100.5 108 0 13.9 39.6 14.0 3.5 4 1 4 0 0
821.3 -5310.9 -100.7 337 0 7.0 43.2 10.5 3.5 4 1 3 5 5
837.9 -5241.8 -100.7 250 0 15.2 39.0 14.0 3.5 2 1 4 2 2
709.4 -5223.4 -99.5 110 0 12.0 44.3 14.0 3.5 2 1 4 0 0
1371.1 -4808.4 -107.6 38 0 9.5 22.6 10.5 0.0 0 1 3 0 0
1441.6 -4882.8 -109.6 310 0 12.3 40.1 7.5 2.5 2 1 3 4 4
6499.1 -7123.1 -112.3 337 0 122.8 35.6 10.0 0.0 0 0 4 3 3
-779.9 -2999.2 -112.7 90 0 122.0 26.0 10.0 0.0 0 0 4 4 4
-5532.4 1839.7 -85.4 62 0 22.8 19.9 10.0 2.5 2 0 4 4 4
-5555.8 1822.6 -84.1 62 0 25.8 28.0 12.5 0.0 0 1 5 1 1
-5620.2 1676.2 -77.0 242 0 26.2 28.0 12.5 0.0 0 1 5 0 0
-5643.9 1657.6 -70.4 241 0 22.8 20.2 10.0 2.5 2 0 4 4 4
-4081.4 -10311.9 -103.9 248 0 9.2 38.9 7.5 2.5 2 1 3 0 0
-4048.6 -10299.3 -103.4 249 0 11.3 38.7 12.5 2.5 2 1 5 1 1
