-221.1 -7673.3 20.1 293 0 126.7 76.2 5.0 0.0 0 0 2 2 2
-665.0 -7859.2 16.8 17 0 118.3 126.3 12.5 0.0 0 1 5 2 2
-859.6 -7833.5 15.8 194 0 105.7 39.7 7.5 0.0 0 0 3 2 2
4133.1 -12506.3 -21.4 270 0 70.7 138.8 14.0 0.0 0 1 4 4 4
4289.2 -10529.4 -9.7 92 0 20.4 13.4 10.0 2.5 2 0 4 5 5
4344.4 -10829.1 -16.0 69 0 31.4 13.9 7.5 2.5 2 0 3 2 2
4542.1 -10826.1 -17.8 91 0 21.8 13.5 12.5 2.5 2 0 5 4 4
4491.0 -10504.0 -15.8 75 0 30.0 14.0 12.5 2.5 2 0 5 0 0
-603.4 8548.3 -4.1 323 0 118.9 141.0 12.5 0.0 0 1 5 4 4
6888.7 -3525.1 -8.1 360 0 17.2 190.7 10.5 0.0 0 1 3 1 1
5884.0 -2652.4 -2.8 349 0 190.2 40.9 10.5 0.0 0 0 3 0 0
5233.4 562.6 -18.1 83 0 17.3 189.8 14.0 0.0 0 1 4 1 1
5194.0 -3624.4 -0.7 88 0 15.4 144.1 10.5 0.0 0 1 3 5 5
5180.7 -3397.9 -1.0 178 0 144.1 15.5 10.5 0.0 0 0 3 3 3
5175.3 -3243.9 2.0 178 0 144.1 15.5 10.5 0.0 0 0 3 3 3
5205.4 -3729.6 -1.9 358 0 144.1 15.5 14.0 0.0 0 0 4 4 4
5025.4 -3187.9 -1.7 269 0 15.1 97.7 14.0 3.5 2 1 4 1 1
4889.2 -3140.3 -4.8 269 0 15.7 127.2 14.0 0.0 0 1 4 5 5
4967.1 -3059.7 -3.1 270 0 19.6 83.4 10.5 0.0 0 1 3 3 3
4881.0 -3102.4 -5.7 116 0 78.1 19.3 14.0 3.5 4 0 4 5 5
4915.0 -3021.6 -5.1 269 0 126.7 19.7 14.0 0.0 0 0 4 5 5
4760.1 -3022.7 -6.5 269 0 126.7 19.7 10.5 0.0 0 0 3 3 3
4728.9 -3096.0 -6.8 96 0 46.7 18.7 14.0 3.5 2 0 4 3 3
4798.5 -3091.5 -6.8 83 0 46.7 18.7 14.0 3.5 2 0 4 0 0
4945.7 -3608.8 -3.5 33 0 19.3 39.9 5.0 0.0 0 1 2 0 0
4891.9 -3621.5 -3.7 122 0 35.0 15.2 7.5 2.5 2 0 3 2 2
4852.2 -3590.8 -3.4 123 0 35.3 11.9 10.0 2.5 2 0 4 1 1
4823.6 -3533.2 -2.9 271 0 9.1 24.9 10.5 0.0 0 1 3 3 3
6520.4 -5691.4 -19.3 180 0 66.6 12.1 14.0 3.5 4 0 4 5 5
6537.6 -5566.0 -17.5 280 0 17.0 80.2 14.0 3.5 2 1 4 1 1
6545.6 -5535.2 -17.4 103 0 13.5 57.8 14.0 3.5 2 0 4 2 2
6499.1 -5370.5 -12.8 121 0 118.8 26.6 14.0 0.0 0 0 4 5 5
6524.9 -5288.6 -10.4 275 0 106.2 21.2 14.0 0.0 0 0 4 4 4
6613.4 -5304.4 -13.9 288 0 19.2 107.5 14.0 0.0 0 1 4 2 2
6272.5 -5410.5 -12.8 297 0 107.9 19.6 14.0 0.0 0 0 4 3 3
6202.5 -5507.7 -17.2 154 0 130.1 17.8 14.0 0.0 0 0 4 4 4
6289.3 -5280.7 -5.0 292 0 104.8 23.0 14.0 0.0 0 0 4 4 4
6393.6 -5302.4 -6.3 263 0 74.8 21.2 14.0 0.0 0 0 4 2 2
5517.3 -3851.9 4.3 360 0 6.2 7.2 7.5 2.5 2 1 3 3 3
5080.6 -3068.3 2.5 180 0 17.8 46.8 14.0 3.5 2 1 4 5 5
5130.6 -3104.8 1.3 90 0 100.6 18.3 14.0 0.0 0 0 4 4 4
5070.8 -3082.4 1.0 180 0 44.8 5.9 10.5 3.5 2 0 3 2 2
5062.2 -3011.8 0.6 270 0 21.9 47.6 14.0 3.5 2 1 4 2 2
5038.2 -3013.2 -0.1 270 0 21.9 46.0 14.0 3.5 2 1 4 5 5
5143.7 -2820.3 5.6 88 0 68.1 92.6 14.0 0.0 0 1 4 3 3
5961.9 -8490.7 -21.7 181 0 61.7 135.3 14.0 0.0 0 1 4 2 2
6254.5 -8516.3 -29.7 182 0 37.8 81.1 14.0 0.0 0 1 4 2 2
6256.2 -8459.9 -31.9 181 0 48.5 82.8 14.0 0.0 0 1 4 2 2
6206.6 -8404.9 -33.3 180 0 17.5 60.2 14.0 3.5 4 1 4 1 1
6266.8 -8409.7 -33.2 180 0 26.5 20.5 14.0 0.0 0 0 4 0 0
6286.9 -8404.4 -33.4 181 0 25.4 30.6 14.0 0.0 0 1 4 5 5
4654.2 -10578.1 -15.7 265 0 10.7 42.8 10.5 3.5 2 1 3 1 1
4641.2 -10568.8 -15.5 82 0 10.7 43.8 10.0 2.5 2 1 4 2 2
4705.5 -10717.9 -16.6 264 0 16.5 24.5 10.5 3.5 2 1 3 0 0
6327.6 -3025.1 -1.6 90 0 161.8 98.7 14.0 0.0 0 0 4 5 5
6355.5 -2737.8 -8.5 268 0 144.1 164.4 14.0 0.0 0 1 4 4 4
6675.5 215.5 8.8 180 0 22.0 49.8 10.5 3.5 2 1 3 5 5
6675.8 245.4 7.3 180 0 22.0 49.9 10.5 3.5 2 1 3 1 1
6675.1 277.0 5.8 181 0 21.5 49.9 10.5 3.5 2 1 3 1 1
6779.0 213.4 7.4 1 0 22.1 40.7 10.5 0.0 0 1 3 1 1
6779.8 244.4 6.6 0 0 22.1 41.3 10.5 0.0 0 1 3 5 5
6758.7 285.9 6.1 271 0 41.6 21.9 10.5 0.0 0 0 3 3 3
6745.1 170.1 10.8 89 0 18.9 23.4 10.5 3.5 2 1 3 2 2
6670.6 332.4 3.0 181 0 50.1 18.3 10.5 3.5 2 0 3 5 5
6793.3 133.1 5.5 238 0 13.4 35.3 14.0 3.5 2 1 4 4 4
6831.9 51.0 3.5 91 0 11.2 41.9 14.0 3.5 2 1 4 4 4
6859.5 99.3 -0.2 271 0 21.3 82.5 14.0 0.0 0 1 4 4 4
6890.9 98.6 -3.8 271 0 21.5 82.2 14.0 0.0 0 1 4 2 2
6922.7 97.0 -4.2 272 0 20.5 81.5 14.0 0.0 0 1 4 0 0
6923.7 119.7 -4.0 92 0 21.7 82.8 10.5 0.0 0 1 3 1 1
6892.1 120.7 -4.4 92 0 21.5 82.8 10.5 0.0 0 1 3 2 2
6859.8 121.1 -2.8 92 0 21.9 82.9 10.5 0.0 0 1 3 1 1
6829.1 143.1 0.9 91 0 20.5 61.6 10.5 3.5 2 1 3 2 2
6795.0 249.5 1.9 181 0 70.2 21.0 10.5 3.5 2 0 3 1 1
6837.4 406.6 -4.3 271 0 22.3 104.5 10.5 0.0 0 1 3 2 2
6827.5 253.3 -1.3 181 0 64.0 16.4 10.5 3.5 2 0 3 0 0
6875.0 252.3 -4.8 1 0 64.6 21.9 10.5 3.5 2 0 3 5 5
6868.5 405.4 -5.3 272 0 23.0 104.3 10.5 0.0 0 1 3 4 4
6904.9 250.8 -5.5 2 0 62.9 20.7 10.5 3.5 2 0 3 1 1
6908.8 351.8 -5.3 2 0 104.0 21.7 10.5 0.0 0 0 3 2 2
6918.3 351.3 -2.6 182 0 104.2 23.0 10.5 0.0 0 0 3 0 0
-328.6 4724.6 8.0 60 0 38.9 26.1 10.5 0.0 0 0 3 0 0
4331.6 -12474.8 -21.8 0 0 218.0 121.8 14.0 0.0 0 0 4 4 4
5174.1 -10902.1 -21.0 90 0 185.5 145.9 14.0 0.0 0 0 4 2 2
5370.7 -10895.2 -20.5 90 0 145.3 139.8 14.0 0.0 0 0 4 5 5
4956.6 -10504.8 -18.0 360 0 112.4 171.7 14.0 0.0 0 1 4 1 1
4938.1 -10334.9 -17.7 270 0 38.6 83.9 14.0 0.0 0 1 4 5 5
