-882.6 10774.8 -12.4 108 0 39.4 18.9 10.0 2.5 2 0 4 2 2
-2330.5 7076.8 -5.1 69 0 12.1 16.1 5.0 0.0 0 1 2 5 5
-2746.3 7009.2 -5.3 94 0 9.7 8.1 7.5 2.5 2 0 3 0 0
-51.3 -3229.8 -3.1 262 0 54.1 17.2 12.5 2.5 2 0 5 1 1
687.0 508.9 -3.0 359 0 81.8 22.5 12.5 0.0 0 0 5 2 2
1652.8 -11638.7 -13.4 244 0 11.7 29.9 10.0 2.5 2 1 4 0 0
5926.0 11492.0 -15.4 257 0 16.4 44.6 14.0 0.0 0 1 4 0 0
6101.4 11484.5 -18.1 82 0 7.1 54.0 10.5 3.5 2 0 3 5 5
6050.0 10632.6 -20.8 90 0 50.3 60.9 17.5 0.0 0 1 5 4 4
6105.7 10631.4 -20.8 91 0 48.9 64.1 17.5 0.0 0 1 5 1 1
6002.2 10633.7 -20.3 91 0 30.3 60.4 17.5 0.0 0 1 5 2 2
5971.6 10634.1 -20.0 91 0 30.2 60.6 17.5 0.0 0 1 5 2 2
6051.4 11585.5 -15.9 268 0 17.8 40.2 14.0 3.5 2 1 4 4 4
6026.6 11586.5 -14.8 270 0 18.7 44.9 14.0 3.5 2 1 4 1 1
5991.4 11563.9 -13.3 179 0 46.0 17.2 14.0 3.5 2 0 4 5 5
5964.3 11559.0 -12.1 175 0 48.5 19.0 14.0 3.5 2 0 4 2 2
5958.2 11551.9 -11.4 359 0 51.7 18.9 14.0 3.5 2 0 4 1 1
5929.5 11577.2 -10.0 270 0 18.9 51.4 14.0 3.5 2 1 4 5 5
6100.5 11580.7 -15.9 268 0 16.2 34.4 14.0 3.5 2 1 4 5 5
6078.0 11585.2 -16.4 269 0 16.5 39.0 14.0 3.5 2 1 4 2 2
5975.2 11389.0 -20.0 79 0 23.4 43.4 14.0 0.0 0 1 4 4 4
5993.4 11452.7 -18.4 259 0 23.5 58.0 14.0 3.5 2 1 4 3 3
6022.6 11459.3 -19.6 260 0 23.7 52.2 14.0 3.5 2 1 4 2 2
6073.5 11470.5 -18.2 266 0 14.9 39.2 14.0 3.5 2 1 4 0 0
6128.1 11458.9 -15.9 180 0 40.2 11.0 14.0 3.5 2 0 4 0 0
6125.9 11511.8 -16.4 178 0 46.0 9.7 10.5 3.5 2 0 3 5 5
6120.3 11511.5 -18.1 357 0 46.9 15.8 14.0 3.5 2 0 4 3 3
5951.8 11440.3 -16.6 77 0 9.3 35.3 10.5 3.5 2 1 3 2 2
5971.5 11506.1 -17.5 258 0 27.2 49.0 14.0 0.0 0 1 4 0 0
6031.5 11519.9 -20.0 258 0 30.1 47.9 14.0 0.0 0 1 4 0 0
6094.9 11477.1 -17.2 267 0 15.5 43.7 14.0 3.5 2 1 4 2 2
6122.5 11458.6 -17.5 358 0 39.8 15.6 14.0 3.5 2 0 4 1 1
5927.9 11502.9 -11.6 77 0 24.5 13.9 14.0 3.5 2 0 4 5 5
5897.7 11573.1 -4.9 261 0 6.6 14.2 10.5 3.5 2 1 3 2 2
5906.8 11552.3 -6.8 182 0 6.8 12.2 10.5 3.5 4 1 3 1 1
5861.1 11620.8 -4.2 145 0 74.2 25.6 17.5 0.0 0 0 5 5 5
5824.9 11673.7 -7.4 144 0 30.1 47.8 17.5 0.0 0 1 5 3 3
6308.9 10579.8 -19.8 360 0 73.0 43.1 17.5 0.0 0 0 5 4 4
6117.3 10597.1 -19.5 270 0 19.0 29.3 17.5 3.5 4 1 5 5 5
6260.4 10606.4 -19.7 271 0 11.7 43.7 17.5 3.5 2 0 5 3 3
6189.8 10639.5 -20.3 90 0 5.4 16.5 10.5 3.5 2 0 3 4 4
6189.8 10682.2 -20.8 270 0 5.5 7.7 10.5 3.5 2 0 3 0 0
-6904.9 4339.2 -12.9 0 0 229.4 165.8 14.0 0.0 0 0 4 0 0
-6591.1 4392.7 -11.5 1 0 100.5 230.7 14.0 0.0 0 0 4 0 0
-6821.8 4447.5 -12.9 0 0 206.0 83.2 14.0 0.0 0 0 4 5 5
5938.8 11436.6 -20.4 258 0 17.6 64.9 14.0 3.5 2 1 4 1 1
2382.9 8083.0 -9.3 351 0 61.5 19.4 10.0 2.5 2 0 4 4 4
-695.3 6924.1 -5.7 88 0 29.9 17.7 17.5 3.5 2 0 5 0 0
6663.4 10582.2 -18.5 224 0 223.7 60.8 17.5 0.0 0 0 5 2 2
6880.5 10645.4 -18.8 314 0 58.9 223.8 17.5 0.0 0 1 5 4 4
-2647.3 6605.9 -7.6 359 0 72.9 59.0 7.5 0.0 0 0 3 4 4
-2752.6 6639.2 -7.6 269 0 59.0 72.8 10.0 0.0 0 1 4 1 1
-2572.8 6391.9 -7.9 89 0 8.9 131.7 7.5 0.0 0 1 3 3 3
2157.5 10649.4 -16.5 0 0 150.6 125.1 14.0 0.0 0 0 4 1 1
-4062.6 8395.1 -1.3 202 0 46.8 146.2 10.0 0.0 0 1 4 0 0
-3876.8 8372.2 -0.5 293 0 107.5 28.2 10.0 0.0 0 0 4 2 2
