-1573.3 11761.0 -89.2 281 0 98.4 16.1 20.0 0.0 0 0 8 5 5
-1799.0 12036.5 -85.9 300 0 40.9 36.5 5.0 0.0 0 0 2 4 4
-1789.3 11595.8 -85.6 12 0 13.9 20.3 7.5 2.5 2 0 3 3 3
-1729.4 11643.1 -86.9 282 0 10.4 48.9 7.5 2.5 2 1 3 3 3
-2066.4 11938.6 -88.8 357 0 79.1 16.8 12.5 2.5 4 0 5 0 0
-1806.4 11674.3 -87.1 160 0 13.1 27.0 10.0 2.5 2 0 4 1 1
-1786.5 11610.6 -85.9 10 0 15.9 20.3 7.5 2.5 2 0 3 4 4
-1951.2 11720.2 -86.6 0 0 17.1 25.8 7.5 2.5 4 1 3 2 2
-1946.6 11744.6 -87.0 1 0 22.0 30.4 10.0 0.0 0 1 4 4 4
-1962.9 11863.3 -88.2 102 0 13.9 16.0 5.0 2.5 2 1 2 3 3
-1754.1 11656.7 -87.0 15 0 19.7 10.4 10.0 2.5 2 0 4 5 5
-1773.0 11691.3 -87.4 224 0 10.9 19.6 2.5 2.5 2 1 1 3 3
-1830.8 12044.4 -85.5 300 0 10.8 14.5 5.0 2.5 2 1 2 0 0
-1796.6 11658.4 -86.9 159 0 22.8 19.4 7.5 2.5 2 0 3 1 1
-1822.5 11702.7 -87.5 70 0 38.1 21.9 10.0 0.0 0 0 4 2 2
-1749.3 11726.4 -88.1 203 0 8.3 13.3 5.0 2.5 2 1 2 4 4
-1862.9 11864.1 -87.8 67 0 19.9 31.5 10.0 0.0 0 1 4 1 1
-1836.7 11566.6 -84.7 13 0 8.7 30.1 5.0 2.5 2 1 2 2 2
550.3 5234.8 -85.0 182 0 20.9 62.1 7.5 2.5 2 1 3 3 3
5467.7 3933.9 -86.9 1 0 46.7 19.7 10.0 2.5 2 0 4 5 5
5884.3 4466.2 -90.8 104 0 21.1 45.1 10.0 2.5 2 1 4 3 3
2695.8 -10213.4 -93.3 289 0 78.1 67.0 10.5 0.0 0 0 3 0 0
-4821.6 -9623.9 -68.5 151 0 14.9 56.1 12.5 2.5 2 1 5 0 0
6923.4 -12004.3 -116.6 208 0 122.1 17.6 14.0 0.0 0 0 4 5 5
6393.0 11740.8 -94.4 63 0 122.0 17.3 14.0 0.0 0 0 4 4 4
3914.8 10927.5 -91.0 161 0 16.7 123.3 12.5 0.0 0 1 5 1 1
-5728.2 -7588.1 -74.1 294 0 54.9 18.5 10.0 0.0 0 0 4 5 5
2454.4 8801.0 -89.8 226 0 44.2 62.0 12.5 0.0 0 1 5 1 1
5173.4 -5837.1 -96.4 343 0 6.8 20.3 5.0 2.5 4 1 2 2 2
5175.3 -5826.1 -96.8 342 0 11.8 45.8 7.5 2.5 2 1 3 4 4
1778.0 3792.4 -88.6 97 0 56.7 10.1 14.0 3.5 2 0 4 0 0
1713.2 3802.1 -88.9 97 0 59.8 10.2 14.0 3.5 2 0 4 4 4
1644.9 3829.2 -88.8 277 0 65.2 14.9 14.0 0.0 0 0 4 3 3
1544.1 3830.7 -88.0 187 0 15.1 62.6 14.0 3.5 2 1 4 0 0
995.9 3711.5 -83.2 96 0 25.9 75.0 14.0 0.0 0 1 4 1 1
954.2 3807.0 -80.3 177 0 16.0 16.8 14.0 3.5 2 1 4 0 0
971.2 3825.6 -79.6 173 0 14.8 12.6 14.0 3.5 2 0 4 3 3
953.0 3824.0 -79.7 176 0 15.1 16.1 14.0 3.5 2 1 4 0 0
1000.7 3836.6 -80.5 262 0 29.4 10.0 10.5 3.5 2 0 3 5 5
990.1 3867.2 -80.2 263 0 35.4 27.9 14.0 0.0 0 0 4 1 1
1025.1 3870.6 -81.2 264 0 12.8 31.4 14.0 3.5 2 1 4 3 3
1034.9 3806.1 -81.6 358 0 51.6 14.0 14.0 0.0 0 0 4 5 5
1032.0 3741.2 -83.0 6 0 65.1 12.7 14.0 3.5 2 0 4 2 2
949.1 3920.6 -77.8 169 0 11.0 11.9 14.0 3.5 2 1 4 4 4
950.4 3894.0 -78.5 176 0 39.8 21.1 14.0 0.0 0 0 4 5 5
1026.9 3883.7 -80.6 68 0 8.6 33.4 10.5 3.5 2 1 3 2 2
940.6 3874.8 -78.1 358 0 19.5 9.0 10.5 3.5 2 0 3 3 3
996.3 3910.2 -79.6 79 0 16.3 33.5 14.0 0.0 0 1 4 3 3
1150.4 3743.1 -84.2 17 0 49.6 17.2 14.0 3.5 2 0 4 3 3
1275.1 4066.2 -84.7 79 0 10.6 56.6 14.0 3.5 2 1 4 1 1
1282.4 4136.2 -85.0 234 0 8.8 52.1 10.5 3.5 2 1 3 3 3
1308.4 4153.4 -85.1 235 0 21.7 26.8 14.0 0.0 0 1 4 4 4
1333.8 4173.0 -85.5 235 0 11.8 56.7 14.0 3.5 2 1 4 1 1
1354.2 4187.1 -85.6 235 0 10.1 54.5 14.0 3.5 2 1 4 3 3
1372.3 4107.4 -85.7 54 0 78.3 14.7 14.0 3.5 2 0 4 1 1
1429.7 3908.0 -86.1 81 0 16.9 69.7 10.5 3.5 4 1 3 4 4
1406.5 4050.6 -86.2 261 0 16.8 69.7 10.5 3.5 2 1 3 4 4
1322.0 4031.0 -85.8 171 0 12.4 70.2 10.5 3.5 2 1 3 5 5
1301.3 4011.3 -85.2 171 0 45.8 18.3 10.5 3.5 2 0 3 1 1
1309.1 3963.3 -85.2 171 0 40.8 18.3 10.5 3.5 2 0 3 0 0
-2791.6 3637.6 -86.9 46 0 69.4 29.5 12.5 0.0 0 0 5 2 2
-2740.8 3631.8 -87.6 178 0 26.7 13.7 10.0 2.5 2 0 4 3 3
-2806.0 3611.4 -85.8 225 0 12.3 12.8 12.5 2.5 4 1 5 2 2
-2791.9 3519.1 -80.6 178 0 36.8 36.8 12.5 0.0 0 0 5 4 4
-2749.9 3600.6 -85.4 176 0 21.8 13.8 10.0 2.5 2 0 4 2 2
-2773.9 3671.2 -86.0 142 0 18.0 27.9 10.0 2.5 2 1 4 0 0
-3414.0 3746.6 -70.9 52 0 15.5 13.1 5.0 0.0 0 0 2 2 2
-2625.9 2964.0 -67.1 181 0 41.8 16.2 12.5 2.5 2 0 5 5 5
6573.7 2105.5 -90.9 317 0 123.1 35.5 12.5 0.0 0 0 5 2 2
-1885.1 11416.1 -82.3 282 0 122.7 36.0 10.0 0.0 0 0 4 4 4
-1538.1 11417.3 -85.2 12 0 39.9 7.1 7.5 2.5 2 0 3 4 4
-1710.1 12012.9 -86.2 337 0 57.6 49.0 12.5 0.0 0 0 5 5 5
-3957.1 5006.4 98.3 72 0 20.0 40.8 10.0 2.5 2 1 4 3 3
-3929.3 4990.5 97.3 151 0 16.9 34.5 10.0 2.5 2 1 4 1 1
-3947.4 5105.4 97.7 346 0 30.2 28.4 10.0 0.0 0 0 4 3 3
-3891.1 4945.1 96.1 61 0 22.8 18.9 12.5 2.5 2 0 5 4 4
-3893.6 5001.7 94.8 158 0 20.3 14.4 10.0 0.0 0 0 4 3 3
6706.5 -12180.0 -111.9 121 0 112.0 179.2 14.0 0.0 0 1 4 2 2
6760.4 -8426.8 -108.1 14 0 30.6 214.2 14.0 0.0 0 1 4 2 2
6622.2 -8558.0 -104.5 285 0 141.2 30.7 10.5 0.0 0 0 3 4 4
6922.7 -8656.5 -103.7 14 0 87.8 167.0 10.5 0.0 0 1 3 4 4
6839.1 -8499.9 -106.1 194 0 175.3 272.4 14.0 0.0 0 1 4 3 3
6906.5 -8096.4 -105.2 192 0 73.9 86.0 10.0 0.0 0 1 4 3 3
-100.2 -7774.8 -99.0 179 0 194.3 437.5 10.0 0.0 0 1 4 2 2
-1474.0 11843.2 -86.1 102 0 23.0 71.0 15.0 0.0 0 1 6 1 1
-1624.0 11774.3 -88.8 191 0 17.2 3.2 2.5 2.5 2 0 1 5 5
-1636.4 11857.1 -87.0 12 0 29.3 14.2 10.0 2.5 2 0 4 1 1
-1968.1 11901.0 -88.1 360 0 31.2 21.7 12.5 0.0 0 0 5 4 4
-1952.3 11977.8 -87.0 270 0 19.9 52.3 10.0 2.5 2 1 4 3 3
