6063.2 -9958.9 -48.7 264 0 16.2 37.4 17.5 3.5 2 1 5 1 1
6168.3 -10135.6 -59.0 355 0 45.2 26.6 17.5 0.0 0 0 5 1 1
6142.1 -9949.9 -57.0 265 0 26.6 45.2 17.5 0.0 0 1 5 5 5
-3838.3 -6675.6 46.7 305 0 13.5 11.0 5.0 0.0 0 0 2 4 4
-3821.6 -6686.6 48.2 314 0 21.5 10.8 7.5 2.5 2 0 3 4 4
-3859.2 -6816.2 58.0 359 0 23.2 7.0 5.0 2.5 2 0 2 2 2
-5905.7 -3026.6 -11.1 292 0 19.9 11.4 7.5 2.5 2 0 3 5 5
-5917.5 -3026.7 -11.3 23 0 11.3 18.8 5.0 2.5 2 1 2 4 4
-5905.8 -3000.1 -11.2 351 0 13.0 23.9 5.0 2.5 2 1 2 3 3
-5893.0 -3021.1 -10.9 129 0 16.8 10.1 5.0 2.5 2 0 2 4 4
6435.1 -9993.4 -72.2 97 0 113.7 35.4 7.0 0.0 0 0 2 3 3
6391.5 -9949.5 -63.2 96 0 32.4 106.3 63.0 0.0 0 1 18 2 2
6471.4 -9953.9 -72.1 94 0 36.4 72.4 63.0 0.0 0 1 18 1 1
6595.9 -9951.7 -74.0 5 0 39.0 30.5 63.0 0.0 0 0 18 1 1
6580.1 -9886.5 -73.3 7 0 84.6 28.2 66.5 0.0 0 0 19 4 4
