5175.1 3680.2 5.3 184 0 63.7 17.2 7.5 2.5 2 0 3 0 0
-1072.4 3530.2 -4.0 341 0 21.2 23.5 12.5 2.5 2 1 5 1 1
-4262.8 8993.0 -4.9 16 0 37.2 16.9 10.0 2.5 2 0 4 0 0
-2098.1 10229.9 0.1 0 0 20.8 24.0 10.0 0.0 0 1 4 2 2
-2097.4 10199.6 -1.3 0 0 20.8 24.0 12.5 0.0 0 1 5 3 3
-2097.1 10169.1 -2.7 0 0 20.8 24.0 10.0 0.0 0 1 4 2 2
-2096.7 10138.9 -2.6 0 0 20.8 24.0 10.0 0.0 0 1 4 0 0
-2089.9 10200.3 -2.4 180 0 19.8 24.0 12.5 0.0 0 1 5 1 1
-2089.9 10169.8 -3.7 180 0 19.8 24.0 12.5 0.0 0 1 5 4 4
6218.8 -3987.6 -12.9 97 0 32.5 16.3 12.5 2.5 2 0 5 5 5
