6900.0 -8947.6 -173.7 302 0 30.4 19.0 14.0 3.5 2 0 4 2 2
6923.2 -8978.6 -171.1 105 0 23.1 18.7 14.0 3.5 2 0 4 4 4
6851.2 -8954.3 -176.8 34 0 13.9 19.8 10.5 3.5 2 1 3 2 2
6863.9 -8938.2 -176.5 37 0 16.1 19.4 10.5 3.5 2 1 3 0 0
6878.0 -8920.0 -176.0 39 0 14.7 17.9 10.5 3.5 2 1 3 2 2
6891.8 -8902.7 -175.7 40 0 15.4 19.3 10.5 3.5 2 1 3 4 4
6907.3 -8886.1 -175.3 43 0 15.3 20.9 10.5 0.0 0 1 3 1 1
6924.4 -8857.0 -174.4 314 0 19.5 16.6 10.5 3.5 2 0 3 3 3
6924.7 -8841.9 -174.0 224 0 16.6 19.5 10.5 3.5 2 1 3 4 4
6516.9 -8312.5 -172.4 196 0 28.1 64.9 14.0 0.0 0 1 4 4 4
6624.4 -8328.0 -167.3 48 0 61.2 31.0 14.0 0.0 0 0 4 4 4
6739.6 -9763.7 -180.4 58 0 12.5 9.9 10.5 3.5 2 0 3 5 5
6869.3 -9868.4 -171.9 196 0 17.9 9.0 10.5 3.5 2 0 3 5 5
6780.7 -9887.1 -171.5 54 0 14.0 13.6 14.0 3.5 2 0 4 4 4
6810.1 -9777.6 -174.5 57 0 10.2 19.1 10.5 0.0 0 1 3 0 0
6675.0 -9890.4 -181.0 50 0 22.7 9.7 10.5 3.5 2 0 3 4 4
6917.4 -9824.7 -177.5 11 0 20.8 10.4 10.5 3.5 2 0 3 5 5
6857.5 -9828.2 -170.2 58 0 7.9 18.5 10.5 3.5 2 1 3 5 5
6830.8 -9656.8 -177.5 191 0 8.4 19.9 10.5 3.5 2 1 3 2 2
6616.1 -9895.4 -182.6 46 0 11.9 11.2 10.5 3.5 4 0 3 0 0
6872.4 -9845.8 -173.5 195 0 9.1 18.6 10.5 3.5 2 1 3 1 1
6762.0 -9902.5 -173.6 51 0 12.9 10.1 14.0 3.5 2 0 4 2 2
6907.4 -9694.3 -178.4 341 0 20.0 9.5 10.5 0.0 0 0 3 5 5
6669.6 -9843.8 -181.3 139 0 9.9 16.3 10.5 3.5 2 1 3 2 2
6753.1 -9964.7 -177.9 103 0 14.8 9.6 10.5 3.5 2 0 3 2 2
6898.9 -9882.6 -174.6 34 0 19.2 10.1 10.5 3.5 2 0 3 2 2
6868.9 -9699.6 -176.0 163 0 9.5 20.1 10.5 3.5 2 1 3 0 0
6720.3 -9861.1 -175.6 220 0 11.4 19.8 14.0 3.5 2 1 4 1 1
6773.4 -9739.8 -178.7 56 0 12.2 8.7 10.5 3.5 2 0 3 1 1
6684.5 -9861.5 -179.4 136 0 16.9 11.2 10.5 3.5 2 0 3 4 4
6778.4 -9970.6 -177.3 89 0 14.3 12.0 10.5 3.5 2 0 3 5 5
6847.6 -9852.0 -168.7 60 0 8.7 20.0 10.5 3.5 4 1 3 3 3
6815.6 -9703.8 -176.2 192 0 10.6 18.7 14.0 3.5 2 1 4 0 0
6910.6 -9852.8 -176.3 19 0 19.8 9.3 10.5 3.5 2 0 3 1 1
6866.0 -9677.1 -175.8 171 0 9.3 19.0 10.5 3.5 2 1 3 5 5
6719.6 -9842.6 -178.6 45 0 9.5 19.1 10.5 3.5 4 1 3 5 5
6803.6 -9966.4 -175.3 73 0 14.4 11.3 10.5 3.5 2 0 3 0 0
6657.2 -9825.3 -181.4 47 0 12.3 10.8 10.5 3.5 2 0 3 0 0
6854.1 -9695.0 -175.1 17 0 9.9 17.5 10.5 3.5 2 1 3 5 5
6879.5 -9816.1 -174.9 181 0 10.4 17.8 10.5 3.5 2 1 3 4 4
6901.0 -9667.6 -177.9 349 0 19.3 8.7 10.5 3.5 4 0 3 1 1
6692.8 -9816.1 -180.6 229 0 18.7 9.6 10.5 3.5 2 0 3 3 3
6800.4 -9872.3 -169.5 58 0 14.7 11.7 14.0 3.5 2 0 4 3 3
6852.2 -9715.3 -173.5 10 0 21.6 8.3 10.5 3.5 2 0 3 3 3
6736.0 -9826.9 -177.8 47 0 11.1 16.5 10.5 3.5 2 1 3 2 2
6898.2 -9639.7 -178.3 9 0 13.4 12.4 10.5 3.5 2 0 3 1 1
6785.5 -9813.3 -172.8 235 0 11.4 17.5 14.0 3.5 4 1 4 2 2
6844.4 -9743.9 -172.6 23 0 19.8 10.3 14.0 3.5 2 0 4 2 2
6762.5 -9808.7 -176.7 55 0 9.7 17.6 10.5 3.5 2 1 3 5 5
6592.9 -9911.4 -183.2 132 0 10.9 12.1 10.5 3.5 2 1 3 2 2
6880.5 -9768.2 -176.2 173 0 9.3 21.2 10.5 3.5 4 1 3 4 4
6814.9 -9790.7 -171.5 234 0 11.3 21.2 14.0 3.5 2 1 4 4 4
6798.5 -9658.4 -180.2 194 0 13.5 11.7 10.5 3.5 4 0 3 0 0
6704.2 -9788.0 -182.2 52 0 9.1 11.8 10.5 3.5 2 1 3 0 0
6812.6 -9740.3 -175.5 115 0 19.8 11.0 14.0 0.0 0 0 4 1 1
6647.0 -9893.2 -182.3 40 0 9.4 20.1 10.5 3.5 2 1 3 1 1
6921.8 -9767.6 -178.8 359 0 16.8 9.6 10.5 3.5 2 0 3 4 4
6683.1 -9951.3 -181.8 96 0 12.8 10.9 10.5 3.5 2 0 3 0 0
6844.5 -9630.9 -179.0 103 0 15.3 18.5 10.5 3.5 2 1 3 5 5
6836.0 -9779.5 -170.5 238 0 17.2 9.8 10.5 3.5 2 0 3 0 0
6822.2 -9627.4 -181.5 60 0 13.1 16.4 10.5 3.5 2 1 3 2 2
6720.2 -9775.8 -181.4 58 0 11.8 9.4 10.5 3.5 2 0 3 3 3
6764.8 -9873.3 -172.6 52 0 20.9 9.1 10.5 3.5 2 0 3 5 5
6877.4 -9728.7 -176.2 170 0 10.3 18.3 10.5 3.5 2 1 3 3 3
6785.5 -9751.4 -176.4 238 0 18.7 9.9 10.5 3.5 2 0 3 3 3
6698.7 -9888.2 -178.0 220 0 9.2 16.9 10.5 3.5 2 1 3 4 4
6650.7 -9854.5 -181.7 226 0 11.7 20.9 10.5 3.5 2 1 3 3 3
6862.0 -9806.9 -171.3 57 0 10.9 19.5 14.0 3.5 4 1 4 3 3
6803.4 -9640.8 -180.8 194 0 12.8 12.1 10.5 3.5 2 0 3 2 2
-2120.5 9131.0 -100.7 203 0 23.9 49.3 15.0 2.5 2 0 6 1 1
5328.7 10726.1 -140.8 53 0 25.5 9.3 5.0 2.5 2 0 2 4 4
3490.8 7920.8 -8.5 247 0 11.7 21.6 10.5 3.5 2 1 3 0 0
3507.5 7925.3 -8.6 259 0 18.2 10.3 10.5 3.5 4 0 3 2 2
2180.6 12252.6 -126.6 358 0 8.4 20.7 5.0 0.0 0 1 2 3 3
1236.2 34.8 -175.6 318 0 28.5 212.7 12.5 0.0 0 1 5 0 0
-3796.9 12358.0 -150.2 134 0 16.6 34.2 10.0 2.5 4 1 4 2 2
3859.6 9503.9 -20.9 82 0 11.0 16.2 5.0 2.5 2 1 2 5 5
3875.0 9573.5 -21.5 351 0 50.9 12.9 12.5 2.5 2 0 5 5 5
4015.9 9543.4 -24.2 323 0 29.6 10.5 15.0 0.0 0 0 6 4 4
4168.8 9444.4 -13.0 154 0 43.4 14.0 10.0 2.5 2 0 4 3 3
3979.8 9565.2 -22.6 235 0 14.7 14.4 7.5 0.0 0 0 3 4 4
3648.4 9562.4 -19.1 227 0 12.9 16.8 7.5 2.5 2 1 3 5 5
1859.2 10020.0 184.4 90 0 23.1 25.7 10.0 2.5 4 1 4 2 2
6455.7 8632.2 -158.7 70 0 53.1 16.9 10.0 2.5 2 0 4 0 0
2980.4 -8093.3 -153.5 105 0 21.0 29.0 14.0 0.0 0 1 4 1 1
2898.5 -8080.6 -139.5 109 0 21.2 30.0 14.0 0.0 0 1 4 3 3
5980.7 9753.1 -103.7 208 0 16.7 18.3 15.0 0.0 0 1 6 4 4
6023.3 9727.1 -109.4 28 0 13.7 20.2 12.5 2.5 2 1 5 0 0
-2992.9 -6658.0 -196.8 29 0 6.7 26.8 10.5 3.5 2 1 3 0 0
6923.7 -8683.3 -167.9 337 0 19.0 18.4 14.0 3.5 2 0 4 1 1
6891.3 -8685.3 -169.5 256 0 19.4 31.1 14.0 0.0 0 1 4 2 2
6918.6 -8571.5 -158.0 330 0 30.1 18.4 14.0 3.5 2 0 4 1 1
6879.8 -8671.0 -163.7 64 0 23.5 20.6 14.0 3.5 2 0 4 1 1
6853.7 -8643.0 -160.0 157 0 14.9 21.5 14.0 3.5 2 1 4 2 2
6845.9 -8623.5 -158.0 156 0 13.0 20.5 14.0 3.5 2 1 4 2 2
6837.6 -8604.0 -160.1 155 0 13.8 19.4 14.0 3.5 4 1 4 2 2
6904.8 -8652.5 -162.1 58 0 9.4 11.7 10.5 3.5 2 1 3 0 0
6884.3 -8582.8 -159.3 334 0 11.5 23.9 14.0 3.5 2 1 4 0 0
6876.9 -8565.6 -161.2 332 0 14.6 22.8 14.0 3.5 2 1 4 3 3
6900.0 -8546.9 -159.5 323 0 20.2 13.1 14.0 3.5 2 0 4 5 5
6877.1 -8522.2 -161.2 272 0 14.7 19.9 14.0 3.5 2 1 4 3 3
6858.2 -8545.1 -163.3 73 0 13.6 19.2 14.0 3.5 2 1 4 1 1
6836.7 -8551.5 -165.3 71 0 17.0 18.4 14.0 0.0 0 1 4 1 1
6819.9 -8560.6 -165.9 42 0 16.5 16.3 14.0 3.5 2 0 4 3 3
6812.1 -8576.0 -165.0 6 1 13.8 16.3 14.0 0.0 0 1 4 4 4
6813.6 -8594.9 -163.6 356 0 17.0 18.7 14.0 3.5 2 1 4 5 5
6799.8 -8618.3 -161.4 159 1 13.7 17.6 14.0 3.5 2 1 4 1 1
6818.6 -8639.6 -159.4 68 1 17.7 13.0 14.0 3.5 2 0 4 4 4
6874.5 -8697.0 -169.1 274 1 12.6 19.4 14.0 0.0 0 1 4 4 4
6857.0 -8691.1 -167.6 288 1 13.4 17.7 14.0 3.5 4 1 4 5 5
6846.1 -8679.2 -164.8 336 0 15.6 19.2 14.0 0.0 0 1 4 2 2
6835.7 -8661.3 -162.0 338 1 12.8 17.5 14.0 0.0 0 1 4 0 0
6888.9 -8763.0 -176.3 179 0 17.0 19.9 14.0 3.5 2 1 4 3 3
6879.5 -8776.9 -177.5 246 0 18.6 20.0 14.0 3.5 2 1 4 5 5
6876.5 -8755.6 -173.9 103 0 15.9 20.4 14.0 3.5 2 1 4 0 0
6859.2 -8755.7 -173.0 93 0 15.9 23.3 14.0 3.5 2 1 4 3 3
6864.8 -8771.5 -176.6 279 0 13.9 23.2 14.0 0.0 0 1 4 0 0
6843.2 -8768.7 -175.8 276 0 17.9 26.4 14.0 3.5 2 1 4 3 3
6839.5 -8753.8 -171.9 93 0 13.8 22.2 14.0 3.5 4 1 4 0 0
6807.0 -8779.8 -174.5 184 0 25.8 19.6 14.0 3.5 4 0 4 2 2
6819.6 -8749.9 -170.7 95 0 15.2 20.9 14.0 3.5 2 1 4 4 4
6800.4 -8808.3 -176.7 211 0 18.2 18.0 14.0 3.5 2 0 4 3 3
6789.0 -8832.1 -178.5 209 0 19.8 18.4 14.0 0.0 0 0 4 4 4
6773.8 -8851.7 -179.6 209 0 17.6 20.3 14.0 3.5 2 1 4 3 3
6767.5 -8870.6 -180.8 208 0 16.9 17.8 14.0 3.5 2 1 4 5 5
6919.2 -9150.2 -170.8 114 0 20.3 17.5 10.5 3.5 2 0 3 5 5
6886.2 -9276.9 -180.9 221 0 16.3 16.8 14.0 3.5 2 1 4 3 3
6874.1 -9306.3 -185.3 236 0 16.2 17.8 14.0 0.0 0 1 4 2 2
6855.8 -9323.6 -185.8 246 0 16.8 18.9 14.0 3.5 4 1 4 0 0
6833.6 -9327.6 -185.8 261 0 17.3 17.1 14.0 3.5 2 0 4 3 3
6854.6 -9303.6 -185.3 70 0 17.3 25.5 10.5 0.0 0 1 3 0 0
6831.8 -9302.4 -185.8 63 0 11.8 19.1 10.5 3.5 2 1 3 2 2
6843.7 -9261.8 -182.6 336 0 19.1 12.6 10.5 3.5 2 0 3 1 1
6836.4 -9242.6 -181.3 338 0 18.8 15.2 10.5 3.5 2 0 3 4 4
6812.1 -9275.8 -184.7 156 0 16.0 13.1 10.5 3.5 2 0 3 3 3
6809.2 -9316.7 -185.7 321 0 18.6 16.4 14.0 3.5 2 0 4 5 5
6791.9 -9291.9 -185.7 324 1 17.9 12.9 14.0 3.5 2 0 4 2 2
6778.7 -9266.6 -185.7 329 1 15.2 13.4 14.0 3.5 2 0 4 0 0
6765.7 -9247.0 -185.7 327 1 15.3 12.1 14.0 3.5 2 0 4 3 3
6798.7 -9251.5 -183.0 152 0 18.5 15.6 10.5 3.5 4 0 3 0 0
6865.4 -9248.0 -178.4 158 0 16.8 13.7 10.5 3.5 2 0 3 1 1
6850.4 -9226.0 -177.1 160 0 16.7 15.3 10.5 3.5 2 0 3 3 3
6839.7 -9204.3 -175.5 165 0 16.4 11.7 10.5 3.5 2 0 3 4 4
6827.4 -9178.0 -173.5 163 0 18.1 11.7 10.5 3.5 2 0 3 3 3
6827.5 -9144.6 -170.1 212 0 14.6 11.8 10.5 0.0 0 0 3 4 4
6879.5 -9120.2 -168.5 270 0 8.1 19.0 10.5 3.5 2 1 3 0 0
6901.8 -9128.1 -169.5 280 0 15.1 16.3 10.5 3.5 2 1 3 3 3
6899.1 -9103.1 -168.1 102 0 17.7 15.0 10.5 3.5 2 0 3 2 2
6893.2 -9062.3 -170.2 287 0 14.6 15.0 10.5 3.5 2 1 3 5 5
6873.6 -9095.2 -168.4 101 0 16.7 14.5 10.5 3.5 2 0 3 2 2
6868.8 -9060.5 -170.7 283 0 14.6 11.8 10.5 3.5 2 0 3 1 1
6848.9 -9083.9 -169.2 99 0 21.6 14.5 10.5 3.5 2 0 3 2 2
6842.4 -9045.3 -172.0 277 0 14.3 14.6 10.5 3.5 2 1 3 1 1
6817.0 -9043.3 -171.7 273 0 15.1 16.2 10.5 3.5 2 1 3 0 0
6801.4 -9102.7 -171.0 18 0 18.4 19.5 10.5 3.5 2 1 3 4 4
6796.7 -9125.4 -171.3 355 0 18.8 18.0 10.5 3.5 2 0 3 5 5
6819.0 -9215.4 -179.8 334 0 19.2 18.0 10.5 3.5 2 0 3 0 0
6781.5 -9226.7 -181.5 154 0 18.1 14.8 10.5 3.5 2 0 3 4 4
6808.4 -9190.7 -177.8 337 0 20.0 17.7 10.5 3.5 2 0 3 4 4
6770.1 -9199.3 -179.3 159 0 16.3 15.5 10.5 3.5 2 0 3 1 1
6797.3 -9154.7 -174.6 341 0 21.7 16.4 10.5 3.5 2 0 3 2 2
6764.0 -9174.6 -177.2 169 0 17.1 14.0 10.5 3.5 2 0 3 2 2
6746.6 -9222.2 -184.6 334 1 17.8 13.2 14.0 3.5 2 0 4 5 5
6740.4 -9201.3 -182.7 340 1 18.1 12.2 14.0 3.5 2 0 4 5 5
6726.2 -9141.9 -178.8 353 1 16.9 13.1 14.0 3.5 2 0 4 1 1
6724.9 -9102.9 -181.5 356 0 37.6 17.3 14.0 3.5 2 0 4 1 1
6727.3 -9069.5 -181.5 25 0 17.0 15.2 14.0 3.5 2 0 4 0 0
6733.4 -9046.7 -181.7 35 1 13.9 15.5 14.0 3.5 4 1 4 1 1
6748.1 -9029.2 -180.5 48 1 12.4 16.2 14.0 3.5 2 1 4 2 2
6768.8 -9017.2 -178.4 49 1 14.4 16.9 14.0 3.5 2 1 4 1 1
6789.8 -8997.5 -178.4 44 1 15.4 15.1 14.0 3.5 2 0 4 1 1
6733.5 -8913.0 -183.3 275 0 23.7 27.2 14.0 0.0 0 1 4 4 4
6704.9 -8908.1 -182.3 279 0 14.0 21.9 14.0 3.5 2 1 4 1 1
6607.6 -9011.6 -184.4 189 0 24.9 22.9 14.0 3.5 2 0 4 5 5
6611.7 -8988.6 -184.2 179 0 17.0 18.3 14.0 3.5 2 1 4 0 0
6609.8 -8962.9 -184.0 179 0 16.8 17.3 14.0 3.5 2 1 4 1 1
6609.8 -8940.7 -182.1 178 0 16.5 16.5 14.0 3.5 2 0 4 5 5
6609.0 -8918.1 -179.9 178 0 16.5 15.2 14.0 3.5 2 0 4 3 3
6590.7 -9014.3 -184.6 341 0 14.2 19.1 14.0 3.5 4 1 4 3 3
6588.0 -8998.4 -184.5 358 0 17.9 19.2 14.0 3.5 2 1 4 4 4
6588.2 -8972.0 -184.2 358 0 21.7 20.3 14.0 3.5 2 0 4 4 4
6588.4 -8948.8 -182.2 358 0 17.6 20.4 14.0 3.5 2 1 4 3 3
6588.3 -8926.9 -180.0 358 0 16.2 19.5 14.0 3.5 2 1 4 5 5
6538.4 -9017.0 -184.8 196 0 22.7 19.5 14.0 3.5 2 0 4 4 4
6539.7 -8993.8 -184.6 180 0 14.4 19.5 14.0 3.5 4 1 4 5 5
6539.5 -8971.8 -183.6 178 0 17.8 19.4 14.0 3.5 2 1 4 5 5
6539.3 -8949.5 -181.4 178 0 17.2 18.5 14.0 0.0 0 1 4 4 4
6539.5 -8926.6 -179.2 178 0 16.9 17.9 14.0 3.5 2 1 4 2 2
6746.6 -8596.3 -168.1 115 0 24.3 22.4 14.0 0.0 0 0 4 5 5
6717.8 -8596.7 -169.9 71 0 22.4 22.8 14.0 3.5 2 1 4 2 2
6725.7 -8616.5 -167.1 355 0 14.3 21.2 14.0 3.5 2 1 4 1 1
6717.9 -8650.9 -164.9 88 0 21.6 15.2 14.0 3.5 2 0 4 3 3
6746.2 -8616.2 -165.0 176 0 15.8 19.2 14.0 3.5 4 1 4 0 0
6749.5 -8640.3 -162.8 172 0 15.4 20.9 14.0 3.5 2 1 4 3 3
6764.8 -8677.2 -162.3 180 0 18.0 18.0 14.0 3.5 2 1 4 3 3
6765.0 -8701.9 -164.9 181 0 17.4 17.0 14.0 3.5 4 0 4 5 5
6765.4 -8724.7 -167.2 188 0 18.4 17.9 14.0 3.5 2 0 4 2 2
6759.2 -8746.0 -169.0 214 0 15.7 17.2 14.0 3.5 2 1 4 2 2
6758.8 -8791.3 -173.1 208 0 17.7 16.6 14.0 3.5 2 0 4 4 4
6746.9 -8772.3 -169.8 128 0 18.0 16.5 14.0 0.0 0 0 4 0 0
6749.1 -8823.7 -173.8 66 0 17.7 21.4 14.0 3.5 2 1 4 2 2
6727.6 -8780.3 -170.4 320 0 18.2 17.2 14.0 3.5 2 0 4 4 4
6741.6 -8864.2 -177.9 16 0 22.3 27.7 14.0 0.0 0 1 4 0 0
6698.9 -8864.5 -178.2 241 0 20.1 22.5 14.0 3.5 4 1 4 2 2
6706.0 -8842.4 -174.7 141 0 15.1 19.7 14.0 3.5 2 1 4 3 3
6680.5 -8886.3 -177.6 86 1 16.5 12.2 14.0 3.5 2 0 4 3 3
6682.0 -8841.1 -175.0 321 0 22.8 18.4 14.0 3.5 2 0 4 0 0
6668.9 -8819.8 -172.0 335 0 13.8 22.1 14.0 3.5 2 1 4 0 0
6665.1 -8797.9 -169.5 354 0 12.9 24.7 14.0 3.5 2 1 4 2 2
6633.4 -8859.9 -176.5 233 0 26.0 24.1 14.0 0.0 0 0 4 2 2
6611.0 -8887.7 -176.2 89 0 17.8 17.0 14.0 3.5 2 0 4 0 0
6587.5 -8866.0 -175.5 269 0 14.8 20.6 14.0 3.5 2 1 4 5 5
6566.9 -8886.6 -175.1 90 1 13.2 17.4 14.0 3.5 2 1 4 0 0
6549.9 -8887.9 -174.8 90 1 12.2 19.5 14.0 3.5 2 1 4 4 4
6744.1 -8678.1 -161.2 355 0 15.8 22.1 10.5 3.5 2 1 3 4 4
6745.9 -8701.9 -163.2 357 0 17.1 21.7 10.5 0.0 0 1 3 4 4
6737.4 -8732.4 -165.5 19 0 17.3 20.3 10.5 3.5 2 1 3 3 3
6712.8 -8754.0 -166.4 55 0 16.0 15.9 10.5 3.5 2 0 3 3 3
6675.9 -8766.6 -166.6 89 0 21.7 18.1 10.5 3.5 2 0 3 4 4
6643.4 -8766.6 -165.8 88 0 24.5 17.7 10.5 3.5 4 0 3 4 4
6686.7 -8708.3 -163.0 209 0 16.4 16.7 10.5 3.5 2 1 3 5 5
6686.0 -8695.1 -162.8 119 0 14.1 20.4 10.5 3.5 2 1 3 0 0
6666.2 -8693.8 -164.5 87 0 16.1 20.2 10.5 3.5 2 1 3 3 3
6664.3 -8711.8 -163.1 255 0 14.9 22.1 10.5 3.5 2 1 3 4 4
6648.7 -8711.0 -162.9 269 0 16.2 23.5 10.5 3.5 2 1 3 5 5
6618.7 -8725.5 -163.1 181 0 19.7 15.5 10.5 3.5 2 0 3 1 1
6642.5 -8695.3 -165.8 85 0 14.9 22.1 10.5 0.0 0 1 3 2 2
6593.1 -8709.1 -166.0 136 0 14.0 21.5 10.5 3.5 2 1 3 4 4
6625.1 -8840.5 -172.5 153 0 15.3 19.0 14.0 3.5 2 1 4 3 3
6591.4 -8849.0 -172.1 86 0 24.1 18.7 14.0 3.5 2 0 4 4 4
6554.8 -8849.9 -171.3 88 0 21.0 18.5 14.0 0.0 0 0 4 1 1
6541.0 -8807.9 -168.1 169 0 25.1 18.7 14.0 3.5 2 0 4 0 0
6576.5 -8798.8 -168.8 269 0 16.1 20.3 14.0 3.5 2 1 4 3 3
6598.8 -8786.4 -168.5 265 0 16.3 24.6 14.0 3.5 2 1 4 0 0
6621.3 -8784.2 -168.9 263 0 19.8 24.6 14.0 3.5 2 1 4 2 2
6605.2 -8745.9 -163.9 333 0 17.0 25.7 14.0 0.0 0 1 4 5 5
6563.8 -8778.7 -165.3 5 0 16.7 15.9 14.0 3.5 2 0 4 0 0
6577.2 -8770.7 -164.5 49 0 17.5 18.9 14.0 3.5 2 1 4 4 4
6526.8 -9016.3 -185.0 348 0 27.5 24.7 14.0 0.0 0 0 4 5 5
6524.8 -8989.3 -184.6 360 0 23.1 24.0 14.0 3.5 2 1 4 1 1
6524.4 -8956.2 -181.9 360 0 28.4 22.9 14.0 0.0 0 0 4 0 0
6520.6 -8921.1 -178.3 358 0 23.3 23.5 14.0 3.5 2 1 4 1 1
6520.3 -8883.9 -175.3 0 0 25.2 23.6 14.0 3.5 2 0 4 5 5
6519.4 -8851.4 -173.9 358 0 24.3 24.7 14.0 3.5 2 1 4 3 3
6518.5 -8820.5 -172.3 0 0 23.5 22.9 14.0 3.5 2 0 4 3 3
6518.0 -8791.1 -170.9 0 0 25.3 22.0 14.0 3.5 2 0 4 4 4
6522.8 -8763.2 -169.1 29 0 23.8 18.9 14.0 0.0 0 0 4 4 4
6541.9 -8741.1 -166.6 46 0 24.0 21.6 14.0 3.5 2 0 4 4 4
6605.1 -8642.4 -170.5 343 0 21.4 25.5 14.0 3.5 2 1 4 1 1
6569.7 -8625.6 -173.7 27 0 25.4 22.5 14.0 3.5 2 0 4 2 2
6631.0 -8651.6 -169.5 82 0 17.0 21.5 14.0 3.5 4 1 4 2 2
6656.3 -8650.4 -168.5 85 0 16.1 20.8 14.0 3.5 2 1 4 2 2
6683.5 -8649.9 -167.0 87 0 17.6 18.6 14.0 3.5 2 1 4 3 3
6679.1 -8604.3 -171.2 87 0 19.7 24.0 14.0 3.5 2 1 4 3 3
6652.3 -8604.3 -171.8 85 0 15.8 20.2 14.0 3.5 2 1 4 2 2
6630.8 -8609.9 -172.3 81 0 15.8 21.5 14.0 3.5 2 1 4 5 5
6610.0 -8612.6 -172.9 79 0 15.0 20.9 14.0 3.5 2 1 4 4 4
6587.9 -8613.3 -173.3 71 1 14.3 16.7 14.0 3.5 4 1 4 0 0
6796.0 -10032.1 -180.3 208 0 6.7 13.6 10.5 3.5 4 1 3 5 5
