-232.4 -2348.6 -8.2 82 0 23.1 130.2 7.5 0.0 0 1 3 5 5
-269.3 -2350.8 -8.0 84 0 21.4 129.5 12.5 0.0 0 1 5 2 2
-317.5 -2226.4 -7.9 264 0 22.0 127.8 7.5 0.0 0 1 3 4 4
-352.3 -2226.4 -8.1 264 0 20.8 129.4 12.5 0.0 0 1 5 1 1
-399.2 -2230.7 -8.1 265 0 47.1 128.9 12.5 0.0 0 1 5 1 1
-1899.8 4596.0 -11.4 259 0 23.8 96.1 17.5 0.0 0 1 5 0 0
-1866.0 4654.2 -10.6 171 0 48.5 20.3 17.5 3.5 2 0 5 2 2
5191.6 1889.7 -7.5 0 0 72.6 36.1 10.0 0.0 0 0 4 4 4
5192.2 1978.2 -9.3 0 0 71.5 35.0 10.0 0.0 0 0 4 2 2
5147.4 1889.2 -8.4 0 0 71.5 34.4 12.5 0.0 0 0 5 4 4
5127.0 2013.9 -10.3 266 0 35.0 72.5 15.0 0.0 0 1 6 3 3
5085.3 2011.8 -10.6 270 0 33.4 158.2 12.5 0.0 0 1 5 0 0
2044.8 8592.3 -3.7 284 0 61.4 105.1 17.5 0.0 0 1 5 1 1
-630.1 10426.6 -13.2 253 0 142.5 32.7 14.0 0.0 0 0 4 0 0
-1608.5 10424.5 -17.2 95 0 144.4 77.4 14.0 0.0 0 0 4 3 3
-949.7 10206.7 -16.8 163 0 127.0 299.2 14.0 0.0 0 1 4 5 5
-6255.7 11897.1 -8.0 70 0 22.4 22.9 17.5 3.5 4 1 5 0 0
-6278.1 11902.7 -8.7 342 0 28.6 46.9 17.5 0.0 0 1 5 0 0
-38.9 2154.2 -9.8 272 0 470.7 216.6 14.0 0.0 0 0 4 3 3
-325.5 2060.5 -10.1 2 0 212.4 163.0 14.0 0.0 0 0 4 0 0
1415.1 1095.2 -2.3 356 0 89.8 77.2 14.0 0.0 0 0 4 0 0
6069.0 -761.6 -13.6 268 0 52.1 42.5 17.5 0.0 0 0 5 3 3
3704.6 -3629.8 -9.8 92 0 61.0 15.6 10.0 2.5 2 0 4 3 3
3850.9 -3473.8 -10.3 181 0 120.9 38.8 10.0 0.0 0 0 4 1 1
3925.7 -3608.1 -10.6 359 0 38.5 38.8 10.0 0.0 0 1 4 5 5
4085.9 -2759.2 -4.2 139 0 134.2 69.9 21.0 0.0 0 0 6 4 4
3850.3 -3119.5 -7.7 359 0 68.9 61.5 12.5 0.0 0 0 5 4 4
5482.7 -2806.6 -4.2 359 0 33.1 37.7 17.5 0.0 0 1 5 5 5
5457.4 -2719.6 -5.5 270 0 22.1 56.8 17.5 3.5 2 1 5 5 5
5386.5 -2747.9 -5.6 91 0 32.7 57.7 17.5 0.0 0 1 5 5 5
3389.1 -592.9 3.1 91 0 32.4 26.0 17.5 0.0 0 0 5 3 3
3664.0 -1529.1 -1.5 80 0 15.7 34.8 17.5 3.5 2 1 5 4 4
5370.0 -1638.5 -6.7 90 0 34.7 54.3 17.5 0.0 0 1 5 2 2
2641.4 2790.5 0.4 0 0 23.7 68.3 7.5 0.0 0 1 3 2 2
-287.3 1678.1 -9.5 182 0 62.4 19.5 17.5 3.5 2 0 5 2 2
-652.1 1550.1 -8.3 271 0 7.4 48.6 10.5 3.5 2 1 3 1 1
-646.3 1459.2 -6.5 1 0 53.8 9.1 10.5 3.5 2 0 3 5 5
-6016.5 8029.2 -12.1 213 0 17.2 111.5 12.5 0.0 0 1 5 5 5
3433.3 3514.8 -12.5 88 0 113.7 150.1 17.5 0.0 0 1 5 4 4
-5755.0 10776.6 -11.6 221 0 24.9 16.3 17.5 0.0 0 0 5 0 0
-5739.0 10803.7 -10.1 222 0 36.8 7.4 10.5 3.5 4 0 3 3 3
-5711.0 10780.3 -10.8 41 0 38.4 7.5 10.5 3.5 2 0 3 4 4
-5722.1 10789.9 -10.4 42 0 38.1 6.9 10.5 3.5 2 0 3 1 1
-5767.3 10774.1 -11.1 221 0 36.5 7.8 10.5 3.5 2 0 3 0 0
3322.3 -1799.1 1.5 80 0 17.6 34.3 17.5 3.5 2 0 5 5 5
6643.8 1564.2 -15.4 15 0 117.6 92.8 17.5 0.0 0 0 5 3 3
2843.2 -660.0 -1.8 271 0 83.0 93.8 17.5 0.0 0 1 5 0 0
-5554.4 11143.2 -15.3 68 0 37.2 37.0 17.5 0.0 0 0 5 3 3
-5657.1 11182.9 -18.4 157 0 39.1 36.2 17.5 0.0 0 0 5 2 2
-5593.2 11158.4 -17.5 66 0 34.2 37.8 17.5 0.0 0 1 5 5 5
-5584.1 11348.4 -20.6 231 0 38.4 39.5 17.5 0.0 0 1 5 5 5
-5625.4 11352.2 -21.0 233 0 36.3 37.6 17.5 0.0 0 1 5 5 5
-5540.2 11344.0 -20.2 234 0 36.8 38.2 17.5 0.0 0 1 5 3 3
-5517.4 11200.2 -15.8 31 0 41.2 16.4 17.5 3.5 2 0 5 3 3
-5893.9 11756.6 -16.7 72 0 39.3 101.0 17.5 0.0 0 1 5 1 1
-5999.4 11931.3 -11.2 334 0 30.4 66.5 17.5 0.0 0 0 5 1 1
4527.3 -7095.6 -14.3 270 0 47.7 69.7 17.5 0.0 0 1 5 1 1
1345.6 1978.1 -15.6 0 0 212.5 236.2 17.5 0.0 0 1 5 4 4
2787.0 6865.1 -12.8 339 0 279.4 171.4 17.5 0.0 0 0 5 2 2
1296.3 1052.7 -2.2 1 0 117.8 93.3 17.5 0.0 0 0 5 2 2
-5147.1 12688.3 -19.9 339 0 24.2 13.2 17.5 3.5 2 0 5 3 3
5993.2 -1043.9 -3.7 270 0 42.6 46.2 17.5 0.0 0 1 5 1 1
-6504.0 11830.6 -14.5 32 0 10.0 26.9 10.5 3.5 2 1 3 5 5
-3946.8 7818.6 -14.8 95 0 62.0 30.2 17.5 0.0 0 0 5 5 5
-5723.4 11956.2 -14.2 3 0 13.0 18.1 17.5 3.5 2 1 5 2 2
-5837.9 12200.2 -11.5 261 0 62.6 51.3 14.0 0.0 0 0 4 2 2
-3297.4 12506.8 -17.1 348 0 56.8 30.8 17.5 0.0 0 0 5 3 3
-1414.1 11257.4 6.4 328 0 84.0 17.0 17.5 3.5 2 0 5 3 3
-326.9 10336.1 -7.1 302 0 80.6 22.5 17.5 0.0 0 0 5 0 0
-1945.9 10395.6 -13.1 187 0 18.1 48.3 10.0 2.5 2 1 4 0 0
-2653.1 10899.8 -20.1 268 0 153.2 181.6 14.0 0.0 0 1 4 3 3
-4376.9 10884.0 -12.6 124 0 21.7 40.2 14.0 0.0 0 1 4 0 0
-4525.9 10829.2 -7.4 98 0 11.7 97.0 14.0 3.5 2 1 4 2 2
-6246.4 11892.6 -8.1 254 0 31.2 13.1 17.5 3.5 2 0 5 3 3
-6273.8 11974.7 -7.8 344 0 14.4 32.4 17.5 0.0 0 1 5 3 3
3421.7 -3796.1 -0.5 270 0 42.9 44.9 17.5 0.0 0 1 5 1 1
3118.9 -717.0 1.5 92 0 42.4 51.9 17.5 0.0 0 1 5 2 2
-732.1 10434.7 -14.4 60 0 16.4 81.9 14.0 3.5 2 1 4 2 2
632.2 6733.9 -16.8 125 0 26.1 69.2 7.5 0.0 0 1 3 4 4
385.3 1960.8 -8.7 182 0 99.6 101.9 17.5 0.0 0 1 5 4 4
-191.8 2587.9 -7.5 89 0 144.7 139.0 17.5 0.0 0 0 5 1 1
-281.8 2857.1 -8.3 178 0 227.8 159.6 17.5 0.0 0 0 5 4 4
-6320.3 3407.5 -11.2 258 0 53.0 45.7 17.5 0.0 0 0 5 0 0
-6670.9 3745.1 -17.4 270 0 41.0 102.2 17.5 0.0 0 1 5 3 3
-5964.4 5042.0 -9.0 5 0 69.5 38.9 10.0 0.0 0 0 4 5 5
-6230.6 3272.7 -9.2 78 0 32.0 106.5 17.5 0.0 0 1 5 0 0
-6724.3 3196.8 -14.5 100 0 9.1 12.0 10.5 3.5 2 1 3 2 2
-5597.3 3992.4 -6.0 167 0 17.7 50.3 14.0 3.5 2 1 4 4 4
-6121.1 4204.3 -15.2 276 0 28.2 43.0 14.0 0.0 0 1 4 5 5
-5819.4 5358.9 -11.8 179 0 20.3 67.5 17.5 3.5 2 1 5 0 0
-5582.6 3649.6 -10.4 277 0 140.4 104.9 14.0 0.0 0 0 4 2 2
-5622.3 4115.3 -5.4 260 0 25.8 47.1 14.0 0.0 0 1 4 4 4
-5679.7 4217.8 -5.1 185 0 17.0 42.5 10.0 2.5 2 1 4 3 3
-6199.4 4530.4 -13.7 273 0 23.6 60.5 14.0 3.5 2 1 4 3 3
-6823.9 3591.9 -15.9 180 0 72.1 34.1 17.5 0.0 0 0 5 4 4
-6051.2 4196.7 -15.9 278 0 20.3 58.7 14.0 3.5 2 1 4 3 3
-6797.9 2817.7 -14.5 357 0 36.3 18.0 10.0 2.5 2 0 4 1 1
-5516.5 4089.1 -6.0 258 0 22.3 54.8 14.0 3.5 2 1 4 4 4
-5984.6 4918.6 -5.3 93 0 18.0 80.0 7.5 2.5 2 1 3 1 1
-5550.3 6839.8 -11.7 272 0 11.6 29.1 7.5 2.5 2 1 3 4 4
-6477.0 3441.1 -12.5 258 0 41.2 71.8 17.5 0.0 0 1 5 1 1
-6716.3 2665.6 -14.3 32 0 45.2 24.0 10.0 0.0 0 0 4 3 3
-6344.1 4500.0 -13.1 269 0 10.5 41.2 17.5 0.0 0 1 5 3 3
-6104.0 3653.8 -13.9 278 0 36.4 35.8 10.0 0.0 0 0 4 0 0
-6232.2 4471.4 -13.9 87 0 22.3 83.6 14.0 0.0 0 1 4 2 2
-6709.5 3592.4 -17.1 0 0 72.9 33.0 17.5 0.0 0 0 5 1 1
-5516.5 3973.1 -6.5 76 0 25.6 50.8 14.0 0.0 0 1 4 5 5
-6182.6 4344.0 -14.4 191 0 10.8 31.7 14.0 3.5 2 1 4 4 4
-5815.6 5251.4 -15.2 179 0 166.9 19.3 17.5 0.0 0 0 5 3 3
-5948.2 1909.6 -7.8 73 0 55.5 166.9 17.5 0.0 0 0 5 3 3
-6186.2 4379.5 -14.4 182 0 33.0 20.8 14.0 0.0 0 0 4 4 4
-6353.3 3428.5 -12.3 167 0 47.6 54.4 17.5 0.0 0 1 5 2 2
-5088.6 6091.2 -13.8 269 0 18.5 161.2 14.0 0.0 0 1 4 4 4
-5594.8 4210.0 -5.3 7 0 23.3 34.8 7.5 0.0 0 1 3 5 5
-6365.7 4500.5 -13.2 268 0 10.7 35.5 17.5 3.5 2 1 5 1 1
-6820.1 3772.6 -15.3 270 0 38.0 124.5 17.5 0.0 0 1 5 1 1
-6850.0 2940.0 -15.9 176 0 72.2 46.0 10.0 0.0 0 0 4 5 5
-6143.7 4431.9 -13.3 3 0 60.4 33.3 14.0 0.0 0 0 4 5 5
-6718.8 3745.3 -16.9 270 0 48.9 99.5 17.5 0.0 0 1 5 0 0
-6074.2 4217.6 -15.3 94 0 51.8 66.1 14.0 0.0 0 1 4 5 5
-6508.0 3532.8 -15.4 360 0 31.1 123.8 17.5 0.0 0 1 5 5 5
-6047.4 3808.8 -12.3 101 0 47.5 30.5 14.0 0.0 0 0 4 4 4
-6102.0 2086.9 -9.8 162 0 87.7 55.2 17.5 0.0 0 0 5 3 3
-6363.0 3277.4 -10.4 78 0 47.3 72.7 17.5 0.0 0 1 5 0 0
-6149.2 3673.3 -14.2 278 0 37.3 58.2 12.5 0.0 0 1 5 4 4
-6901.3 3009.9 -17.3 176 0 58.3 89.1 10.0 0.0 0 1 4 4 4
-6319.5 4484.5 -15.2 269 0 10.1 93.9 17.5 3.5 2 1 5 3 3
-6782.5 3592.3 -16.5 180 0 71.5 32.4 17.5 0.0 0 0 5 2 2
-6921.5 2840.4 -17.2 177 0 97.7 99.9 10.0 0.0 0 1 4 4 4
-5544.4 4091.1 -5.9 257 0 26.1 62.3 14.0 0.0 0 1 4 0 0
-6767.0 3428.1 -17.1 280 0 56.1 223.5 17.5 0.0 0 1 5 3 3
-5045.1 5914.1 -12.2 115 0 41.6 76.4 14.0 0.0 0 1 4 1 1
-6264.1 3531.8 -13.1 250 0 82.5 124.1 17.5 0.0 0 0 5 2 2
-5591.5 3965.2 -6.6 193 0 23.1 53.8 14.0 0.0 0 1 4 3 3
-6770.9 3466.9 -17.4 85 0 94.4 76.9 17.5 0.0 0 0 5 0 0
-5741.3 6960.0 -15.1 179 0 117.0 79.7 17.5 0.0 0 0 5 4 4
-6050.8 3083.6 -14.0 358 0 31.5 67.9 15.0 0.0 0 1 6 0 0
-6506.4 2511.4 -13.0 251 0 39.1 54.5 14.0 0.0 0 1 4 5 5
-6463.0 3037.7 -6.1 324 0 27.1 21.0 7.5 2.5 2 0 3 4 4
-5738.4 12100.2 -10.3 354 0 26.7 29.6 14.0 0.0 0 1 4 3 3
-5611.9 12110.3 -5.0 172 0 23.9 12.4 14.0 3.5 2 0 4 2 2
-5588.1 12124.7 -7.3 262 0 12.4 23.9 14.0 3.5 2 1 4 3 3
-5569.4 12126.6 -9.5 262 0 12.4 23.9 14.0 3.5 4 1 4 5 5
-3290.5 12510.0 -17.0 167 0 54.4 12.1 17.5 3.5 2 0 5 5 5
-3250.3 12547.5 -17.2 257 0 27.3 54.9 17.5 3.5 2 1 5 0 0
-3215.6 12556.4 -17.6 257 0 27.3 54.9 17.5 3.5 2 1 5 0 0
-3179.1 12564.5 -18.6 257 0 27.3 54.9 14.0 3.5 4 1 4 1 1
-3144.5 12571.8 -18.5 257 0 27.3 54.9 17.5 3.5 2 1 5 1 1
-3096.9 12526.4 -17.8 77 0 27.3 54.9 17.5 3.5 2 1 5 4 4
-3265.0 12515.9 -17.1 347 0 54.4 14.1 17.5 3.5 2 0 5 5 5
-3376.4 12523.8 -18.2 12 0 29.7 19.2 10.0 2.5 2 0 4 0 0
-3396.2 12503.2 -18.5 14 0 16.4 26.6 15.0 0.0 0 1 6 1 1
-3470.0 12469.3 -17.7 104 0 26.6 16.4 10.0 2.5 2 0 4 5 5
-3452.7 12504.2 -18.1 194 0 16.4 26.6 12.5 2.5 2 1 5 1 1
-3500.5 12461.4 -16.3 104 0 26.6 16.4 12.5 2.5 2 0 5 3 3
-3525.8 12449.7 -15.4 104 0 26.6 16.4 10.0 0.0 0 0 4 4 4
-3413.5 12655.6 -15.8 270 0 11.0 103.5 10.0 0.0 0 1 4 2 2
-2688.5 12812.8 -9.3 75 0 49.6 16.9 12.5 2.5 4 0 5 3 3
3540.5 1769.6 2.1 360 0 44.5 12.9 17.5 3.5 2 0 5 4 4
3535.5 1688.7 3.8 90 0 12.8 44.5 17.5 3.5 2 1 5 4 4
3502.8 1797.1 1.7 267 0 10.8 17.6 17.5 3.5 2 1 5 3 3
3483.0 1711.5 3.4 87 0 10.8 17.6 17.5 3.5 4 1 5 1 1
3476.5 1792.0 1.4 267 0 10.8 17.6 17.5 0.0 0 1 5 1 1
3444.7 1754.3 2.6 177 0 17.6 10.8 17.5 3.5 2 0 5 5 5
3447.7 1790.8 1.1 267 0 10.8 17.6 17.5 3.5 2 1 5 2 2
3457.0 1712.2 3.1 87 0 10.8 17.6 17.5 3.5 2 1 5 2 2
3426.5 1719.3 2.9 177 0 17.6 10.8 17.5 3.5 4 0 5 4 4
3295.8 1761.6 -0.4 176 0 39.8 12.9 17.5 0.0 0 0 5 5 5
3299.5 1705.4 1.8 176 0 39.8 12.9 17.5 3.5 2 0 5 2 2
3328.2 1783.6 -0.2 266 0 12.9 39.8 17.5 3.5 2 1 5 3 3
3335.6 1687.7 2.1 86 0 12.9 39.8 17.5 3.5 2 1 5 5 5
3356.0 1783.9 0.2 266 0 12.9 39.8 17.5 0.0 0 1 5 2 2
3362.2 1689.5 2.3 86 0 12.9 39.8 17.5 3.5 2 1 5 0 0
3306.7 1614.9 2.0 176 0 39.8 12.9 21.0 0.0 0 0 6 4 4
3339.1 1637.5 2.3 266 0 12.9 39.8 21.0 0.0 0 1 6 0 0
2318.7 3392.4 -6.4 270 0 15.0 44.6 10.0 2.5 2 1 4 4 4
2317.8 3285.4 -5.5 90 0 15.0 44.6 10.0 2.5 4 1 4 4 4
2343.8 3393.5 -6.6 270 0 15.0 44.6 10.0 2.5 2 1 4 3 3
3261.0 2130.6 -5.2 2 0 51.9 12.0 14.0 0.0 0 0 4 1 1
3256.8 2072.2 -5.6 2 0 51.9 12.0 14.0 3.5 4 0 4 2 2
3227.6 2158.9 -4.9 272 0 12.0 51.9 14.0 3.5 4 1 4 0 0
3221.7 2048.8 -5.1 92 0 12.0 51.9 14.0 3.5 2 1 4 2 2
3199.7 2159.8 -4.6 272 0 12.0 51.9 14.0 3.5 2 1 4 4 4
3169.0 2161.3 -4.3 272 0 12.0 51.9 14.0 3.5 2 1 4 0 0
3138.8 2162.5 -4.0 272 0 12.1 51.9 14.0 3.5 2 1 4 0 0
3111.0 2164.1 -3.8 272 0 12.0 51.9 14.0 3.5 2 1 4 5 5
2193.8 3285.8 -5.3 90 0 15.0 44.6 10.0 0.0 0 1 4 4 4
2187.1 3370.5 -5.7 180 0 44.6 15.0 10.0 2.5 4 0 4 2 2
2217.9 3391.7 -5.8 270 0 15.0 44.6 7.5 2.5 2 1 3 0 0
2217.0 3284.7 -5.3 90 0 15.0 44.6 10.0 2.5 2 1 4 2 2
2241.9 3391.8 -5.9 270 0 15.0 44.6 10.0 2.5 2 1 4 0 0
2241.0 3284.9 -5.4 90 0 15.0 44.6 15.0 2.5 2 1 6 1 1
2265.5 3391.7 -6.1 270 0 15.0 44.6 10.0 2.5 2 1 4 3 3
2264.6 3284.7 -5.4 90 0 15.0 44.6 7.5 2.5 2 1 3 5 5
2294.9 3391.5 -6.3 270 0 15.0 44.6 10.0 2.5 4 1 4 4 4
2294.0 3284.5 -5.5 90 0 15.0 44.6 5.0 2.5 2 1 2 3 3
2342.9 3286.5 -5.6 90 0 15.0 44.6 7.5 2.5 2 1 3 5 5
-5100.6 3172.8 -12.8 104 0 20.0 36.3 17.5 0.0 0 1 5 2 2
-5068.6 3165.0 -12.1 104 0 20.0 36.3 17.5 0.0 0 1 5 5 5
-5038.6 3157.0 -11.9 104 0 20.0 36.3 17.5 0.0 0 1 5 3 3
-5005.8 3148.5 -11.8 104 0 20.0 36.3 17.5 0.0 0 1 5 3 3
-4993.7 3196.9 -11.0 104 0 20.0 36.3 17.5 0.0 0 1 5 3 3
-5026.4 3205.4 -11.3 104 0 20.0 36.3 17.5 0.0 0 1 5 3 3
-5056.5 3213.4 -11.9 104 0 20.0 36.3 17.5 0.0 0 1 5 4 4
-5093.6 3241.2 -12.7 194 0 36.3 20.0 17.5 0.0 0 0 5 1 1
-4972.6 3278.8 -10.4 284 0 20.0 36.3 17.5 0.0 0 1 5 5 5
-5014.4 3252.1 -11.1 104 0 20.0 36.3 17.5 0.0 0 1 5 1 1
-5049.6 3280.2 -11.8 194 0 36.3 20.0 17.5 0.0 0 0 5 3 3
-5081.6 3287.9 -12.6 194 0 36.3 20.0 17.5 0.0 0 0 5 1 1
-4961.1 3327.7 -10.3 284 0 20.0 36.3 17.5 0.0 0 1 5 1 1
-4988.8 3316.1 -11.0 14 0 36.3 20.0 17.5 0.0 0 0 5 4 4
-5038.1 3329.1 -11.7 194 0 36.3 20.0 17.5 0.0 0 0 5 3 3
-5070.1 3336.9 -12.5 194 0 36.3 20.0 17.5 0.0 0 0 5 2 2
-4942.8 3353.5 -10.1 14 0 36.3 20.0 17.5 0.0 0 0 5 3 3
-4975.6 3362.0 -10.9 14 0 36.3 20.0 17.5 0.0 0 0 5 1 1
-5025.0 3375.0 -11.6 194 0 36.3 20.0 17.5 0.0 0 0 5 2 2
-5057.0 3382.8 -12.3 194 0 36.3 20.0 17.5 0.0 0 0 5 5 5
-4931.4 3398.0 -10.0 14 0 36.3 20.0 17.5 0.0 0 0 5 1 1
-4969.3 3426.6 -10.8 284 0 20.0 36.3 17.5 0.0 0 1 5 1 1
-4999.3 3434.6 -11.5 284 0 20.0 36.3 17.5 0.0 0 1 5 0 0
-5045.5 3427.3 -12.2 194 0 36.3 20.0 17.5 0.0 0 0 5 0 0
-4923.7 3467.9 -9.9 284 0 20.0 36.3 17.5 0.0 0 1 5 5 5
-4956.5 3476.4 -10.7 284 0 20.0 36.3 17.5 0.0 0 1 5 0 0
-4986.5 3484.4 -11.4 284 0 20.0 36.3 17.5 0.0 0 1 5 1 1
-5018.5 3492.1 -12.1 284 0 20.0 36.3 17.5 0.0 0 1 5 5 5
-4833.5 3122.2 -10.2 14 0 36.3 20.0 17.5 0.0 0 0 5 3 3
-4880.4 3115.6 -11.1 104 0 20.0 36.3 17.5 0.0 0 1 5 5 5
-4910.5 3123.6 -11.2 104 0 20.0 36.3 17.5 0.0 0 1 5 3 3
-4942.4 3131.4 -11.8 104 0 20.0 36.3 17.5 0.0 0 1 5 1 1
-4821.2 3172.0 -10.6 14 0 36.3 20.0 17.5 0.0 0 0 5 0 0
-4854.0 3180.5 -10.9 14 0 36.3 20.0 17.5 0.0 0 0 5 1 1
-4898.2 3173.4 -10.9 104 0 20.0 36.3 17.5 0.0 0 1 5 5 5
-4930.1 3181.1 -11.0 104 0 20.0 36.3 17.5 0.0 0 1 5 3 3
-4808.9 3218.4 -10.1 14 0 36.3 20.0 17.5 0.0 0 0 5 3 3
-4841.7 3226.9 -10.1 14 0 36.3 20.0 17.5 0.0 0 0 5 5 5
-4876.8 3255.0 -10.2 284 0 20.0 36.3 17.5 0.0 0 1 5 4 4
-4908.8 3262.8 -10.2 284 0 20.0 36.3 17.5 0.0 0 1 5 3 3
-4802.5 3286.3 -9.3 284 0 20.0 36.3 17.5 0.0 0 1 5 4 4
-4835.3 3294.9 -9.3 284 0 20.0 36.3 17.5 0.0 0 1 5 1 1
-4865.4 3302.8 -9.4 284 0 20.0 36.3 17.5 0.0 0 1 5 3 3
-4897.3 3310.6 -9.4 284 0 20.0 36.3 17.5 0.0 0 1 5 4 4
-5050.3 3500.1 -12.8 284 0 20.0 36.3 17.5 0.0 0 1 5 3 3
-5077.4 3435.3 -13.0 194 0 36.3 20.0 17.5 0.0 0 0 5 4 4
-5088.8 3390.7 -13.1 194 0 36.3 20.0 17.5 0.0 0 0 5 3 3
-5102.0 3344.8 -13.1 194 0 36.3 20.0 17.5 0.0 0 0 5 3 3
-5113.4 3295.9 -13.3 194 0 36.3 20.0 17.5 0.0 0 0 5 2 2
-5125.5 3249.2 -13.4 194 0 36.3 20.0 17.5 0.0 0 0 5 1 1
-5132.5 3180.8 -13.5 104 0 20.0 36.3 17.5 0.0 0 1 5 1 1
-5164.0 3187.9 -13.2 104 0 20.0 36.3 17.5 0.0 0 1 5 3 3
-5195.8 3194.1 -12.7 104 0 20.0 36.3 17.5 0.0 0 1 5 4 4
-5226.7 3202.3 -12.4 104 0 20.0 36.3 17.5 0.0 0 1 5 0 0
-5255.8 3210.4 -12.2 104 0 20.0 36.3 17.5 0.0 0 1 5 4 4
-5282.4 3216.6 -12.0 104 0 20.0 36.3 17.5 0.0 0 1 5 3 3
-5313.8 3226.7 -11.8 104 0 20.0 36.3 17.5 0.0 0 1 5 5 5
-4977.0 3144.9 -11.8 104 0 20.0 36.3 17.5 0.0 0 1 5 1 1
-4966.7 3189.5 -11.0 104 0 20.0 36.3 17.5 0.0 0 1 5 5 5
-4945.2 3270.5 -10.2 284 0 20.0 36.3 17.5 0.0 0 1 5 4 4
-4931.9 3321.0 -9.6 284 0 20.0 36.3 17.5 0.0 0 1 5 2 2
-4916.0 3346.7 -9.5 14 0 36.3 20.0 17.5 0.0 0 0 5 3 3
-4903.2 3393.4 -9.4 14 0 36.3 20.0 17.5 0.0 0 0 5 4 4
-4892.0 3438.8 -9.3 14 0 36.3 20.0 17.5 0.0 0 0 5 4 4
-4886.6 3502.6 -9.6 284 0 20.0 36.3 17.5 0.0 0 1 5 2 2
-4914.7 3511.5 -9.8 284 0 20.0 36.3 17.5 0.0 0 1 5 0 0
-4776.3 3279.7 -9.3 284 0 20.0 36.3 17.5 0.0 0 1 5 0 0
-4747.5 3271.9 -9.3 284 0 20.0 36.3 17.5 0.0 0 1 5 4 4
5682.1 -5107.8 -11.7 214 0 53.4 86.8 14.0 0.0 0 1 4 3 3
-1805.4 3549.0 -14.3 185 0 47.7 127.7 17.5 0.0 0 0 5 5 5
-1797.9 3636.6 -14.3 185 0 128.2 130.1 17.5 0.0 0 0 5 2 2
3814.7 -2137.2 -0.4 89 0 8.5 6.8 10.5 3.5 2 0 3 0 0
3839.7 -2139.5 -0.6 89 0 40.8 9.5 10.5 3.5 2 0 3 4 4
3850.5 -2153.9 -2.8 269 0 71.7 58.7 14.0 0.0 0 0 4 3 3
4286.3 -893.6 -1.7 90 0 14.8 37.3 17.5 0.0 0 1 5 5 5
4325.7 -830.2 -2.5 253 0 32.9 58.1 17.5 0.0 0 1 5 0 0
4268.3 -901.6 -1.0 269 0 18.3 33.5 17.5 0.0 0 0 5 1 1
4269.5 -948.4 -0.6 89 0 18.6 13.3 17.5 3.5 2 0 5 5 5
4246.9 -952.6 -0.7 89 0 10.5 42.9 17.5 3.5 2 1 5 5 5
4192.5 -885.6 -0.6 269 0 13.7 24.2 14.0 3.5 2 1 4 4 4
4190.5 -954.8 -0.2 89 0 12.8 34.6 14.0 3.5 4 1 4 2 2
4153.7 -961.9 0.2 91 0 12.0 36.5 14.0 3.5 2 1 4 3 3
4298.8 -966.9 -0.4 268 0 9.4 49.4 10.5 3.5 4 1 3 4 4
4252.7 -966.5 -0.0 268 0 9.0 51.9 10.5 3.5 2 1 3 0 0
4223.1 -1057.0 1.1 178 0 40.8 12.1 17.5 3.5 2 0 5 4 4
4196.0 -967.2 0.4 268 0 10.2 51.6 17.5 3.5 4 1 5 4 4
4150.8 -968.5 0.7 270 0 11.3 45.5 14.0 3.5 2 1 4 0 0
4145.7 -1064.7 1.6 180 0 32.3 16.3 14.0 3.5 2 0 4 1 1
-2072.9 3064.7 -7.5 9 0 14.9 23.5 17.5 3.5 2 1 5 3 3
5295.3 592.0 -7.3 89 0 39.2 110.6 14.0 0.0 0 1 4 5 5
2994.2 1105.9 -10.2 168 0 16.0 116.2 17.5 0.0 0 1 5 5 5
3116.4 1178.3 -15.7 252 0 16.2 83.0 17.5 0.0 0 1 5 5 5
1269.1 -2717.9 -3.8 13 0 115.0 17.3 17.5 0.0 0 0 5 5 5
1182.0 -2773.4 -6.4 58 0 111.2 15.7 17.5 0.0 0 0 5 0 0
-51.3 -4567.5 -12.1 255 0 118.2 24.1 17.5 0.0 0 0 5 5 5
-767.9 -8066.6 -4.2 1 0 136.6 19.6 17.5 0.0 0 0 5 5 5
-2222.0 -9961.9 -4.5 349 0 21.9 121.9 12.5 0.0 0 0 5 4 4
-2217.9 -9983.5 -5.7 349 0 24.1 121.9 15.0 0.0 0 0 6 4 4
-3326.9 -10530.5 -14.6 21 0 117.0 19.8 14.0 0.0 0 0 4 2 2
-5312.7 -10895.2 -7.9 185 0 25.1 121.0 14.0 0.0 0 1 4 4 4
-6518.7 -10719.3 1.6 187 0 15.8 122.9 10.5 0.0 0 1 3 0 0
1323.5 -1445.7 -1.6 180 0 115.1 20.3 14.0 0.0 0 0 4 2 2
6129.7 12799.9 -25.2 235 0 15.8 31.2 14.0 3.5 2 1 4 4 4
6309.4 12805.9 -24.8 226 0 38.4 11.3 17.5 3.5 2 0 5 0 0
6039.1 12470.0 -24.2 135 0 131.9 384.7 17.5 0.0 0 1 5 3 3
6432.1 12796.7 -24.7 33 0 185.6 48.3 17.5 0.0 0 0 5 3 3
5960.9 12766.4 -25.4 316 0 16.6 74.3 17.5 0.0 0 1 5 4 4
6303.5 12529.1 -23.9 317 0 64.7 143.5 14.0 0.0 0 1 4 3 3
6171.7 12398.9 -23.4 136 0 31.7 14.3 14.0 3.5 2 0 4 4 4
6424.2 12579.0 -23.8 23 0 18.0 35.0 17.5 3.5 2 0 5 5 5
6458.3 12428.4 -23.1 115 0 72.7 38.9 17.5 0.0 0 0 5 2 2
-1065.3 10163.7 -20.0 1 0 19.7 40.6 17.5 3.5 2 1 5 3 3
-997.7 10191.9 -17.6 72 0 61.1 16.6 17.5 3.5 2 0 5 2 2
-1457.9 10228.8 -12.6 279 0 171.4 9.0 10.5 3.5 2 0 3 2 2
-6.5 5248.7 -11.5 129 0 32.0 63.4 15.0 0.0 0 1 6 2 2
-2032.3 12083.7 -8.0 68 0 15.8 27.2 10.0 2.5 2 1 4 1 1
-6510.9 11437.4 -18.4 94 0 144.9 20.1 14.0 0.0 0 0 4 0 0
-2949.5 -7210.2 0.0 318 0 45.9 16.4 17.5 0.0 0 0 5 5 5
-2989.5 -7166.4 -2.2 319 0 54.7 12.4 17.5 0.0 0 0 5 4 4
-3005.6 -7259.6 3.9 139 0 25.9 11.9 17.5 3.5 2 0 5 5 5
-2949.8 -7076.7 -8.9 327 0 59.9 15.7 17.5 3.5 2 0 5 2 2
-2821.4 -7252.5 0.4 327 0 44.5 16.1 17.5 3.5 2 0 5 5 5
-2851.8 -7207.9 -1.5 327 0 45.8 13.7 17.5 3.5 2 0 5 4 4
-2877.6 -7169.0 -3.5 326 0 31.6 9.2 10.5 3.5 2 0 3 2 2
-2905.2 -7129.6 -5.9 326 0 37.4 8.4 10.5 3.5 2 0 3 0 0
-2909.3 -7222.0 -0.1 139 0 27.3 13.4 17.5 3.5 2 0 5 5 5
-2902.8 -7266.5 3.8 320 0 20.3 8.2 10.5 0.0 0 0 3 3 3
-3098.1 -7089.2 -8.7 317 0 62.0 17.2 17.5 3.5 2 0 5 4 4
-3150.7 -7042.9 -9.2 319 0 57.1 19.2 17.5 3.5 2 0 5 1 1
-2954.9 -7241.7 2.4 317 0 32.4 8.3 10.5 3.5 2 0 3 4 4
-3721.0 -6326.5 -10.5 173 0 50.9 14.6 17.5 3.5 2 0 5 0 0
-3520.9 -6250.3 -13.3 324 0 59.8 15.7 14.0 3.5 2 0 4 5 5
-3586.6 -6165.5 -13.3 236 0 8.2 17.8 10.5 3.5 4 1 3 2 2
-3619.5 -6152.4 -14.0 53 0 8.3 29.3 10.5 3.5 2 1 3 5 5
-3722.8 -5960.1 -14.9 325 0 31.4 9.1 10.5 3.5 4 0 3 4 4
-3779.7 -5941.0 -15.0 55 0 68.2 470.3 17.5 0.0 0 1 5 0 0
-4022.8 -5784.3 -15.1 325 0 61.6 27.6 17.5 0.0 0 0 5 2 2
-4138.5 -5700.0 -13.5 325 0 247.1 50.9 17.5 0.0 0 0 5 3 3
-4087.4 -5865.8 -13.5 145 0 46.0 15.0 17.5 3.5 2 0 5 0 0
-4035.1 -5937.5 -11.4 146 0 31.4 9.0 10.5 0.0 0 0 3 1 1
-3877.9 -5953.2 -15.3 145 0 62.0 31.2 14.0 0.0 0 0 4 4 4
-3788.4 -6017.1 -14.7 326 0 16.6 9.5 10.5 0.0 0 0 3 0 0
-3803.4 -5995.4 -14.8 323 0 18.3 12.3 17.5 3.5 2 0 5 2 2
-3198.9 -6683.6 0.6 325 0 73.7 21.4 17.5 3.5 2 0 5 2 2
1633.6 2656.8 -8.1 0 0 92.9 44.8 52.5 0.0 0 0 15 1 1
1661.8 2726.2 -10.0 180 0 202.0 192.7 14.0 0.0 0 0 4 4 4
1503.8 2808.1 -9.2 271 0 29.5 31.9 17.5 0.0 0 1 5 2 2
1553.2 2808.5 -9.5 269 0 30.6 47.3 17.5 0.0 0 1 5 2 2
1617.5 2754.0 -9.4 1 0 48.4 36.1 17.5 0.0 0 0 5 2 2
2023.7 3824.9 -10.7 269 0 66.2 78.6 17.5 0.0 0 1 5 0 0
3131.2 -1766.9 6.9 1 0 50.6 40.6 17.5 0.0 0 0 5 5 5
2947.4 -1767.0 -3.8 270 0 29.8 20.1 12.5 0.0 0 0 5 0 0
2912.0 9306.0 -12.4 279 0 101.8 233.8 12.5 0.0 0 1 5 4 4
2774.5 9337.9 -10.7 283 0 117.1 222.5 12.5 0.0 0 1 5 1 1
2566.3 9255.0 -14.9 190 0 228.6 94.3 12.5 0.0 0 0 5 4 4
-947.4 10961.1 -9.5 244 0 42.7 35.8 17.5 0.0 0 0 5 5 5
-1130.5 11470.7 -10.8 335 0 74.7 12.5 17.5 3.5 2 0 5 1 1
-1026.6 11002.8 -11.6 335 0 37.3 25.9 17.5 0.0 0 0 5 5 5
-982.3 11042.7 -11.4 245 0 37.0 33.2 17.5 0.0 0 0 5 3 3
-895.8 11278.3 -11.3 157 0 23.0 74.0 12.5 0.0 0 1 5 2 2
-6472.0 10679.7 -7.0 93 0 16.0 40.9 14.0 3.5 2 1 4 1 1
-6428.2 10717.9 -5.4 4 0 16.2 30.7 14.0 3.5 2 1 4 2 2
-6428.0 10621.5 -7.2 64 0 20.3 60.8 14.0 3.5 2 0 4 5 5
-6401.4 10656.4 -5.6 60 0 26.6 38.9 14.0 0.0 0 1 4 1 1
-6306.1 10665.7 -7.4 330 0 17.3 7.5 10.5 0.0 0 0 3 3 3
-5946.3 10504.4 -13.4 322 0 30.7 123.1 21.0 0.0 0 1 6 1 1
-5944.0 10542.3 -16.4 129 0 23.6 68.8 17.5 0.0 0 1 5 4 4
-5451.2 11383.1 -18.7 5 0 12.2 28.0 17.5 3.5 2 1 5 0 0
-5947.3 11403.6 -10.2 269 0 8.5 35.7 10.5 3.5 4 1 3 2 2
-6305.3 11192.1 -9.9 89 0 12.6 13.2 14.0 3.5 2 1 4 0 0
-6295.2 11230.2 -13.3 0 0 14.3 26.7 21.0 0.0 0 1 6 1 1
-2144.0 -9751.0 -15.2 78 0 68.3 62.1 17.5 0.0 0 0 5 4 4
-6357.8 12605.4 -10.8 354 0 43.4 48.5 14.0 0.0 0 1 4 1 1
-892.7 -6077.2 -7.3 16 0 62.2 54.1 17.5 0.0 0 0 5 3 3
3383.0 -1750.6 0.1 252 0 14.7 31.4 17.5 3.5 2 1 5 3 3
3322.8 -1811.3 2.3 86 0 40.8 17.1 17.5 3.5 2 0 5 3 3
3736.3 -1838.5 12.7 358 0 27.1 18.1 17.5 3.5 2 0 5 1 1
4299.2 -2048.0 -0.7 179 0 31.1 55.0 21.0 0.0 0 1 6 5 5
4398.2 -2070.6 -6.9 100 0 52.6 48.1 14.0 0.0 0 0 4 3 3
4346.6 -2205.0 -5.4 1 0 36.6 45.9 14.0 0.0 0 1 4 5 5
5195.2 -7194.7 -12.3 1 0 63.3 56.0 17.5 0.0 0 0 5 5 5
5197.2 -7384.9 -13.3 89 0 17.8 57.4 17.5 3.5 2 1 5 1 1
5196.2 -7280.2 -10.7 360 0 69.7 16.3 17.5 0.0 0 0 5 1 1
4608.2 -7264.1 -12.7 180 0 100.6 93.8 7.5 0.0 0 0 3 4 4
4771.3 -7330.6 -13.1 89 0 99.8 136.6 7.5 0.0 0 1 3 5 5
4938.5 -7261.0 -11.8 358 0 98.9 100.6 10.0 0.0 0 1 4 2 2
5105.5 -7219.0 -13.2 2 0 98.3 118.9 10.0 0.0 0 1 4 0 0
5043.3 -6841.1 -8.2 270 0 74.9 163.5 7.5 0.0 0 1 3 5 5
5168.1 -6924.1 -11.7 1 0 168.2 74.6 10.0 0.0 0 0 4 2 2
4962.0 -6908.6 -11.0 360 0 196.8 142.8 10.0 0.0 0 0 4 0 0
4685.9 -6959.9 -12.4 0 0 28.9 90.5 17.5 0.0 0 1 5 0 0
4687.2 -6919.6 -11.9 359 0 30.0 90.8 17.5 0.0 0 1 5 1 1
4686.7 -6881.2 -11.5 360 0 29.7 89.4 17.5 0.0 0 1 5 3 3
4640.9 -6827.0 -11.0 270 0 85.8 27.5 17.5 0.0 0 0 5 3 3
4642.9 -6781.4 -10.6 271 0 94.6 28.3 14.0 0.0 0 0 4 3 3
-6507.3 10507.0 -17.6 235 0 26.2 49.0 17.5 3.5 4 1 5 2 2
2611.8 -3391.5 -3.2 19 0 67.1 15.6 17.5 3.5 2 0 5 3 3
-2524.3 -4337.7 -16.0 0 0 15.5 69.3 17.5 3.5 2 1 5 5 5
-1825.0 -4602.9 -13.7 90 0 128.7 128.9 14.0 0.0 0 1 4 4 4
-1887.0 -4731.5 -14.2 179 0 112.7 141.0 7.5 0.0 0 1 3 1 1
-1685.8 -4703.4 -14.3 360 0 57.2 53.3 7.5 0.0 0 0 3 3 3
-1659.8 -4690.6 -13.2 180 0 31.9 80.6 7.5 0.0 0 1 3 5 5
-899.4 -5075.4 -17.9 1 0 75.5 61.4 12.5 0.0 0 0 5 5 5
-898.5 -5134.9 -15.5 1 0 34.2 61.5 10.0 0.0 0 1 4 3 3
-961.4 -5173.5 -13.8 180 0 32.6 61.5 17.5 0.0 0 1 7 3 3
-811.4 -4980.4 -18.0 359 0 48.8 70.7 12.5 0.0 0 1 5 2 2
-849.6 -4915.6 -15.7 267 0 68.2 35.6 10.0 0.0 0 0 4 1 1
-1626.7 -4591.6 -13.8 88 0 53.9 111.8 7.5 0.0 0 1 3 4 4
2133.2 -3373.3 -1.4 206 0 75.2 80.6 14.0 0.0 0 1 4 3 3
2094.7 -2330.3 -3.9 287 0 21.0 130.5 17.5 0.0 0 1 5 0 0
2216.5 -2264.0 2.5 275 0 67.7 42.7 17.5 0.0 0 0 5 2 2
2449.9 -2274.6 -3.4 7 0 88.8 33.3 17.5 0.0 0 0 5 3 3
2911.5 -1955.0 -1.5 82 0 59.8 75.4 17.5 0.0 0 1 5 3 3
2851.1 -6008.0 -9.2 181 0 111.0 32.5 17.5 0.0 0 0 5 5 5
2922.7 -5983.7 -9.4 0 0 59.8 26.9 17.5 0.0 0 0 5 2 2
2920.7 -6044.3 -8.4 0 0 48.0 23.6 17.5 0.0 0 0 5 4 4
2969.1 -5944.0 -9.6 270 0 24.4 79.8 17.5 0.0 0 1 5 5 5
3031.8 -6024.3 -8.2 358 0 53.8 21.5 17.5 3.5 2 0 5 0 0
3033.1 -5966.7 -10.1 358 0 33.6 22.2 17.5 0.0 0 0 5 0 0
3019.1 -6093.0 -6.1 270 0 21.1 25.4 14.0 3.5 2 1 4 4 4
3020.7 -6172.7 -5.4 90 0 19.3 44.7 14.0 3.5 4 1 4 5 5
2962.8 -6147.4 -5.9 180 0 53.6 20.4 14.0 3.5 2 0 4 2 2
3095.5 -5914.8 -9.6 90 0 74.9 78.3 17.5 0.0 0 1 5 3 3
2733.0 -5317.1 -7.7 183 0 66.9 56.2 17.5 0.0 0 0 5 4 4
2048.2 -1374.5 5.3 111 0 25.0 47.3 17.5 3.5 2 1 5 5 5
2274.3 -1466.9 0.1 17 0 97.1 38.0 14.0 0.0 0 0 4 2 2
2157.7 -1977.0 -2.3 192 0 54.7 32.5 17.5 0.0 0 0 5 2 2
5396.5 -3695.4 0.7 90 0 14.8 22.4 14.0 3.5 2 1 4 2 2
5422.9 -3693.1 -0.1 89 0 14.6 25.2 14.0 3.5 2 1 4 2 2
5455.4 -3691.9 -1.0 88 0 14.8 24.6 14.0 3.5 2 1 4 0 0
5484.3 -3453.0 -3.1 114 0 31.0 79.2 14.0 0.0 0 1 4 2 2
1267.5 -2505.8 -1.6 132 0 38.8 15.0 17.5 3.5 4 0 5 5 5
1251.5 -2416.2 -1.5 180 0 115.8 40.5 17.5 0.0 0 0 5 4 4
1080.5 -2346.9 2.2 126 0 51.5 49.0 14.0 0.0 0 0 4 3 3
-420.3 -3194.8 -9.6 2 0 107.2 57.8 14.0 0.0 0 0 4 3 3
-4873.5 12311.8 -8.1 74 0 83.6 52.5 17.5 0.0 0 0 5 5 5
-6867.2 10983.7 -14.9 236 0 51.5 14.1 14.0 3.5 2 0 4 5 5
-6797.2 10976.4 -0.6 159 0 31.0 13.8 17.5 3.5 4 0 5 1 1
-1149.6 1664.7 1.2 247 0 10.3 9.1 10.5 3.5 2 0 3 5 5
-1176.5 1674.7 -3.2 340 0 8.5 7.8 10.5 0.0 0 0 3 5 5
-1168.5 1646.8 -1.3 31 0 17.1 18.4 14.0 3.5 2 1 4 4 4
-1136.4 1730.5 -3.2 233 0 9.2 12.1 10.5 3.5 2 1 3 1 1
-1222.1 1776.3 -5.9 272 0 11.7 10.0 17.5 3.5 2 0 5 4 4
-1221.3 1795.3 -0.4 92 0 11.8 10.1 17.5 3.5 2 0 5 2 2
-247.8 2966.3 -8.2 270 0 28.8 21.9 17.5 0.0 0 0 5 5 5
-441.4 2950.2 -8.6 180 0 36.2 88.0 10.0 0.0 0 1 4 5 5
-6140.9 -2958.9 -16.8 178 0 31.0 14.2 7.5 2.5 2 0 3 1 1
-6171.0 -2948.2 -16.4 358 0 14.9 18.1 16.0 3.5 4 1 4 2 2
-6453.8 -2915.7 -13.9 290 0 73.4 66.0 14.0 0.0 0 0 4 4 4
-675.8 8459.9 -11.8 183 0 82.1 16.2 10.0 2.5 2 0 4 0 0
-648.3 6337.8 -11.5 172 0 82.4 16.2 14.0 3.5 2 0 4 5 5
-1542.5 9984.0 -15.3 180 0 79.4 58.7 17.5 0.0 0 0 5 0 0
-1590.9 10144.9 -11.3 270 0 18.3 11.8 17.5 3.5 2 0 5 0 0
-693.9 2912.3 -9.3 255 0 16.7 83.0 14.0 3.5 2 1 4 0 0
512.4 2562.9 -4.7 179 0 16.3 81.6 17.5 3.5 2 1 5 3 3
1918.2 2564.8 -9.6 270 0 81.8 16.0 17.5 3.5 2 0 5 0 0
2813.6 2475.2 -8.6 228 0 16.4 82.2 7.5 2.5 2 1 3 4 4
3572.8 320.2 -6.0 179 0 78.5 16.5 17.5 3.5 2 0 5 0 0
3587.7 -738.1 -1.5 1 0 84.0 16.1 21.0 3.5 2 0 6 5 5
3631.1 -1877.2 3.0 180 0 84.0 18.2 17.5 3.5 2 0 5 3 3
4489.7 -2243.5 -5.3 270 0 83.6 16.5 17.5 0.0 0 0 5 2 2
5895.4 -2257.7 -8.3 89 0 83.6 16.5 17.5 3.5 2 0 5 1 1
-2263.3 9205.9 -14.6 254 0 56.5 19.5 10.0 2.5 2 0 4 5 5
-2193.9 9225.4 -13.6 253 0 56.5 29.1 12.5 0.0 0 0 5 2 2
-1356.7 8878.9 -14.9 260 0 13.0 49.3 17.5 3.5 2 1 5 2 2
-702.3 10418.9 -12.9 163 0 27.6 142.6 14.0 0.0 0 0 4 1 1
-2099.2 10486.2 -14.1 97 0 177.1 80.4 14.0 0.0 0 0 4 0 0
898.8 11668.4 -21.4 270 0 79.3 119.9 17.5 0.0 0 1 5 0 0
873.7 11280.2 -18.9 181 0 142.5 49.7 17.5 0.0 0 0 5 4 4
1142.2 11102.1 -20.2 1 0 96.6 87.9 14.0 0.0 0 0 4 0 0
2977.5 -2155.2 -0.3 177 0 37.7 11.5 14.0 3.5 2 0 4 0 0
3139.5 -2204.7 -0.0 1 0 51.1 11.2 14.0 0.0 0 0 4 4 4
3140.2 -2143.9 1.9 359 0 49.0 9.6 10.5 3.5 2 0 3 5 5
3138.7 -2090.1 3.7 0 0 33.9 9.3 10.5 3.5 2 0 3 1 1
3066.1 -2227.8 1.9 93 0 10.7 44.6 14.0 3.5 2 1 4 4 4
3047.5 -2225.2 1.7 93 0 9.5 38.6 10.5 3.5 2 1 3 5 5
3091.3 -2220.3 1.0 89 0 12.2 36.9 14.0 3.5 2 1 4 0 0
3108.9 -2236.3 -0.3 91 0 20.0 8.9 10.5 3.5 2 0 3 5 5
2974.5 -2108.8 0.6 179 0 26.1 11.6 14.0 3.5 2 0 4 0 0
2997.4 -2107.1 2.0 179 0 25.5 10.2 14.0 3.5 2 0 4 0 0
2995.1 -2150.9 1.0 176 0 23.3 11.8 14.0 3.5 2 0 4 4 4
3020.6 -2153.8 2.4 179 0 34.9 14.6 14.0 3.5 2 0 4 1 1
3024.9 -2092.5 3.3 269 0 11.7 29.7 14.0 0.0 0 1 4 3 3
-4529.2 11324.4 -16.4 220 0 43.1 57.8 14.0 0.0 0 1 4 5 5
-3734.9 12429.1 -9.5 262 0 78.4 70.0 17.5 0.0 0 0 5 5 5
3363.4 -1396.9 0.5 164 0 18.4 35.8 17.5 0.0 0 0 5 4 4
3301.3 -1370.2 1.5 342 0 41.5 12.3 17.5 3.5 2 0 5 1 1
3622.8 -2116.0 -5.6 269 0 12.7 55.3 17.5 3.5 2 1 5 0 0
-241.5 -3290.2 -9.7 85 0 20.9 11.2 17.5 3.5 2 0 5 5 5
-220.6 -3771.6 -4.2 171 0 39.3 22.6 14.0 0.0 0 0 4 1 1
-1598.8 11325.0 1.5 150 0 38.2 80.7 73.5 0.0 0 1 21 2 2
-6062.6 10227.7 -19.7 56 0 21.2 189.9 14.0 0.0 0 1 4 2 2
-6483.0 11165.9 -6.4 2 0 18.3 31.1 14.0 3.5 2 1 4 3 3
3227.6 -310.4 -2.9 179 0 34.1 61.3 17.5 0.0 0 1 5 5 5
-5153.3 5254.3 -14.7 9 0 24.1 38.1 14.0 0.0 0 1 4 0 0
-5303.2 5361.6 -8.2 184 0 14.3 101.1 14.0 0.0 0 1 4 5 5
-5213.2 5331.6 -15.1 271 0 22.5 81.4 14.0 0.0 0 1 4 3 3
-5252.3 5333.6 -15.5 271 0 22.5 81.4 14.0 0.0 0 1 4 2 2
-5302.0 5296.4 -15.7 181 0 81.4 22.5 14.0 0.0 0 0 4 3 3
-5214.9 5168.2 -21.3 91 0 22.1 61.3 14.0 3.5 2 1 4 5 5
-5254.0 5170.8 -21.6 91 0 22.1 61.3 14.0 3.5 2 1 4 5 5
-5303.0 5204.8 -21.6 181 0 59.1 22.0 14.0 3.5 2 0 4 2 2
-5360.2 5339.2 -11.8 280 0 68.5 20.8 17.5 3.5 4 0 5 2 2
-5484.5 5330.5 -11.7 270 0 22.3 61.1 17.5 3.5 2 1 5 1 1
-5521.4 5337.2 -12.1 270 0 22.3 63.1 17.5 3.5 2 1 5 0 0
-5329.4 5208.8 -18.4 1 0 61.9 21.8 17.5 3.5 4 0 5 2 2
-5561.0 5308.4 -12.4 180 0 65.6 19.8 17.5 3.5 4 0 5 0 0
-5383.6 5144.5 -19.3 96 0 81.1 17.2 17.5 3.5 2 0 5 3 3
-6114.9 10180.5 -19.8 259 0 62.0 24.1 17.5 3.5 2 0 5 3 3
-6190.7 10162.4 -19.9 259 0 62.0 22.9 14.0 3.5 2 0 4 2 2
-6265.4 10144.6 -20.0 259 0 62.0 22.8 17.5 3.5 2 0 5 0 0
-6343.3 10129.1 -20.1 257 0 60.9 32.6 17.5 0.0 0 0 5 2 2
-6370.1 10074.9 -20.0 257 0 138.6 25.1 14.0 0.0 0 0 4 2 2
-4658.1 1500.1 -11.3 90 0 25.8 21.2 17.5 0.0 0 0 5 1 1
-4705.9 1510.4 -11.6 180 0 21.2 27.1 17.5 3.5 2 1 5 3 3
-4583.9 1500.7 -10.6 90 0 28.5 21.2 17.5 0.0 0 0 5 0 0
-4620.9 1500.4 -11.0 90 0 28.3 21.2 17.5 0.0 0 0 5 3 3
-4704.7 1411.4 -10.9 180 0 113.2 63.8 14.0 0.0 0 0 4 1 1
-4727.6 1410.1 -11.0 360 0 113.2 57.0 17.5 0.0 0 0 5 4 4
-4618.5 1642.4 -10.0 270 0 28.3 21.2 17.5 3.5 2 0 5 3 3
-4655.8 1642.1 -8.3 270 0 25.8 21.2 17.5 3.5 2 0 5 1 1
-4689.9 1641.8 -6.8 270 0 27.1 21.2 17.5 0.0 0 0 5 5 5
-4581.5 1642.6 -9.9 270 0 28.5 21.2 17.5 0.0 0 0 5 3 3
-4620.5 1611.6 -10.5 270 0 28.3 21.2 17.5 3.5 2 0 5 0 0
-4657.7 1611.3 -10.6 270 0 25.8 21.2 17.5 3.5 2 0 5 1 1
-4705.3 1600.3 -9.1 180 0 21.2 27.1 17.5 0.0 0 1 5 4 4
-4583.4 1611.9 -9.7 270 0 28.5 21.2 17.5 0.0 0 0 5 3 3
-4621.6 1582.8 -10.4 270 0 28.3 21.2 17.5 0.0 0 0 5 1 1
-4671.6 1571.8 -11.2 180 0 21.2 25.8 17.5 3.5 2 1 5 4 4
-4706.4 1571.6 -11.3 180 0 21.2 27.1 17.5 3.5 4 1 5 5 5
-4570.2 1572.6 -9.5 360 0 21.2 28.5 17.5 0.0 0 1 5 0 0
-4620.7 1530.3 -11.0 90 0 28.3 21.2 17.5 3.5 2 0 5 3 3
-4670.9 1540.5 -11.5 180 0 21.2 25.8 17.5 3.5 2 1 5 5 5
-4705.7 1540.2 -11.7 180 0 21.2 27.1 17.5 3.5 2 1 5 2 2
-4583.7 1530.6 -10.6 90 0 28.5 21.2 17.5 0.0 0 0 5 0 0
-4923.3 1638.6 1.4 270 0 25.8 21.2 14.0 3.5 2 0 4 0 0
-4774.4 1639.8 -3.2 270 0 26.6 21.2 14.0 3.5 2 0 4 0 0
-4810.4 1639.5 -1.6 270 0 26.3 21.2 14.0 3.5 2 0 4 0 0
-4957.4 1638.3 0.3 270 0 27.1 21.2 14.0 3.5 2 0 4 4 4
-4849.0 1639.2 0.1 270 0 28.5 21.2 14.0 0.0 0 0 4 5 5
-4886.1 1638.9 1.7 270 0 28.3 21.2 14.0 3.5 2 0 4 2 2
-4722.6 1629.6 -4.8 360 0 21.2 27.3 14.0 3.5 2 1 4 3 3
-4923.9 1608.8 0.1 270 0 25.8 21.2 14.0 3.5 2 0 4 0 0
-4775.0 1609.9 -5.4 270 0 26.6 21.2 14.0 3.5 2 0 4 3 3
-4811.0 1609.7 -3.8 270 0 26.3 21.2 14.0 3.5 4 0 4 1 1
-4957.9 1608.5 0.0 270 0 27.1 21.2 14.0 3.5 2 0 4 5 5
-4849.6 1609.4 -2.2 270 0 28.5 21.2 14.0 0.0 0 0 4 5 5
-4886.6 1609.1 -0.7 270 0 28.3 21.2 14.0 0.0 0 0 4 0 0
-4723.2 1599.7 -7.1 360 0 21.2 27.3 14.0 3.5 2 1 4 0 0
-4922.8 1578.3 -2.4 270 0 25.8 21.2 14.0 3.5 2 0 4 5 5
-4760.5 1568.9 -7.8 360 0 21.2 26.6 14.0 3.5 2 1 4 3 3
-4809.9 1579.1 -6.3 270 0 26.3 21.2 14.0 3.5 4 0 4 2 2
-4956.8 1578.0 -2.3 270 0 27.1 21.2 14.0 3.5 2 0 4 1 1
-4848.5 1578.8 -4.8 270 0 28.5 21.2 14.0 0.0 0 0 4 5 5
-4885.5 1578.5 -3.2 270 0 28.3 21.2 14.0 0.0 0 0 4 2 2
-4722.1 1569.2 -9.5 360 0 21.2 27.3 14.0 3.5 2 1 4 3 3
-4922.8 1527.6 -4.8 90 0 25.8 21.2 14.0 3.5 2 0 4 4 4
-4760.7 1539.5 -10.2 360 0 21.2 26.6 14.0 3.5 2 1 4 0 0
-4809.9 1528.5 -8.7 90 0 26.3 21.2 14.0 3.5 2 0 4 4 4
-4956.8 1527.3 -4.7 90 0 27.1 21.2 14.0 3.5 4 0 4 5 5
-4848.5 1528.2 -7.2 90 0 28.5 21.2 14.0 0.0 0 0 4 3 3
-4885.5 1527.9 -5.6 90 0 28.3 21.2 14.0 3.5 2 0 4 3 3
-4722.2 1539.8 -11.8 360 0 21.2 27.3 14.0 3.5 2 1 4 3 3
-4722.4 1509.9 -11.7 360 0 21.2 27.3 14.0 3.5 2 1 4 3 3
-4774.0 1498.9 -11.5 90 0 26.6 21.2 14.0 3.5 4 0 4 5 5
-4810.0 1498.6 -11.2 90 0 26.3 21.2 14.0 3.5 2 0 4 0 0
-4848.6 1498.3 -9.6 90 0 28.5 21.2 14.0 0.0 0 0 4 4 4
-4885.6 1498.0 -8.0 90 0 28.3 21.2 14.0 3.5 2 0 4 1 1
-4922.9 1497.7 -7.2 90 0 25.8 21.2 14.0 3.5 2 0 4 0 0
-4957.0 1497.5 -7.2 90 0 27.1 21.2 14.0 3.5 2 0 4 3 3
3341.3 -4350.6 -2.9 89 0 98.7 72.0 17.5 0.0 0 0 5 5 5
-6117.6 10193.2 -19.9 78 0 61.6 21.7 17.5 3.5 2 0 5 3 3
-5944.6 10198.1 -19.5 349 0 26.0 121.8 17.5 0.0 0 1 5 0 0
-5936.0 10152.7 -19.3 349 0 27.0 96.4 14.0 0.0 0 1 4 4 4
-5894.3 10246.3 -18.7 134 0 25.5 60.1 14.0 0.0 0 1 4 4 4
-5906.9 10269.8 -15.4 136 0 13.0 30.4 14.0 0.0 0 1 4 2 2
-5967.0 10289.7 -16.7 348 0 36.4 47.8 14.0 0.0 0 1 4 2 2
-6103.8 10135.9 -19.6 259 0 60.4 36.4 14.0 0.0 0 0 4 5 5
-6147.9 10246.2 -20.1 60 0 52.6 23.4 14.0 3.5 2 0 4 2 2
-4966.8 12393.2 -13.8 67 0 26.2 46.8 17.5 0.0 0 1 5 3 3
-1502.0 11288.2 2.5 148 0 48.0 9.8 10.5 0.0 0 0 3 0 0
-1461.5 11248.2 5.4 60 0 25.0 25.1 14.0 0.0 0 1 4 5 5
-1462.2 11238.3 6.8 239 0 12.7 36.1 14.0 3.5 2 1 4 5 5
-1532.3 11192.7 3.9 238 0 49.2 30.6 14.0 0.0 0 0 4 0 0
-1554.1 11231.3 1.8 148 0 41.1 14.6 17.5 3.5 4 0 5 2 2
-1575.8 11264.7 1.0 148 0 27.9 20.2 17.5 3.5 2 0 5 4 4
-1443.4 11200.8 7.3 239 0 9.4 35.8 10.5 3.5 2 1 3 2 2
-1458.5 11190.7 7.4 239 0 11.9 36.5 14.0 3.5 2 1 4 0 0
-1472.9 11182.4 6.9 239 0 11.9 36.5 14.0 3.5 2 1 4 3 3
-1486.6 11173.7 6.4 239 0 11.9 36.5 14.0 3.5 2 1 4 2 2
-1502.7 11164.6 5.8 238 0 15.3 47.2 14.0 3.5 2 1 4 5 5
-1520.4 11153.5 5.2 238 0 15.3 47.2 14.0 3.5 2 1 4 1 1
-1535.7 11139.6 4.8 238 0 15.3 47.2 14.0 3.5 2 1 4 1 1
-1557.9 11134.0 3.9 238 0 15.3 47.2 14.0 3.5 2 1 4 4 4
-1406.8 11104.5 5.2 58 0 15.3 47.2 14.0 3.5 4 1 4 0 0
-1423.7 11091.5 6.1 58 0 15.3 47.2 14.0 3.5 2 1 4 3 3
-1388.0 11120.3 4.4 56 0 12.3 41.5 14.0 3.5 2 1 4 5 5
-1437.8 11073.6 6.6 57 0 18.3 42.6 14.0 0.0 0 1 4 1 1
-1461.3 11057.6 6.7 58 0 23.3 57.4 14.0 3.5 2 1 4 2 2
-1488.7 11056.2 6.3 58 0 9.9 42.1 10.5 3.5 2 1 3 5 5
-1501.8 11048.0 5.9 58 0 9.9 42.1 10.5 3.5 2 1 3 3 3
-1537.6 11408.8 3.8 237 0 9.7 22.7 10.5 3.5 2 1 3 0 0
-1551.8 11429.3 5.0 59 0 10.1 33.3 17.5 3.5 2 1 5 5 5
-1577.2 11479.7 4.5 329 0 33.3 10.0 17.5 0.0 0 0 5 5 5
-1596.9 11511.6 3.7 329 0 33.3 10.0 17.5 3.5 2 0 5 2 2
-1610.3 11534.0 3.6 329 0 13.1 11.0 17.5 3.5 2 0 5 3 3
-1596.8 11472.6 3.5 329 0 27.3 15.8 17.5 3.5 2 0 5 0 0
-1569.4 11401.7 4.1 61 0 9.7 48.6 10.5 3.5 2 1 3 5 5
-1601.0 11353.6 2.7 61 0 13.5 25.2 17.5 3.5 2 1 5 3 3
-1623.7 11376.9 1.8 60 0 15.4 31.6 17.5 3.5 2 1 5 5 5
-1620.8 11353.2 1.9 329 0 26.2 10.4 14.0 3.5 2 0 4 1 1
-1522.6 11302.3 1.5 330 0 34.2 38.2 17.5 0.0 0 1 5 1 1
-1659.5 11356.1 -0.1 58 0 26.5 41.9 17.5 0.0 0 1 5 0 0
-1694.3 11334.3 -1.6 58 0 26.5 41.9 17.5 0.0 0 1 5 1 1
-1728.8 11312.6 -3.0 58 0 26.5 41.9 17.5 0.0 0 1 5 0 0
-1765.2 11289.9 -4.5 58 0 26.5 41.9 17.5 0.0 0 1 5 5 5
-1734.1 11255.2 -2.8 150 0 71.7 23.5 14.0 0.0 0 0 4 4 4
-1663.0 11434.8 1.0 148 0 60.7 12.6 17.5 3.5 2 0 5 1 1
-1619.1 11425.2 1.9 58 0 16.0 61.6 17.5 3.5 4 1 5 3 3
-1679.0 11482.9 1.2 147 0 21.9 42.1 17.5 0.0 0 1 5 3 3
-1640.8 11555.1 5.0 329 0 33.4 19.4 17.5 0.0 0 0 5 0 0
-1711.2 11560.0 3.8 238 0 34.6 56.8 17.5 0.0 0 1 5 4 4
-1924.3 11390.1 -1.8 163 0 42.0 43.0 17.5 0.0 0 1 5 5 5
-1848.5 11544.0 4.7 341 0 35.9 14.4 17.5 3.5 4 0 5 2 2
-1867.0 11566.0 3.2 340 0 14.1 18.9 17.5 3.5 4 1 5 3 3
-1925.3 11542.0 4.8 254 0 11.1 40.9 17.5 0.0 0 1 5 4 4
-1962.1 11530.6 5.9 254 0 11.1 40.9 17.5 0.0 0 1 5 3 3
-1936.1 11422.7 3.7 74 0 10.4 41.7 17.5 3.5 4 1 5 0 0
-1974.7 11434.4 4.7 163 0 26.1 10.2 17.5 3.5 2 0 5 0 0
-2026.5 11511.9 6.4 163 0 35.7 26.5 17.5 0.0 0 0 5 2 2
-1792.8 11274.2 -5.3 56 0 14.4 34.2 17.5 3.5 2 1 5 0 0
-1813.9 11264.4 -6.0 58 0 12.0 24.0 17.5 3.5 2 1 5 2 2
-1805.7 11260.4 -5.3 238 0 12.5 75.8 17.5 3.5 2 1 5 5 5
-1750.1 11172.3 -3.4 236 0 10.7 49.1 14.0 3.5 2 1 4 0 0
-1666.8 11235.9 -1.1 240 0 21.2 17.1 14.0 3.5 2 0 4 3 3
-1656.4 11214.6 -1.2 240 0 21.2 17.1 14.0 3.5 2 0 4 0 0
-1582.1 11165.7 2.8 240 0 11.4 31.6 14.0 3.5 2 1 4 1 1
-1588.0 11184.8 1.9 328 0 25.7 11.1 14.0 3.5 2 0 4 5 5
-1590.1 11137.1 1.3 56 0 12.5 50.7 14.0 3.5 2 1 4 5 5
-1612.6 11128.5 0.6 57 0 12.8 47.3 14.0 3.5 2 1 4 4 4
-1629.9 11115.9 0.0 57 0 12.8 47.3 14.0 3.5 2 1 4 3 3
-1587.5 11130.5 2.9 237 0 12.5 65.6 14.0 0.0 0 1 4 5 5
-1610.8 11117.0 2.1 237 0 12.5 65.6 14.0 3.5 2 1 4 4 4
-1633.1 11102.3 -1.7 237 0 12.5 65.6 14.0 3.5 2 1 4 1 1
-1650.9 11091.1 -3.3 237 0 12.5 65.6 14.0 3.5 2 1 4 5 5
-1523.5 11032.2 2.9 59 0 13.2 36.1 14.0 3.5 4 1 4 4 4
-1478.1 10997.6 -1.0 358 0 61.4 11.6 14.0 3.5 2 0 4 1 1
-1489.3 10926.0 -4.8 16 0 22.0 8.0 10.5 3.5 2 0 3 0 0
-1464.0 10994.6 0.0 178 0 63.3 23.1 17.5 3.5 2 0 5 0 0
-1464.2 10930.5 -3.9 178 0 53.6 23.5 17.5 3.5 2 0 5 5 5
-1425.3 11051.3 4.2 267 0 12.2 41.8 17.5 3.5 2 1 5 1 1
-1405.3 11052.3 2.8 267 0 12.2 41.8 17.5 3.5 4 1 5 3 3
-1410.9 10979.6 2.4 177 0 41.8 12.2 17.5 3.5 2 0 5 5 5
-1430.9 10978.6 1.3 177 0 41.8 12.2 17.5 0.0 0 0 5 0 0
-1400.5 10910.8 0.9 87 0 12.2 41.8 17.5 3.5 2 1 5 3 3
-1420.5 10909.8 -0.4 87 0 12.2 41.8 17.5 3.5 4 1 5 4 4
-1406.9 11070.8 4.0 269 0 10.9 16.1 17.5 3.5 2 1 5 0 0
-1373.7 11108.4 1.4 231 0 11.8 25.4 17.5 3.5 2 1 5 1 1
-1295.9 11068.7 -4.8 322 0 44.4 16.2 17.5 3.5 2 0 5 5 5
-1321.4 11059.6 -3.9 321 0 67.1 20.6 17.5 3.5 2 0 5 5 5
-1389.0 11093.7 2.7 247 0 15.8 17.8 17.5 3.5 2 1 5 1 1
-1360.6 10960.7 -2.8 85 0 29.7 41.2 17.5 0.0 0 1 5 0 0
-1256.7 11024.4 -8.7 307 0 37.5 10.6 17.5 3.5 2 0 5 1 1
-1215.8 10990.2 -7.8 307 0 37.5 10.6 17.5 3.5 2 0 5 5 5
-1169.8 10959.1 -7.4 307 0 37.5 10.6 17.5 3.5 2 0 5 0 0
-1131.0 10931.9 -8.6 307 0 37.5 10.6 17.5 3.5 2 0 5 2 2
-1327.0 10937.2 -0.2 135 0 31.6 17.2 17.5 3.5 2 0 5 0 0
-1231.2 10976.0 -5.7 308 0 36.5 13.1 17.5 3.5 2 0 5 3 3
-1244.7 10956.2 -3.0 308 0 36.5 13.1 17.5 3.5 2 0 5 4 4
-1275.2 10942.9 -1.5 219 0 15.3 41.4 17.5 3.5 2 1 5 1 1
-1291.4 10922.1 -2.2 220 0 15.3 41.4 17.5 3.5 2 1 5 4 4
-1195.4 10919.0 -4.0 308 0 36.5 13.1 17.5 0.0 0 0 5 0 0
-1305.3 10906.0 -3.5 218 0 12.4 45.0 17.5 3.5 4 1 5 0 0
-1207.5 10905.0 -3.6 307 0 39.7 16.3 17.5 3.5 2 0 5 0 0
-1242.8 10891.6 -4.1 217 0 16.3 39.7 17.5 3.5 2 1 5 3 3
-1177.1 10871.4 -5.4 307 0 39.7 16.3 17.5 3.5 2 0 5 4 4
-1189.7 10852.2 -6.9 307 0 39.7 16.3 17.5 3.5 2 0 5 4 4
-1224.7 10839.5 -8.3 217 0 16.3 39.7 17.5 3.5 2 1 5 1 1
-1257.3 10871.0 -5.9 218 0 15.5 41.1 17.5 0.0 0 1 5 0 0
-1163.2 10890.2 -6.3 306 0 38.8 14.0 17.5 3.5 2 0 5 1 1
-1098.9 10884.5 -9.2 307 0 53.1 30.8 17.5 0.0 0 0 5 3 3
-1128.8 10848.3 -8.5 309 0 45.7 31.7 17.5 0.0 0 0 5 2 2
-1186.2 10788.9 -11.0 134 0 34.4 41.0 17.5 0.0 0 1 5 5 5
-1055.6 10852.9 -10.5 307 0 36.8 30.4 17.5 0.0 0 0 5 5 5
-1014.8 10740.0 -12.8 236 0 24.7 51.0 14.0 3.5 2 1 4 3 3
-1038.1 10713.4 -12.6 236 0 23.1 26.5 14.0 0.0 0 1 4 2 2
-961.4 10684.6 -13.2 309 0 24.0 24.3 14.0 3.5 2 1 4 0 0
-917.7 10647.9 -13.6 343 0 13.7 27.5 14.0 3.5 2 1 4 5 5
-1647.6 11736.2 -6.2 147 0 59.9 20.0 17.5 3.5 4 0 5 4 4
-1584.7 11814.1 -8.5 239 0 17.5 51.5 17.5 3.5 2 1 5 4 4
-1609.3 11733.3 -6.5 59 0 11.2 44.9 17.5 3.5 2 1 5 1 1
-1582.6 11764.5 -7.6 60 0 9.4 18.1 10.5 3.5 2 1 3 2 2
-1635.5 11813.5 -5.8 332 0 34.8 24.9 17.5 0.0 0 0 5 1 1
-1695.7 11676.3 -0.9 328 0 28.6 17.3 17.5 3.5 4 0 5 0 0
-1718.7 11694.5 -1.6 330 0 20.0 14.6 17.5 3.5 2 0 5 4 4
-1782.2 11752.6 -3.4 238 0 17.1 58.3 17.5 0.0 0 1 5 1 1
-922.5 10733.5 -12.5 38 0 7.2 29.5 10.5 3.5 2 1 3 2 2
-955.4 10727.4 -12.6 43 0 17.4 7.5 10.5 3.5 2 0 3 0 0
-1276.1 10770.1 -11.9 131 0 21.3 36.4 17.5 0.0 0 1 5 0 0
-1226.7 10760.6 -12.1 134 0 37.3 15.0 17.5 0.0 0 0 5 2 2
-1203.1 10715.5 -11.8 147 0 21.7 10.1 17.5 3.5 4 0 5 1 1
-1241.0 10667.8 -11.5 148 0 63.9 25.7 17.5 0.0 0 0 5 3 3
-1199.7 10599.7 -10.8 148 0 64.0 25.8 17.5 0.0 0 0 5 1 1
-1176.8 10611.5 -10.9 147 0 58.9 15.7 17.5 3.5 2 0 5 5 5
-1170.3 10630.4 -11.0 147 0 37.6 12.4 17.5 3.5 2 0 5 2 2
-1134.3 10699.3 -11.9 57 0 14.5 58.8 17.5 3.5 4 1 5 4 4
-1148.8 10557.8 -9.4 56 0 11.3 30.8 17.5 3.5 2 0 5 1 1
-1140.1 10567.6 -10.4 56 0 13.6 27.1 17.5 3.5 2 0 5 3 3
-1128.8 10574.9 -10.5 59 0 12.8 32.2 17.5 3.5 2 0 5 1 1
-1114.4 10590.2 -10.6 58 0 16.6 27.4 17.5 3.5 2 1 5 4 4
-1154.4 10643.5 -11.0 146 0 20.1 12.0 17.5 0.0 0 0 5 0 0
-1119.4 10661.3 -11.2 329 0 50.1 9.5 10.5 3.5 2 0 3 1 1
-1113.8 10711.7 -11.9 59 0 19.3 46.4 17.5 3.5 2 1 5 0 0
-944.2 10614.1 -13.8 34 0 9.2 27.9 10.5 3.5 2 1 3 5 5
-1009.0 10596.9 -13.7 152 0 20.3 40.0 14.0 0.0 0 1 4 4 4
-914.6 10764.1 -12.3 304 0 29.6 12.6 14.0 3.5 4 0 4 3 3
-1251.0 10585.7 -4.5 269 0 68.4 41.0 17.5 0.0 0 0 5 1 1
-1065.8 10574.7 -13.5 73 0 35.1 19.3 17.5 0.0 0 0 5 0 0
-1031.2 10614.1 -13.6 329 0 52.6 22.0 17.5 3.5 2 0 5 3 3
-1384.6 10618.4 -7.5 277 0 130.8 37.8 17.5 0.0 0 0 5 0 0
-1384.7 10908.4 -1.0 84 0 10.5 37.8 17.5 3.5 2 1 5 0 0
-1509.9 10625.2 -7.8 177 0 88.0 23.5 17.5 0.0 0 0 5 0 0
-1537.6 10661.2 -9.4 271 0 13.0 74.9 14.0 0.0 0 1 4 1 1
-1453.3 10477.7 -12.3 185 0 27.2 116.7 14.0 0.0 0 1 4 0 0
-831.9 10519.0 -14.0 231 0 39.4 22.0 14.0 0.0 0 0 4 5 5
-1906.3 10858.5 -15.4 186 0 51.5 20.1 17.5 3.5 2 0 5 5 5
-1853.1 10854.0 -14.7 6 0 51.5 20.1 17.5 3.5 2 0 5 4 4
-1842.6 10918.6 -13.6 6 0 51.5 20.1 17.5 3.5 2 0 5 2 2
-1895.9 10923.1 -14.1 186 0 51.5 20.2 17.5 3.5 2 0 5 3 3
-1890.8 10976.2 -12.5 186 0 19.8 45.2 17.5 3.5 2 1 5 5 5
-1829.3 10961.4 -11.8 6 0 9.9 9.7 10.5 3.5 2 0 3 3 3
-1834.9 11014.4 -10.2 148 0 16.7 36.6 14.0 3.5 2 1 4 5 5
-1835.1 11052.3 -9.6 238 0 36.6 16.7 14.0 3.5 2 0 4 1 1
-1796.4 11077.7 -7.7 238 0 36.6 16.7 14.0 3.5 2 0 4 1 1
-1776.2 11042.2 -8.3 58 0 36.6 16.7 14.0 3.5 2 0 4 1 1
-1760.3 11091.1 -5.4 148 0 16.7 36.6 14.0 3.5 2 1 4 5 5
-1728.8 11072.4 -5.9 58 0 36.6 16.7 14.0 3.5 2 0 4 2 2
-1674.0 11075.8 -5.2 239 0 12.9 52.2 14.0 0.0 0 1 4 4 4
-1694.1 11067.8 -4.8 60 0 11.0 23.3 14.0 3.5 2 1 4 3 3
-1675.8 11086.5 -2.9 61 0 12.8 21.8 14.0 3.5 4 1 4 3 3
-1688.9 11111.7 -1.6 60 0 9.8 27.9 10.5 3.5 2 1 3 1 1
-1766.3 11163.0 -4.1 239 0 12.0 46.0 14.0 3.5 2 1 4 1 1
-1774.9 11138.9 -4.6 239 0 12.9 30.1 14.0 3.5 2 1 4 4 4
-1748.9 11202.7 -4.3 58 0 18.5 60.1 17.5 3.5 2 1 5 5 5
-2112.9 11109.1 -12.5 91 0 23.8 69.1 10.0 0.0 0 1 4 0 0
-2144.9 11109.7 -11.1 91 0 23.8 69.1 12.5 0.0 0 1 5 4 4
-2178.1 11109.4 -12.1 91 0 23.8 69.1 15.0 0.0 0 1 6 1 1
-2112.6 11253.9 -12.0 269 0 24.7 60.2 10.0 2.5 2 1 4 5 5
-2144.6 11253.4 -10.9 269 0 24.7 60.2 10.0 2.5 2 1 4 3 3
-2175.3 11255.6 -11.9 269 0 24.7 60.2 15.0 0.0 0 1 6 4 4
-2208.4 11252.0 -13.0 269 0 24.7 60.2 10.0 2.5 2 1 4 0 0
-2050.8 11378.8 -5.3 269 0 24.4 55.1 10.0 2.5 2 1 4 5 5
-4381.4 12599.1 -19.1 341 0 46.2 25.0 17.5 0.0 0 0 5 2 2
-4534.5 12653.2 -19.7 347 0 4.0 9.1 10.5 3.5 2 0 3 2 2
-4473.4 12680.1 -20.0 339 0 15.8 30.0 17.5 3.5 2 0 5 3 3
-4500.6 12697.3 -19.7 251 1 11.6 18.3 17.5 3.5 2 1 5 0 0
-4494.1 12719.2 -19.5 250 0 10.9 32.2 17.5 3.5 2 1 5 4 4
-4464.4 12711.5 -19.8 342 0 60.3 15.8 17.5 3.5 2 0 5 1 1
1894.7 -611.1 -1.7 172 0 84.3 89.4 28.0 0.0 0 1 8 1 1
2329.6 3644.9 -10.4 98 0 140.2 69.5 17.5 0.0 0 0 5 0 0
2194.8 3477.0 -10.5 89 0 172.1 166.0 14.0 0.0 0 0 4 4 4
5734.7 -666.9 -5.8 0 0 112.7 133.1 17.5 0.0 0 1 5 0 0
994.8 -3443.0 -7.2 74 0 62.5 139.8 17.5 0.0 0 1 5 4 4
-452.3 2825.6 -8.8 358 0 298.6 93.4 14.0 0.0 0 0 4 2 2
888.2 1533.4 -7.7 272 0 55.9 115.2 14.0 0.0 0 1 4 4 4
1875.6 -6145.9 -12.4 90 0 48.0 24.8 17.5 0.0 0 0 5 4 4
1875.1 -6080.8 -12.2 270 0 47.4 30.8 17.5 0.0 0 0 5 1 1
1949.4 -6128.4 -13.7 360 0 25.3 46.9 17.5 3.5 2 1 5 3 3
1950.1 -6095.1 -13.8 359 0 31.0 48.0 17.5 0.0 0 1 5 5 5
1742.9 -6132.9 -7.7 89 0 33.4 51.1 17.5 0.0 0 1 5 5 5
1741.8 -6017.5 -6.6 269 0 34.4 53.7 17.5 0.0 0 1 5 1 1
1784.7 -6132.7 -9.1 89 0 32.6 51.3 17.5 0.0 0 1 5 2 2
1801.8 -6043.7 -8.1 359 0 53.6 33.3 17.5 0.0 0 0 5 0 0
1832.5 -6154.0 -10.8 90 0 23.2 6.9 10.5 3.5 2 0 3 1 1
1754.8 -6326.1 -8.8 271 0 76.5 61.3 14.0 0.0 0 0 4 0 0
1879.2 -6461.8 -5.7 11 0 22.2 77.7 14.0 0.0 0 1 4 1 1
1886.0 -6418.3 -6.4 12 0 39.4 80.1 14.0 0.0 0 1 4 5 5
1738.8 -6463.5 -6.9 91 0 43.8 64.3 14.0 0.0 0 1 4 3 3
1758.3 -6499.8 -5.7 98 0 46.6 18.1 14.0 3.5 2 0 4 3 3
1672.1 -6425.3 -7.6 180 0 66.1 14.4 14.0 3.5 2 0 4 1 1
1690.5 -6322.0 -9.3 271 0 12.0 67.0 14.0 3.5 2 1 4 1 1
2632.9 -7811.0 -14.0 89 0 29.0 66.8 15.0 0.0 0 1 6 5 5
2616.6 -7702.4 -13.6 180 0 68.5 29.7 12.5 0.0 0 0 5 0 0
2677.2 -7810.1 -14.2 90 0 29.8 66.7 15.0 0.0 0 1 6 0 0
2675.9 -7667.7 -13.3 269 0 28.4 67.9 10.0 0.0 0 1 4 5 5
2723.7 -7809.7 -14.2 89 0 29.6 67.1 7.5 0.0 0 1 3 2 2
2722.3 -7668.2 -14.0 270 0 28.9 65.9 12.5 0.0 0 1 5 2 2
2761.4 -7808.3 -13.9 89 0 14.3 66.1 15.0 2.5 2 1 6 1 1
2767.0 -7701.9 -14.0 360 0 66.4 14.3 10.0 2.5 2 0 4 3 3
1751.1 -9113.8 -11.7 324 0 59.9 51.4 17.5 0.0 0 0 5 2 2
1692.3 -8854.6 -16.6 224 0 36.5 64.5 17.5 0.0 0 1 5 2 2
1789.7 -8951.4 -13.0 44 0 34.9 61.3 17.5 0.0 0 1 5 4 4
1823.9 -8907.8 -17.8 43 0 31.3 110.1 17.5 0.0 0 1 5 3 3
1851.5 -8878.6 -18.9 44 0 19.1 108.6 17.5 0.0 0 1 5 0 0
1950.9 -667.1 -1.2 263 0 36.4 38.2 17.5 0.0 0 1 5 0 0
1205.7 -164.0 -4.1 92 0 80.9 212.4 10.0 0.0 0 1 4 5 5
6922.2 10641.2 -22.4 183 0 163.9 157.0 10.0 0.0 0 0 4 0 0
-1306.7 3150.3 -8.5 1 0 274.0 135.8 14.0 0.0 0 0 4 4 4
-1233.6 2609.3 -6.7 180 0 124.0 117.1 17.5 0.0 0 0 5 1 1
-1120.3 2726.0 -8.7 0 0 92.2 197.7 14.0 0.0 0 1 4 1 1
99.7 3634.9 -12.6 173 0 192.7 162.9 14.0 0.0 0 0 4 0 0
-6745.1 5457.8 -13.2 358 0 53.0 50.3 21.0 0.0 0 0 6 3 3
-6752.3 5380.5 -12.5 89 0 10.7 28.0 17.5 3.5 2 1 5 4 4
-6821.9 5493.4 -13.3 270 0 28.7 116.1 15.0 0.0 0 1 6 0 0
-51.1 -4821.6 -10.8 347 0 193.9 215.7 17.5 0.0 0 1 5 0 0
-1775.5 9596.5 -1.7 181 0 65.3 12.0 10.0 2.5 2 0 4 1 1
-1740.7 9628.2 -4.4 271 0 44.2 13.5 7.5 2.5 2 0 3 5 5
-6000.8 11213.8 -11.9 17 0 14.6 38.4 21.0 0.0 0 1 6 3 3
3225.3 -7959.4 -7.6 91 0 123.7 155.8 17.5 0.0 0 1 5 4 4
3397.2 -8429.4 -10.7 275 0 21.2 82.6 14.0 0.0 0 1 4 4 4
3042.5 5673.8 -14.0 1 0 28.2 32.0 12.5 0.0 0 0 5 2 2
3042.5 5674.9 -14.0 1 0 39.1 40.3 17.5 0.0 0 0 7 3 3
3171.2 5694.9 -14.2 276 0 41.9 58.2 12.5 0.0 0 1 5 1 1
6264.9 -7074.9 -18.3 269 0 62.8 42.0 17.5 0.0 0 0 5 5 5
3813.1 -6986.2 -9.2 91 0 49.3 64.1 17.5 0.0 0 1 5 5 5
3870.8 -6980.2 -6.6 90 0 27.0 57.3 17.5 3.5 2 1 5 2 2
3928.8 -6986.7 -12.3 88 0 51.6 65.5 17.5 0.0 0 1 5 1 1
3925.1 -6676.8 -3.2 269 0 49.3 64.9 17.5 0.0 0 1 5 0 0
3942.2 -6832.1 -5.6 358 0 51.8 29.5 17.5 0.0 0 0 5 2 2
3870.7 -6683.6 -5.0 271 0 30.9 58.7 17.5 0.0 0 1 5 1 1
3815.0 -6678.5 -7.3 270 0 49.0 63.1 17.5 0.0 0 1 5 0 0
3801.6 -6904.7 -4.9 91 0 23.9 62.3 17.5 3.5 2 1 5 1 1
3802.6 -6760.0 -5.7 269 0 22.6 61.9 17.5 3.5 2 1 5 5 5
2341.5 -1836.6 -1.5 80 0 9.3 21.6 5.0 2.5 2 1 2 3 3
2358.0 -1822.4 -1.9 350 0 21.6 9.3 7.5 2.5 2 0 3 1 1
1761.3 -319.4 -4.6 268 0 59.4 67.0 17.5 0.0 0 1 5 3 3
-4446.0 10277.3 -11.5 43 0 37.2 22.4 10.0 0.0 0 0 4 1 1
-4428.4 10260.1 -11.0 43 0 36.5 20.4 7.5 0.0 0 0 3 0 0
-4480.8 10309.5 -11.9 223 0 37.1 21.4 10.0 0.0 0 0 4 3 3
-4401.5 10321.9 -12.3 313 0 22.1 39.4 12.5 0.0 0 1 5 4 4
-4416.9 10335.2 -12.6 313 0 12.0 37.0 7.5 2.5 4 1 3 3 3
-440.7 -7388.3 -5.6 181 0 138.3 115.6 17.5 0.0 0 0 5 0 0
-356.6 -7193.9 -9.9 268 0 166.7 113.6 17.5 0.0 0 0 5 3 3
-1024.0 -7945.8 4.9 4 0 202.3 111.0 7.5 0.0 0 0 3 1 1
3451.2 -3316.5 -9.7 271 0 111.5 147.9 17.5 0.0 0 1 5 1 1
3619.9 -3389.5 -8.8 359 0 145.2 107.1 17.5 0.0 0 0 5 4 4
-4292.7 12448.5 -16.0 141 0 60.9 15.6 17.5 3.5 2 0 5 3 3
-4196.2 12360.7 -17.1 138 0 34.9 16.2 14.0 3.5 2 0 4 1 1
-4196.8 12351.9 -17.3 320 1 21.3 11.5 21.0 0.0 0 0 6 3 3
-4209.4 12345.0 -17.3 322 0 22.8 9.5 10.5 0.0 0 0 3 2 2
-4295.3 12441.1 -16.8 323 0 29.2 17.5 17.5 3.5 2 0 5 1 1
-4434.2 12404.1 -13.3 340 0 37.4 8.6 10.5 3.5 2 0 3 3 3
-4445.6 12441.8 -13.6 344 0 32.8 9.4 10.5 3.5 2 0 3 5 5
-4785.8 12094.4 -13.5 72 0 20.1 68.9 14.0 0.0 0 1 4 1 1
-4486.9 12259.5 -10.0 80 0 13.7 42.0 17.5 3.5 2 1 5 5 5
-4508.8 12182.2 -8.6 259 0 30.0 28.0 17.5 0.0 0 0 5 2 2
-4295.4 12370.2 -17.0 250 1 10.4 21.9 21.0 0.0 0 1 6 2 2
-4502.0 12386.4 -9.9 167 0 5.9 17.1 10.5 3.5 2 1 3 1 1
-4497.0 12380.3 -10.4 167 0 4.9 17.3 10.5 3.5 2 1 3 2 2
-4486.2 12367.1 -10.9 76 1 19.5 11.7 17.5 3.5 2 0 5 1 1
-4556.1 12115.9 -11.7 137 0 51.2 34.4 21.0 0.0 0 0 6 0 0
-6473.2 10918.9 -13.5 3 0 20.6 26.2 17.5 3.5 2 1 5 5 5
-6685.8 10872.5 -11.4 4 0 15.5 24.8 14.0 3.5 4 1 4 4 4
-6611.8 11056.5 -7.5 94 0 25.9 23.5 17.5 0.0 0 0 5 0 0
-6612.3 11051.4 -8.3 273 0 26.9 24.0 17.5 0.0 0 0 5 2 2
-6615.3 10997.5 -9.0 94 0 26.3 24.2 17.5 0.0 0 0 5 1 1
-6629.5 10981.9 -9.9 184 0 24.8 25.7 21.0 0.0 0 1 6 0 0
-6643.6 11179.3 -10.8 275 0 15.8 46.3 17.5 3.5 2 1 5 3 3
-6242.3 11605.0 -11.9 272 0 42.0 50.5 17.5 0.0 0 1 5 3 3
-6245.5 11187.8 -10.1 93 0 47.2 37.1 14.0 0.0 0 0 4 3 3
-6635.5 10999.1 -8.8 274 0 8.9 9.3 10.5 3.5 2 1 3 1 1
-6631.5 10952.6 -10.7 184 0 26.0 25.3 21.0 0.0 0 0 6 2 2
-6788.2 10956.0 -2.3 160 0 12.2 8.8 10.5 3.5 2 0 3 1 1
3479.9 47.0 -5.7 174 0 41.7 23.4 17.5 0.0 0 0 5 2 2
3517.1 72.2 -5.3 264 0 20.2 36.0 17.5 0.0 0 1 5 4 4
3553.0 60.4 -4.9 354 0 31.7 18.7 17.5 3.5 2 0 5 1 1
1648.1 -5773.3 -9.3 360 0 82.0 61.5 17.5 0.0 0 0 5 5 5
4711.4 -3169.0 -1.1 183 0 74.9 50.3 17.5 0.0 0 0 5 4 4
-4232.2 11228.5 -14.4 119 0 55.0 12.4 17.5 3.5 2 0 5 1 1
-4332.6 11353.2 -16.9 207 0 16.1 53.1 17.5 0.0 0 1 5 4 4
-4364.1 11366.0 -17.7 305 0 14.4 15.6 17.5 3.5 2 1 5 4 4
-3906.5 11421.3 -19.1 65 0 13.3 23.9 17.5 3.5 2 1 5 1 1
-3945.7 11481.0 -19.4 64 0 45.9 11.6 17.5 3.5 2 0 5 0 0
-3963.5 11460.3 -19.3 155 0 18.8 8.8 10.5 3.5 2 0 3 3 3
-3997.7 11469.4 -19.0 241 0 10.8 24.8 14.0 3.5 2 1 4 4 4
-3974.3 11433.9 -18.5 333 0 27.2 14.5 14.0 3.5 2 0 4 3 3
-4027.0 11454.3 -18.4 244 0 10.3 24.9 14.0 3.5 2 1 4 1 1
-4000.6 11397.1 -17.7 66 0 8.2 29.1 10.5 3.5 2 1 3 4 4
-4020.7 11386.5 -17.4 64 0 20.8 25.4 17.5 3.5 2 1 5 3 3
-4043.7 11356.6 -17.7 154 0 16.2 95.7 14.0 3.5 2 0 4 3 3
-3978.2 11551.5 -17.2 63 0 38.6 10.9 14.0 3.5 2 0 4 2 2
-3924.3 11519.1 -17.7 334 0 55.1 10.3 17.5 3.5 2 0 5 0 0
-3938.5 11466.0 -19.4 155 0 11.6 9.0 10.5 3.5 2 0 3 5 5
-3965.6 11509.0 -19.5 337 0 22.2 25.3 14.0 3.5 2 1 4 3 3
-3994.9 11570.7 -18.9 59 0 55.2 12.4 14.0 3.5 2 0 4 5 5
-4020.9 11467.2 -19.1 64 0 17.2 15.3 17.5 3.5 2 0 5 1 1
-4035.0 11506.9 -19.5 247 0 16.2 21.5 17.5 3.5 2 1 5 1 1
-4043.4 11408.1 -17.5 69 0 5.4 11.7 10.5 3.5 2 0 3 2 2
-4051.4 11475.9 -19.0 334 0 50.0 11.7 14.0 3.5 2 0 4 3 3
-4079.7 11461.3 -18.6 156 0 22.2 20.4 14.0 3.5 2 0 4 4 4
-4100.8 11511.8 -19.3 146 0 41.6 24.2 14.0 0.0 0 0 4 1 1
-3846.0 11595.7 -16.7 164 0 18.9 42.5 17.5 3.5 2 1 5 4 4
-3988.1 11404.9 -18.2 67 0 13.4 33.3 14.0 3.5 2 1 4 1 1
-4013.3 11460.7 -18.7 244 0 13.7 24.3 14.0 3.5 2 1 4 4 4
-4005.2 11549.0 -17.4 247 0 9.2 16.6 10.5 3.5 2 1 3 0 0
-3939.0 11424.3 -18.5 246 0 8.9 14.7 10.5 3.5 2 1 3 3 3
-4052.3 11376.9 -16.9 159 0 28.0 9.7 10.5 3.5 2 0 3 0 0
-4062.9 11415.5 -17.5 164 0 7.2 8.5 10.5 3.5 2 1 3 0 0
-4033.3 11412.5 -17.6 64 0 5.4 11.5 10.5 3.5 2 0 3 3 3
-4027.5 11415.3 -17.7 65 0 7.2 11.5 10.5 3.5 2 0 3 5 5
-4068.3 11445.3 -18.1 170 0 10.0 9.6 10.5 3.5 2 0 3 4 4
-4085.6 11483.4 -18.9 155 0 23.0 12.4 14.0 3.5 2 0 4 0 0
-4558.2 12524.3 -20.4 348 0 59.7 149.0 17.5 0.0 0 1 5 3 3
6548.3 7933.2 -15.9 191 0 334.0 181.9 17.5 0.0 0 0 5 4 4
6599.9 7711.3 -16.8 280 0 172.9 298.5 17.5 0.0 0 1 5 3 3
6880.6 7693.9 -20.2 265 0 353.6 375.5 14.0 0.0 0 1 4 3 3
-6258.7 12106.3 -8.2 299 0 9.8 16.5 10.5 3.5 2 1 3 5 5
3607.9 12066.6 -20.9 270 0 13.6 40.0 10.0 2.5 2 1 4 0 0
3634.1 12026.9 -21.0 90 0 13.6 40.0 10.0 2.5 4 1 4 3 3
3667.9 12046.9 -21.1 360 0 40.0 13.6 10.0 2.5 2 0 4 3 3
3618.6 12094.7 -21.3 179 0 13.1 22.5 10.0 2.5 2 1 4 1 1
3921.1 5615.3 -17.7 89 0 15.4 62.1 17.5 3.5 4 1 5 0 0
3789.1 5700.7 -15.6 114 0 38.3 57.5 17.5 0.0 0 1 5 4 4
3857.2 5695.9 -17.6 90 0 38.8 80.8 17.5 0.0 0 1 5 0 0
3932.8 5734.5 -18.1 0 0 80.8 38.8 17.5 0.0 0 0 5 5 5
-4311.9 11277.9 -15.3 209 0 12.4 59.3 17.5 3.5 2 1 5 5 5
-4347.9 11341.5 -17.3 299 0 12.1 29.8 17.5 3.5 2 0 5 3 3
-4367.7 11345.7 -17.6 287 0 11.7 39.8 17.5 3.5 2 1 5 1 1
-4725.6 10995.0 -16.3 120 0 31.4 38.2 17.5 0.0 0 1 5 1 1
-2570.9 11633.3 -15.2 344 0 109.9 119.9 12.5 0.0 0 1 5 2 2
5303.9 -3807.1 0.6 270 0 16.6 57.0 14.0 3.5 2 1 4 2 2
1171.7 -1024.9 -2.5 107 0 84.0 52.3 17.5 0.0 0 0 5 1 1
1164.4 -806.1 -1.7 102 0 11.9 49.9 10.5 3.5 2 1 3 5 5
927.8 -866.4 -4.8 104 0 14.6 31.5 7.0 3.5 2 1 2 0 0
959.5 -710.4 -7.6 176 0 25.6 14.5 3.5 3.5 2 0 1 0 0
1079.0 -824.9 -1.9 282 0 48.2 19.7 17.5 3.5 2 0 5 3 3
1106.9 -860.2 -0.4 284 0 13.3 44.8 21.0 0.0 0 1 6 5 5
952.6 -662.4 -7.5 162 0 34.1 38.5 17.5 0.0 0 1 5 2 2
2727.0 5855.0 -6.1 307 0 62.1 44.7 17.5 0.0 0 0 5 1 1
2748.8 5840.2 -6.8 38 0 67.5 50.2 17.5 0.0 0 0 5 5 5
-5839.8 12721.1 -14.3 351 0 21.7 22.9 17.5 0.0 0 1 5 3 3
-5822.9 12756.8 -14.1 257 0 22.6 42.2 17.5 0.0 0 1 5 4 4
-3391.8 1529.6 -10.0 158 0 27.0 11.1 7.5 2.5 2 0 3 5 5
-3406.5 1559.8 -10.8 158 0 28.3 13.8 10.0 2.5 4 0 4 4 4
-2564.8 11462.9 -14.7 267 0 6.6 11.3 10.5 0.0 0 0 3 0 0
-2547.6 11448.8 -14.5 90 0 10.2 13.9 14.0 0.0 0 0 4 3 3
3077.1 6040.3 -7.2 210 0 21.0 24.3 14.0 0.0 0 1 4 3 3
