-5261.7 2415.0 1.2 328 0 24.3 9.6 10.5 3.5 2 0 3 5 5
-5253.2 2468.1 1.7 3 0 6.2 16.1 10.5 0.0 0 1 3 5 5
-5273.8 2495.0 7.0 359 0 16.2 11.9 14.0 3.5 2 0 4 2 2
-5294.8 2521.7 12.4 270 1 12.9 14.8 14.0 3.5 2 1 4 3 3
-4422.5 3224.9 -10.2 44 0 15.3 30.1 14.0 3.5 4 1 4 4 4
4695.4 3798.1 5.4 136 0 8.1 21.5 5.0 2.5 2 1 2 3 3
-47.9 11584.1 -40.5 170 0 131.7 203.6 10.0 0.0 0 1 4 0 0
6389.0 -6297.2 -19.5 347 0 92.9 224.1 14.0 0.0 0 1 4 1 1
6527.7 -8577.3 -27.4 90 0 17.3 20.8 14.0 0.0 0 1 4 1 1
-358.1 5054.9 -5.1 307 0 45.5 17.9 14.0 3.5 2 0 4 0 0
-5260.8 2508.2 2.2 5 0 12.3 12.8 14.0 3.5 2 0 4 2 2
-5264.9 2479.8 3.6 356 0 12.9 8.2 10.5 3.5 2 0 3 0 0
-3782.6 954.4 28.8 309 0 67.5 14.7 14.0 3.5 2 0 4 4 4
