3506.1 5163.7 -49.2 17 0 92.4 141.3 7.5 0.0 0 1 3 2 2
2420.6 7353.1 -45.4 230 0 22.1 63.5 14.0 3.5 2 1 4 5 5
313.9 -11527.0 -60.2 341 0 39.9 35.7 14.0 0.0 0 0 4 5 5
-3156.7 -6173.6 -55.0 270 0 59.9 41.7 17.5 0.0 0 0 5 5 5
-3392.2 -3459.4 -51.8 359 0 51.2 14.2 17.5 3.5 2 0 5 3 3
-3440.4 -3485.8 -53.2 89 0 10.7 53.8 17.5 3.5 2 1 5 4 4
-3452.6 -3374.2 -53.1 271 0 12.1 54.5 17.5 0.0 0 1 5 1 1
-3412.4 -3371.6 -52.5 268 0 11.6 57.0 17.5 3.5 2 1 5 2 2
-2985.5 -6216.8 -52.3 89 0 23.3 37.6 17.5 0.0 0 0 5 3 3
-3010.2 -6141.1 -52.6 90 0 10.2 45.9 14.0 3.5 2 1 4 2 2
560.0 -7906.3 -49.4 82 0 8.0 24.9 10.5 0.0 0 1 3 3 3
-3274.1 -5966.4 -56.7 270 0 35.0 14.2 14.0 3.5 2 0 4 2 2
2214.7 -7457.2 -55.4 339 0 100.7 174.6 17.5 0.0 0 1 5 0 0
2203.2 -7131.2 -54.2 339 0 89.5 32.1 17.5 0.0 0 0 5 4 4
1975.2 -7033.5 -55.7 249 0 25.4 43.8 17.5 0.0 0 1 5 1 1
-3050.4 -11992.5 -62.6 43 0 181.1 141.5 17.5 0.0 0 0 5 4 4
-78.7 -8196.7 -54.3 0 0 59.9 31.2 17.5 0.0 0 0 5 4 4
434.9 -7119.9 -51.1 270 0 83.2 34.1 17.5 0.0 0 0 5 1 1
2488.3 -7513.5 -55.5 158 0 42.4 75.0 14.0 0.0 0 0 4 5 5
2723.5 -7300.6 -54.2 250 0 11.8 32.2 17.5 3.5 2 1 5 4 4
-137.1 -8647.9 -43.3 239 0 14.1 36.4 17.5 3.5 2 1 5 0 0
525.0 -7120.1 -50.5 269 0 59.3 28.5 21.0 0.0 0 0 6 5 5
-5389.1 -11049.7 -54.1 1 0 102.6 163.0 17.5 0.0 0 0 5 3 3
-5560.6 -11097.5 -52.9 91 0 15.2 102.3 17.5 3.5 2 0 5 5 5
-3679.7 -10019.7 -47.8 270 0 75.6 91.4 14.0 0.0 0 1 4 1 1
667.1 -10356.4 -60.6 176 0 221.1 57.9 17.5 0.0 0 0 5 3 3
-3218.4 -10433.4 -51.6 265 0 127.5 77.5 14.0 0.0 0 0 4 2 2
3289.9 -8174.1 -52.5 243 0 42.2 28.0 17.5 0.0 0 0 5 5 5
729.9 -7671.6 -43.2 360 0 43.5 27.2 21.0 3.5 2 0 6 0 0
-35.6 -8233.3 -48.7 38 0 64.1 3.6 10.5 3.5 2 0 3 3 3
-1810.4 3621.7 53.1 356 0 22.3 29.7 14.0 0.0 0 1 4 5 5
-1636.5 3647.8 -16.5 359 0 19.3 21.2 14.0 3.5 2 1 4 3 3
-1581.6 3650.6 -43.0 354 0 44.7 8.0 10.5 3.5 2 0 3 1 1
-1589.0 3677.3 -43.0 85 0 8.0 31.5 10.5 3.5 2 1 3 5 5
-2831.1 -10123.3 -45.8 68 0 20.5 20.7 17.5 0.0 0 1 5 2 2
-72.2 -8852.3 -47.2 61 0 22.2 51.9 17.5 0.0 0 0 5 1 1
7.9 -9064.1 -51.9 336 0 10.7 31.6 17.5 3.5 4 1 5 2 2
-10.9 -9061.4 -52.2 66 0 30.3 12.0 14.0 0.0 0 0 4 5 5
-19.0 -9043.5 -52.5 66 0 30.5 15.3 17.5 3.5 4 0 5 1 1
32.0 -9061.2 -52.3 65 0 32.3 12.5 17.5 3.5 2 0 5 5 5
24.1 -9045.5 -52.3 66 0 31.0 12.0 17.5 3.5 2 0 5 3 3
-1.2 -9026.7 -52.6 156 0 15.9 34.6 17.5 3.5 2 1 5 3 3
-94.2 -8952.1 -51.5 65 0 20.8 54.0 14.0 3.5 2 0 4 0 0
-125.7 -8966.7 -51.0 65 0 24.3 54.0 14.0 3.5 2 0 4 3 3
-165.8 -8985.1 -52.1 65 0 23.3 53.9 14.0 3.5 2 0 4 4 4
-223.1 -8967.6 -51.9 156 0 28.1 16.9 14.0 3.5 2 0 4 3 3
-211.3 -8993.6 -51.6 155 0 22.5 15.0 14.0 3.5 2 0 4 4 4
-224.3 -9013.1 -51.7 66 0 20.7 53.1 17.5 3.5 2 0 5 3 3
-248.3 -9023.8 -51.6 66 0 17.8 53.1 17.5 3.5 2 0 5 4 4
-272.0 -9034.5 -52.0 66 0 20.2 53.1 17.5 3.5 2 0 5 4 4
-295.0 -9044.8 -52.5 66 0 16.8 53.1 17.5 3.5 2 0 5 5 5
9.0 -8774.9 -44.6 332 0 12.0 10.0 17.5 3.5 2 0 5 3 3
-326.0 -9059.0 -52.6 66 0 37.2 53.5 17.5 0.0 0 1 5 4 4
-379.4 -9076.7 -51.8 66 0 25.2 41.5 14.0 0.0 0 1 4 0 0
-425.3 -9101.6 -52.0 67 0 22.9 45.2 14.0 0.0 0 1 4 2 2
-502.7 -9135.3 -51.6 67 0 29.2 17.5 14.0 3.5 2 0 4 5 5
-463.6 -9118.4 -52.2 67 0 20.7 17.5 14.0 3.5 2 0 4 4 4
-475.9 -9090.0 -50.8 67 0 26.8 16.4 17.5 3.5 2 0 5 4 4
-532.8 -9105.0 -50.5 158 0 16.1 29.3 17.5 3.5 2 0 5 5 5
-551.3 -9153.6 -51.5 69 0 38.2 37.8 14.0 0.0 0 0 4 0 0
-601.0 -9172.3 -51.7 70 0 22.4 42.7 17.5 0.0 0 0 5 0 0
-639.6 -9186.6 -51.9 70 0 20.7 42.7 17.5 3.5 2 0 5 1 1
-179.6 -8803.6 -50.1 64 0 37.5 35.4 17.5 0.0 0 0 5 5 5
-127.9 -8889.9 -49.2 64 0 29.3 84.1 17.5 0.0 0 1 5 5 5
-187.4 -8872.8 -51.2 155 0 80.5 17.2 17.5 3.5 4 0 5 2 2
-193.9 -8875.0 -52.9 335 0 87.0 27.1 17.5 0.0 0 0 5 1 1
-238.7 -8897.9 -52.4 245 0 29.8 41.7 17.5 0.0 0 1 5 5 5
-259.1 -8855.5 -52.8 245 0 29.9 40.8 17.5 0.0 0 1 5 4 4
-295.8 -8818.3 -51.8 247 0 170.6 18.6 17.5 0.0 0 0 5 0 0
-270.3 -8883.6 -53.1 335 0 40.9 29.9 14.0 0.0 0 0 4 4 4
-272.7 -8913.7 -52.2 245 0 29.4 42.0 17.5 0.0 0 1 5 5 5
-309.8 -8955.5 -52.9 155 0 40.8 28.9 17.5 0.0 0 0 5 5 5
-330.3 -8912.2 -52.9 154 0 44.9 29.8 17.5 0.0 0 0 5 5 5
-314.6 -8958.9 -52.8 335 0 37.3 28.9 17.5 0.0 0 0 5 3 3
-357.8 -8901.0 -52.6 244 0 28.7 42.7 17.5 0.0 0 1 5 2 2
-347.9 -8970.4 -52.4 334 0 39.0 14.6 17.5 0.0 0 0 5 3 3
-367.3 -8930.2 -51.6 336 0 46.5 13.7 17.5 3.5 2 0 5 0 0
-426.8 -8900.1 -50.6 68 0 89.2 26.3 17.5 0.0 0 0 5 0 0
-545.5 -8881.0 -45.6 277 0 17.0 40.8 17.5 3.5 2 0 5 0 0
-567.0 -8878.4 -44.8 277 0 14.6 40.9 17.5 3.5 2 0 5 2 2
-595.6 -8874.9 -44.1 277 0 26.1 40.8 17.5 0.0 0 0 5 1 1
-602.5 -8966.9 -44.6 69 0 70.4 46.1 17.5 0.0 0 0 5 4 4
-473.9 -9021.9 -48.9 158 0 51.9 17.3 14.0 0.0 0 0 4 5 5
-492.7 -8968.6 -48.1 159 0 53.4 15.2 14.0 3.5 2 0 4 4 4
-476.3 -9054.5 -49.3 70 0 12.3 47.3 17.5 3.5 2 1 5 4 4
-499.4 -8973.1 -47.4 341 0 54.8 12.1 17.5 3.5 2 0 5 4 4
-488.7 -9060.0 -49.4 70 0 14.6 55.1 17.5 3.5 2 1 5 5 5
-525.9 -8983.5 -46.9 160 0 55.5 12.6 17.5 3.5 2 0 5 4 4
-529.1 -9016.5 -49.3 248 0 15.1 52.1 17.5 0.0 0 1 5 1 1
-542.6 -9022.6 -49.2 248 0 10.6 51.5 17.5 3.5 2 1 5 3 3
-533.4 -8981.8 -46.4 340 0 47.8 11.8 14.0 3.5 2 0 4 2 2
-559.3 -8991.5 -46.5 160 0 46.5 13.2 14.0 3.5 2 0 4 3 3
-562.4 -9024.0 -46.9 69 0 12.9 51.7 17.5 3.5 4 1 5 3 3
-560.3 -9028.2 -48.9 248 0 12.2 53.5 14.0 3.5 2 1 4 5 5
-573.7 -9034.0 -48.6 249 0 13.2 52.7 14.0 3.5 2 1 4 4 4
-577.3 -9029.4 -46.7 70 0 11.8 51.3 17.5 3.5 2 1 5 5 5
-603.5 -9039.8 -46.3 69 0 28.4 51.3 17.5 0.0 0 1 5 4 4
-600.3 -9045.4 -48.7 249 0 27.6 51.4 17.5 0.0 0 1 5 1 1
-612.5 -9077.6 -49.0 338 0 47.2 12.3 17.5 0.0 0 0 5 2 2
-640.4 -9061.2 -49.2 250 0 12.5 49.4 17.5 3.5 2 1 5 0 0
-633.4 -9023.3 -46.1 339 0 49.9 12.9 17.5 3.5 2 0 5 3 3
-644.7 -9055.7 -46.9 69 0 12.9 50.0 17.5 3.5 2 1 5 0 0
-661.8 -9069.8 -49.3 249 0 14.8 49.6 17.5 3.5 4 1 5 2 2
-682.4 -9120.6 -48.4 80 0 12.0 23.2 17.5 3.5 2 1 5 3 3
-684.7 -9006.1 -45.4 19 0 43.1 23.6 17.5 0.0 0 0 5 0 0
-724.9 -9050.2 -46.8 198 0 48.0 24.2 17.5 0.0 0 0 5 0 0
-724.9 -9126.4 -48.3 89 0 27.0 24.4 17.5 0.0 0 0 5 5 5
-674.7 -8962.6 -42.6 107 0 24.5 35.4 17.5 0.0 0 0 5 1 1
112.4 -8530.0 -53.3 151 0 47.3 13.1 14.0 3.5 2 0 4 2 2
71.7 -8378.5 -53.9 330 0 77.3 13.3 17.5 0.0 0 0 5 2 2
51.7 -8398.3 -54.0 329 0 62.6 12.5 17.5 3.5 2 0 5 2 2
16.3 -8340.4 -53.9 329 0 63.5 12.9 17.5 3.5 2 0 5 3 3
-45.4 -8404.8 -51.0 63 0 14.1 49.1 17.5 3.5 2 1 5 1 1
-74.5 -8393.2 -49.7 334 0 49.0 13.4 17.5 3.5 2 0 5 4 4
-106.8 -8424.8 -48.0 63 0 10.0 29.5 10.5 3.5 2 1 3 3 3
-92.7 -8357.6 -49.7 332 0 16.6 98.1 17.5 0.0 0 1 5 2 2
-130.9 -8452.8 -46.5 63 0 11.9 50.5 17.5 3.5 2 1 5 3 3
-192.2 -8407.8 -46.9 333 0 12.0 48.1 17.5 3.5 2 1 5 0 0
-170.4 -8450.8 -45.7 290 0 13.9 23.9 17.5 3.5 4 1 5 3 3
-179.2 -8426.3 -46.6 331 0 12.5 49.3 17.5 3.5 2 1 5 5 5
-144.6 -8471.1 -45.6 240 0 12.8 50.7 17.5 3.5 2 1 5 5 5
-169.9 -8486.6 -45.4 241 0 25.5 51.1 17.5 0.0 0 1 5 3 3
-200.9 -8503.2 -45.7 240 0 26.3 51.6 17.5 0.0 0 1 5 2 2
-208.0 -8536.7 -47.0 331 0 53.7 27.0 21.0 0.0 0 0 6 0 0
-241.6 -8552.5 -48.5 330 0 51.3 12.9 17.5 3.5 2 0 5 2 2
-88.6 -8621.7 -45.1 240 0 27.1 14.1 17.5 3.5 2 0 5 0 0
-113.7 -8637.1 -43.5 240 0 13.9 24.7 17.5 3.5 2 1 5 5 5
-33.9 -8619.0 -47.2 150 0 40.8 13.1 17.5 3.5 2 0 5 0 0
-13.2 -8583.4 -48.6 241 0 27.3 42.1 17.5 0.0 0 1 5 0 0
18.9 -8564.9 -50.0 240 0 25.9 43.7 17.5 0.0 0 1 5 2 2
50.9 -8544.0 -51.7 240 0 31.7 44.2 17.5 0.0 0 1 5 5 5
93.5 -8545.8 -52.5 331 0 40.9 16.4 17.5 3.5 2 0 5 0 0
-386.8 -8773.1 -50.9 244 0 10.9 36.1 17.5 3.5 2 1 5 5 5
-403.9 -8725.4 -49.8 334 0 68.0 12.9 14.0 3.5 2 0 4 1 1
-465.9 -8616.7 -46.1 243 0 12.9 85.2 14.0 3.5 2 1 4 5 5
-627.4 -8738.6 -43.2 200 0 51.8 27.1 17.5 0.0 0 0 5 1 1
-359.0 -8761.9 -51.8 244 0 12.5 37.5 17.5 3.5 4 1 5 4 4
-332.0 -8618.3 -51.5 243 0 65.5 44.9 14.0 0.0 0 0 4 1 1
-230.7 -8690.4 -51.0 60 0 14.2 75.5 14.0 3.5 2 1 4 4 4
-320.4 -8533.9 -50.8 240 0 14.6 82.9 17.5 3.5 2 1 5 1 1
-282.2 -8775.1 -52.2 65 0 90.6 15.4 17.5 3.5 2 0 5 2 2
-338.6 -8755.5 -52.0 248 0 15.2 13.9 17.5 3.5 2 0 5 4 4
-320.0 -8747.9 -52.8 247 0 17.5 13.9 17.5 3.5 2 0 5 3 3
-300.5 -8739.2 -53.1 246 0 16.9 15.2 17.5 3.5 2 0 5 3 3
-271.4 -8725.4 -53.5 246 0 36.0 15.8 17.5 3.5 4 0 5 1 1
-241.3 -8713.2 -51.0 245 0 14.0 10.6 17.5 3.5 2 0 5 3 3
-263.0 -8672.3 -51.9 333 0 51.9 13.9 17.5 3.5 2 0 5 5 5
-283.5 -8684.5 -52.9 333 0 51.9 13.3 17.5 3.5 4 0 5 1 1
-326.3 -8677.4 -53.1 243 0 26.8 51.9 17.5 0.0 0 1 5 1 1
-352.6 -8692.6 -51.1 244 0 14.5 50.4 17.5 3.5 2 1 5 5 5
-319.9 -8569.5 -51.2 331 0 59.2 13.7 14.0 3.5 2 0 4 5 5
-359.8 -8556.1 -51.8 242 0 13.4 59.7 17.5 3.5 4 1 5 3 3
-383.8 -8569.7 -51.5 242 0 27.1 59.2 14.0 0.0 0 1 4 3 3
-415.9 -8585.4 -49.9 243 0 27.6 59.7 21.0 0.0 0 1 6 0 0
-397.3 -8558.2 -50.7 60 0 92.3 12.9 17.5 3.5 2 0 5 5 5
-463.7 -8575.6 -46.8 151 0 35.8 12.9 17.5 3.5 2 0 5 4 4
-423.6 -8534.0 -50.4 240 0 73.0 13.3 17.5 3.5 2 0 5 1 1
-460.9 -8753.4 -48.7 163 0 59.6 13.0 14.0 3.5 2 0 4 3 3
-491.8 -8626.9 -43.5 252 0 11.6 57.1 14.0 3.5 2 1 4 4 4
-470.5 -8751.9 -48.0 343 0 68.2 26.5 14.0 0.0 0 0 4 3 3
-493.5 -8673.7 -42.3 343 0 76.5 12.5 14.0 3.5 2 0 4 3 3
-522.4 -8650.6 -42.2 253 0 11.8 68.4 14.0 3.5 2 1 4 0 0
-519.8 -8734.1 -46.9 253 0 12.5 61.6 17.5 3.5 2 1 5 5 5
-532.4 -8741.4 -46.6 253 0 12.1 50.0 17.5 3.5 2 1 5 1 1
-522.8 -8697.6 -42.3 342 0 47.7 11.8 17.5 3.5 2 0 5 1 1
-549.0 -8680.6 -42.5 254 0 12.3 49.4 17.5 3.5 2 1 5 2 2
-545.7 -8746.5 -46.0 343 0 83.1 12.2 14.0 3.5 2 0 4 5 5
-573.8 -8726.3 -45.7 254 0 12.6 59.5 14.0 3.5 2 1 4 0 0
-589.8 -8711.0 -39.9 20 0 20.9 14.7 17.5 3.5 2 0 5 4 4
-567.1 -8682.5 -38.4 31 0 28.0 11.8 17.5 3.5 2 0 5 0 0
-541.7 -8647.9 -40.9 43 0 39.7 12.2 17.5 3.5 2 0 5 4 4
-504.9 -8619.1 -43.5 63 0 43.2 13.5 17.5 0.0 0 0 5 1 1
-46.2 -8856.1 -47.7 243 0 14.4 25.5 17.5 3.5 2 1 5 2 2
5.9 -8899.3 -47.9 64 0 14.5 24.7 17.5 3.5 2 1 5 2 2
-13.9 -8835.8 -51.4 243 0 153.8 74.3 17.5 0.0 0 0 5 1 1
-17.2 -8912.2 -49.2 62 0 13.7 24.3 17.5 3.5 2 1 5 3 3
-41.9 -8925.7 -51.0 62 0 13.9 24.8 17.5 3.5 2 1 5 0 0
-70.9 -8868.9 -49.6 243 0 15.5 26.5 17.5 3.5 2 1 5 2 2
-22.4 -8841.7 -46.4 243 0 13.4 26.4 17.5 3.5 4 1 5 5 5
29.5 -8888.1 -47.3 65 0 14.7 25.6 17.5 3.5 2 1 5 3 3
1.9 -8830.1 -45.7 245 0 13.5 25.4 17.5 3.5 2 1 5 4 4
53.6 -8875.4 -46.6 64 0 15.2 26.1 17.5 3.5 2 1 5 5 5
25.0 -8817.2 -45.4 242 0 14.4 25.4 17.5 3.5 2 1 5 2 2
77.9 -8848.2 -46.5 335 0 26.0 14.1 17.5 3.5 2 0 5 4 4
59.0 -8814.9 -46.3 334 0 25.6 13.5 17.5 3.5 2 0 5 3 3
40.4 -8773.2 -45.8 332 0 43.3 18.0 17.5 3.5 2 0 5 4 4
17.0 -8729.2 -45.9 332 0 43.7 17.4 17.5 3.5 2 0 5 3 3
-3.0 -8690.9 -46.1 333 0 25.6 14.7 17.5 3.5 2 0 5 4 4
-26.0 -8718.8 -45.0 63 0 13.3 25.7 17.5 0.0 0 1 5 0 0
-62.7 -8721.2 -44.0 154 0 25.7 14.8 17.5 3.5 2 0 5 2 2
105.0 -8859.8 -47.7 64 0 8.9 37.4 10.5 3.5 2 1 3 2 2
69.6 -8785.7 -46.9 243 0 12.9 25.5 17.5 3.5 2 1 5 3 3
65.4 -8764.7 -46.7 335 0 15.6 13.5 14.0 3.5 4 0 4 4 4
50.7 -8737.7 -46.9 332 0 35.9 12.7 14.0 3.5 2 0 4 1 1
15.2 -8694.6 -47.1 153 0 60.0 10.9 14.0 3.5 2 0 4 5 5
163.7 -8837.1 -49.7 66 0 36.9 49.5 21.0 0.0 0 1 6 5 5
115.7 -8843.7 -49.0 155 0 23.5 20.1 21.0 0.0 0 0 6 2 2
114.7 -8809.4 -48.3 246 0 15.1 15.3 21.0 0.0 0 1 6 4 4
227.7 -8780.2 -51.5 336 0 43.7 47.2 17.5 0.0 0 1 5 4 4
85.3 -8740.9 -48.4 243 0 26.0 60.0 17.5 3.5 2 1 5 0 0
81.3 -8705.1 -48.6 333 0 49.6 25.4 17.5 0.0 0 0 5 5 5
57.6 -8659.2 -48.8 331 0 41.2 26.5 17.5 0.0 0 0 5 1 1
118.4 -8723.9 -49.9 243 0 26.3 60.3 14.0 3.5 2 1 4 2 2
101.2 -8666.9 -50.3 333 0 96.7 25.6 17.5 0.0 0 0 5 0 0
176.2 -8766.6 -51.0 65 0 12.0 59.5 21.0 3.5 2 1 6 1 1
171.7 -8736.2 -51.5 155 0 58.2 12.0 14.0 3.5 2 0 4 2 2
202.0 -8723.1 -51.9 336 0 57.6 12.2 17.5 3.5 2 0 5 0 0
145.5 -8638.3 -52.2 253 0 11.5 61.0 21.0 3.5 2 1 6 1 1
165.2 -8629.5 -52.4 252 0 11.9 59.2 17.5 3.5 2 1 5 2 2
177.7 -8624.7 -52.6 251 0 12.3 58.4 17.5 3.5 2 1 5 5 5
466.9 -7749.9 -49.2 88 0 18.0 12.6 17.5 3.5 2 0 5 1 1
473.7 -7688.2 -49.7 0 0 13.0 16.8 17.5 3.5 2 0 5 4 4
574.0 -7314.2 -49.7 342 0 21.4 24.2 17.5 0.0 0 1 5 3 3
550.4 -7211.5 -49.4 357 0 17.3 13.4 17.5 3.5 2 0 5 3 3
486.9 -7207.2 -50.4 266 0 99.5 16.4 17.5 0.0 0 0 5 4 4
-5307.1 -11451.7 -50.6 273 0 40.8 21.7 17.5 0.0 0 0 5 1 1
-5340.9 -11411.8 -51.3 94 0 16.6 54.9 17.5 3.5 2 1 5 4 4
-5281.0 -11388.1 -51.3 191 0 16.9 9.9 10.5 3.5 2 0 3 3 3
-5296.5 -11428.0 -51.2 184 0 29.4 20.8 17.5 3.5 2 0 5 3 3
-5512.5 -11496.4 -47.9 181 0 12.2 9.3 10.5 3.5 2 0 3 1 1
124.5 -7934.4 -42.5 89 0 12.5 82.1 17.5 0.0 0 1 5 3 3
94.3 -7922.0 -41.7 89 0 12.9 50.7 17.5 3.5 2 1 5 5 5
7.0 -7916.8 -41.6 359 0 49.4 13.6 17.5 3.5 2 0 5 4 4
5.6 -7873.6 -47.4 1 0 21.1 12.5 17.5 3.5 2 0 5 5 5
5.9 -7812.0 -58.8 359 0 24.6 12.2 17.5 3.5 4 0 5 5 5
6.2 -7844.6 -53.5 359 0 24.1 13.1 17.5 3.5 2 0 5 1 1
20.8 -7887.0 -43.0 179 0 46.8 10.6 17.5 3.5 4 0 5 4 4
20.5 -7837.6 -53.0 180 0 48.8 10.8 17.5 3.5 2 0 5 1 1
84.4 -7782.2 -45.0 205 0 16.4 28.5 17.5 0.0 0 1 5 3 3
147.7 -7920.6 -42.0 89 0 9.8 62.6 10.5 3.5 2 1 3 2 2
130.7 -7830.1 -43.3 358 0 40.9 12.4 17.5 0.0 0 0 5 1 1
181.3 -7830.1 -45.9 359 0 30.4 14.0 17.5 3.5 2 0 5 1 1
199.5 -7844.7 -48.7 179 0 86.0 13.9 14.0 3.5 4 0 4 2 2
235.3 -7861.4 -48.9 360 0 87.4 12.1 14.0 3.5 2 0 4 3 3
2.9 -7968.6 -40.6 220 0 10.6 53.9 17.5 3.5 4 1 5 4 4
108.2 -7945.4 -42.4 309 0 8.6 24.6 10.5 3.5 4 1 3 0 0
86.9 -7982.1 -42.0 39 0 25.0 9.8 10.5 3.5 4 0 3 2 2
79.1 -8010.3 -42.0 39 0 18.2 9.2 10.5 3.5 2 0 3 0 0
114.6 -7967.3 -42.8 40 0 18.8 8.8 10.5 3.5 2 0 3 3 3
-3143.4 -6003.0 -54.7 270 0 17.6 30.5 14.0 3.5 2 1 4 1 1
-3282.7 -5957.7 -56.8 90 0 14.1 41.8 14.0 3.5 2 1 4 1 1
-3264.1 -5941.6 -56.4 180 0 41.2 42.2 10.5 0.0 0 1 3 3 3
-3024.4 -6217.1 -53.2 90 0 62.7 36.0 3.5 0.0 0 0 1 4 4
4131.6 -10230.9 -39.9 15 0 11.7 32.7 12.5 0.0 0 1 5 4 4
2727.5 -10945.7 -56.3 346 0 69.2 28.2 7.5 0.0 0 0 3 5 5
3572.3 -9796.2 -51.0 70 0 9.7 48.0 10.5 3.5 2 1 3 3 3
3539.4 -9719.0 -49.6 160 0 47.4 9.5 10.5 0.0 0 0 3 3 3
3593.5 -9788.8 -50.7 70 0 9.0 47.9 10.5 3.5 2 1 3 5 5
3560.8 -9711.2 -49.1 161 0 47.6 9.2 10.5 3.5 2 0 3 3 3
3614.5 -9781.2 -50.4 70 0 10.1 48.1 14.0 3.5 2 1 4 3 3
3581.7 -9703.9 -48.6 160 0 46.8 9.4 10.5 3.5 2 0 3 5 5
3635.6 -9772.5 -50.0 70 0 9.6 48.0 10.5 3.5 2 1 3 3 3
3602.1 -9696.7 -48.3 160 0 47.6 10.0 14.0 3.5 2 0 4 3 3
3657.0 -9765.1 -49.7 70 0 9.8 47.7 10.5 3.5 2 1 3 1 1
3622.9 -9689.4 -48.0 160 0 47.7 9.8 10.5 0.0 0 0 3 0 0
3674.1 -9733.2 -49.3 340 0 47.2 9.7 10.5 3.5 2 0 3 4 4
3653.5 -9677.9 -47.7 340 0 48.0 10.0 14.0 3.5 2 0 4 0 0
3454.7 -9691.1 -50.1 157 0 39.9 38.8 14.0 0.0 0 0 4 1 1
3536.5 -9808.9 -51.9 71 0 39.7 47.3 14.0 0.0 0 1 4 2 2
2682.7 -7257.7 -54.6 341 0 23.1 18.5 17.5 3.5 2 0 5 0 0
2663.5 -7209.9 -54.8 339 0 20.5 15.5 17.5 3.5 2 0 5 2 2
2670.9 -7234.0 -54.7 339 0 29.9 12.0 17.5 3.5 2 0 5 1 1
2721.6 -7293.1 -54.5 69 0 12.1 54.6 17.5 3.5 2 1 5 4 4
2410.5 -7257.4 -55.6 157 0 19.2 31.1 17.5 0.0 0 1 5 2 2
2687.6 -7176.1 -54.9 339 0 49.6 13.6 17.5 3.5 2 0 5 1 1
2588.4 -7135.2 -55.8 248 0 53.7 15.6 17.5 3.5 2 0 5 3 3
2518.7 -7160.9 -56.0 249 0 82.2 14.1 17.5 3.5 2 0 5 4 4
2449.7 -7186.5 -55.9 250 0 49.3 13.8 17.5 3.5 2 0 5 5 5
2502.4 -6783.1 -54.9 249 0 18.9 49.8 10.0 2.5 4 1 4 3 3
367.5 -7268.8 -55.5 179 0 107.7 31.3 10.5 0.0 0 0 3 4 4
-1001.4 -9185.9 -46.6 89 0 11.9 31.6 17.5 3.5 2 1 5 4 4
-1021.9 -9188.1 -49.7 88 0 13.8 32.0 17.5 3.5 2 1 5 0 0
-1045.2 -9210.1 -56.9 269 0 47.8 10.8 14.0 3.5 2 0 4 4 4
-1045.0 -9187.1 -52.8 90 0 14.0 30.6 17.5 0.0 0 1 5 0 0
-1068.1 -9190.6 -58.3 90 0 13.2 32.9 17.5 3.5 2 1 5 2 2
-1074.3 -9136.1 -60.5 180 0 32.0 12.2 17.5 0.0 0 0 5 4 4
-1036.8 -9105.3 -51.4 270 0 12.8 33.2 17.5 3.5 2 1 5 2 2
-1040.7 -9097.2 -55.9 1 0 17.1 13.5 17.5 3.5 2 0 5 4 4
-979.5 -9143.8 -45.5 143 0 42.8 8.9 10.5 3.5 2 0 3 0 0
-948.2 -9137.8 -46.1 323 0 22.3 10.1 14.0 3.5 2 0 4 5 5
-967.0 -9116.3 -45.3 322 0 21.7 9.3 10.5 3.5 2 0 3 3 3
-935.3 -9127.3 -46.3 128 0 14.1 32.7 17.5 3.5 2 1 5 4 4
-949.0 -9107.2 -45.0 129 0 12.9 33.4 17.5 3.5 4 1 5 1 1
-962.9 -9077.4 -45.6 218 0 37.0 13.9 17.5 3.5 2 0 5 3 3
-26.9 10034.6 -39.4 71 0 55.0 49.7 14.0 0.0 0 0 4 0 0
-106.4 10095.0 -28.8 69 0 7.6 29.8 10.5 3.5 4 1 3 5 5
-92.9 10150.8 -26.2 249 0 9.4 26.7 10.5 3.5 2 0 3 5 5
-84.8 10105.1 -28.0 69 0 10.0 35.9 10.5 3.5 2 0 3 1 1
-2334.3 -6741.2 -56.8 163 0 38.4 21.5 17.5 0.0 0 0 5 2 2
442.6 -8094.1 -46.8 286 0 13.6 52.2 17.5 3.5 2 1 5 0 0
417.3 -8109.6 -46.8 197 0 50.4 11.3 17.5 3.5 2 0 5 3 3
401.4 -8080.5 -46.6 285 0 25.8 51.0 17.5 0.0 0 1 5 2 2
348.6 -8091.1 -46.4 196 0 49.6 26.8 21.0 0.0 0 0 6 2 2
313.2 -8082.4 -46.0 195 0 51.0 25.8 21.0 0.0 0 0 6 0 0
357.6 -8040.1 -46.0 19 0 33.7 26.7 17.5 0.0 0 0 5 3 3
395.1 -8042.7 -46.5 18 0 46.3 12.5 21.0 0.0 0 0 6 0 0
367.9 -8038.5 -46.1 199 0 40.4 12.3 21.0 0.0 0 0 6 1 1
419.5 -8017.4 -47.1 290 0 11.7 54.8 14.0 3.5 2 1 4 1 1
434.9 -8018.0 -47.4 290 0 13.7 59.0 14.0 3.5 2 1 4 5 5
442.2 -8043.1 -48.3 199 0 69.4 11.9 17.5 3.5 2 0 5 4 4
473.0 -8017.3 -48.3 290 0 12.2 70.3 17.5 3.5 4 1 5 5 5
467.6 -8008.3 -49.3 86 0 44.4 42.2 17.5 0.0 0 0 5 2 2
336.4 -7987.4 -49.3 178 0 40.0 90.1 17.5 0.0 0 1 5 5 5
300.6 -8091.5 -45.8 14 0 37.1 11.7 17.5 3.5 2 0 5 4 4
321.9 -8027.9 -45.9 21 0 24.6 12.7 17.5 3.5 2 0 5 5 5
277.1 -7978.1 -45.9 254 0 20.6 13.1 17.5 3.5 2 0 5 3 3
265.3 -8052.2 -45.9 177 0 47.7 13.7 17.5 3.5 2 0 5 1 1
247.2 -8041.6 -45.7 88 0 9.0 30.7 10.5 3.5 2 1 3 4 4
158.5 -8068.7 -45.2 40 0 53.6 5.6 10.5 3.5 2 0 3 1 1
231.3 -8116.4 -45.1 40 0 9.4 12.7 10.5 3.5 4 1 3 1 1
215.2 -8127.7 -46.0 39 0 23.3 15.6 17.5 3.5 2 0 5 1 1
142.5 -8104.4 -45.7 310 0 14.4 18.4 17.5 3.5 2 1 5 0 0
607.9 -8369.5 -50.9 265 0 23.0 41.2 14.0 0.0 0 1 4 4 4
591.9 -8352.2 -51.1 266 0 55.5 67.7 14.0 0.0 0 1 4 2 2
-180.9 -8171.2 -58.5 91 0 11.6 39.0 17.5 3.5 2 1 5 4 4
-156.5 -8150.1 -58.5 90 0 11.0 41.4 17.5 3.5 2 1 5 2 2
-205.2 -8180.7 -59.7 90 0 12.4 48.5 17.5 3.5 2 1 5 4 4
-245.4 -8247.4 -57.8 46 0 25.3 28.9 17.5 0.0 0 1 5 4 4
-268.1 -8264.0 -57.8 50 0 24.4 24.4 17.5 3.5 2 0 5 1 1
-2922.4 -6064.5 -51.3 180 0 25.3 8.4 10.5 3.5 2 0 3 2 2
3383.2 -9548.1 -49.0 247 0 49.3 69.6 17.5 0.0 0 1 5 5 5
3390.4 -9537.5 -47.2 66 0 19.6 49.7 17.5 3.5 2 1 5 2 2
3428.6 -9519.3 -46.4 67 0 36.8 50.2 17.5 0.0 0 1 5 2 2
-4736.1 -6940.5 -48.6 132 0 5.1 7.3 10.5 3.5 2 1 3 4 4
-4789.5 -6864.8 -31.5 270 0 8.4 35.3 10.5 3.5 2 1 3 2 2
-2962.0 8930.1 -26.4 147 0 18.8 33.9 12.5 0.0 0 1 5 4 4
3711.6 10342.0 -29.1 280 0 51.2 19.3 12.5 2.5 2 0 5 5 5
-2685.1 -9421.9 -51.6 327 0 98.7 20.8 17.5 0.0 0 0 5 0 0
560.5 -7124.8 -52.6 178 0 16.4 86.4 17.5 3.5 2 1 5 1 1
696.0 -6864.2 -48.1 282 0 24.7 24.3 17.5 0.0 0 0 5 3 3
1175.6 -6506.4 -55.0 0 0 77.4 18.8 17.5 3.5 2 0 5 0 0
1943.2 -7280.4 -54.3 158 0 22.2 51.6 17.5 3.5 2 1 5 2 2
1929.7 -7212.7 -54.7 159 0 46.5 24.2 17.5 0.0 0 0 5 5 5
2093.6 -7165.4 -54.7 249 0 18.3 45.9 17.5 3.5 2 1 5 1 1
886.8 -6728.6 -48.9 180 0 10.5 9.0 10.5 3.5 2 0 3 5 5
515.0 -8206.7 -48.9 282 0 16.3 34.2 17.5 0.0 0 1 5 1 1
478.1 -8181.9 -47.4 94 0 15.0 28.0 14.0 0.0 0 1 4 1 1
4308.9 -5863.4 -53.5 328 0 31.7 63.8 14.0 0.0 0 1 4 1 1
-1727.8 -6962.4 -49.7 269 0 7.4 25.7 10.5 3.5 2 1 3 5 5
-1679.5 -6958.2 -45.2 266 0 13.3 23.7 17.5 0.0 0 1 5 2 2
161.7 -7735.4 -53.5 131 0 30.4 39.8 17.5 0.0 0 0 5 1 1
123.7 -7579.0 -58.6 178 0 22.8 31.4 17.5 0.0 0 0 5 5 5
410.4 -7398.8 -54.1 90 0 13.2 35.8 12.5 2.5 2 1 5 3 3
409.7 -7326.8 -54.7 269 0 13.4 33.2 7.5 2.5 2 1 3 3 3
387.0 -7338.1 -55.1 269 0 15.3 36.3 12.5 2.5 2 1 5 1 1
351.8 -7369.2 -54.6 239 0 14.7 17.8 10.0 2.5 2 1 4 4 4
333.2 -7402.6 -54.7 180 0 18.4 13.7 10.0 2.5 4 0 4 5 5
300.3 -7413.5 -55.5 269 0 10.8 22.1 17.5 3.5 2 1 5 2 2
282.5 -7440.3 -56.2 87 0 13.3 24.4 17.5 3.5 2 1 5 5 5
439.4 -7365.9 -53.8 7 0 10.2 15.9 15.0 0.0 0 1 6 3 3
-2548.0 -9989.0 -48.0 237 0 16.7 16.1 14.0 3.5 2 0 4 3 3
-2581.1 -10017.1 -48.0 240 0 12.8 21.5 14.0 3.5 2 1 4 3 3
-2606.2 -10017.9 -48.7 241 0 58.5 8.7 10.5 3.5 2 0 3 0 0
-2622.2 -10076.4 -48.9 69 0 10.8 44.1 14.0 3.5 2 1 4 5 5
-2596.7 -10025.3 -48.1 240 0 15.7 20.4 14.0 3.5 2 1 4 0 0
-2604.4 -10051.9 -48.2 60 0 15.9 17.1 14.0 3.5 2 1 4 3 3
-2578.6 -10058.6 -47.4 67 0 33.1 15.7 14.0 3.5 2 0 4 4 4
-2605.3 -10070.5 -47.5 68 0 19.8 12.7 14.0 3.5 2 0 4 5 5
-2478.6 -10029.2 -45.0 253 0 8.3 17.7 10.5 3.5 2 1 3 2 2
-2488.7 -10032.5 -45.3 250 0 13.7 19.1 17.5 3.5 4 1 5 5 5
