1019.6 -8382.7 -91.3 14 0 10.3 18.5 7.5 2.5 2 1 3 3 3
2353.7 -4683.2 -79.9 311 0 30.7 41.1 12.5 0.0 0 1 5 3 3
643.2 -10786.5 -94.9 18 0 15.5 17.9 7.5 2.5 2 1 3 5 5
383.2 -10668.7 -92.7 269 0 14.8 17.3 10.0 2.5 2 1 4 3 3
476.2 -10678.7 -95.3 273 0 21.3 97.2 12.5 0.0 0 1 5 3 3
-3770.4 -9965.5 -89.2 205 0 15.7 20.6 10.0 0.0 0 1 4 1 1
-3718.0 -9978.8 -89.6 295 0 20.9 21.6 5.0 2.5 2 1 2 0 0
-4416.4 -10959.9 -90.1 149 0 29.1 20.9 12.5 0.0 0 0 5 4 4
-4225.8 -10856.3 -85.2 41 0 20.1 14.9 10.0 2.5 2 0 4 0 0
5868.3 -10911.1 -92.1 261 0 26.8 92.1 10.0 0.0 0 1 4 1 1
5874.2 -10817.0 -92.5 346 0 20.3 44.6 7.5 0.0 0 1 3 2 2
5859.8 -10769.1 -93.4 85 0 21.2 16.0 10.0 2.5 2 0 4 0 0
5824.0 -11158.7 -93.8 155 0 45.2 98.8 12.5 0.0 0 1 5 2 2
5799.7 -10259.9 -95.7 101 0 47.0 11.6 7.5 2.5 2 0 3 1 1
-186.6 -2752.3 -74.3 111 0 151.8 72.9 12.5 0.0 0 0 5 4 4
-38.4 -2804.8 -74.1 110 0 135.5 73.0 10.0 0.0 0 0 4 2 2
-3334.7 475.2 -72.8 180 0 67.1 33.7 12.5 0.0 0 0 5 1 1
-3332.9 551.3 -72.8 181 0 66.7 33.1 10.0 0.0 0 0 4 3 3
-3253.1 476.3 -71.9 359 0 67.3 29.4 10.0 0.0 0 0 4 4 4
-3251.7 549.5 -72.1 1 0 66.0 29.6 10.0 0.0 0 0 4 5 5
-3020.7 277.7 -59.9 21 0 22.7 19.5 12.5 2.5 2 0 5 3 3
-2782.6 76.1 -66.0 191 0 63.2 12.3 15.0 2.5 2 0 6 4 4
6330.4 -4981.7 -43.1 291 0 38.4 71.9 12.5 0.0 0 1 5 4 4
4881.7 -3920.9 -63.3 42 0 130.5 70.4 10.0 0.0 0 0 4 0 0
4249.2 -3005.9 -68.8 122 0 27.3 172.8 10.0 0.0 0 0 4 4 4
4130.1 -2827.6 -69.9 211 0 38.2 153.8 10.0 0.0 0 1 4 0 0
4051.1 -2894.4 -75.0 126 0 14.9 127.9 10.0 0.0 0 1 4 2 2
4162.8 -2776.4 -66.5 210 0 40.9 152.3 12.5 0.0 0 1 5 4 4
4176.0 -2901.6 -73.2 302 0 153.3 35.9 12.5 0.0 0 0 5 2 2
5072.1 -2330.0 -61.3 231 0 82.5 37.5 12.5 0.0 0 0 5 4 4
4532.2 -2984.2 -59.5 108 0 49.4 24.5 12.5 0.0 0 0 5 0 0
4895.2 -2280.9 -65.9 60 0 32.7 44.9 12.5 0.0 0 1 5 5 5
5040.4 -2952.0 -46.9 252 0 65.2 41.7 7.5 0.0 0 0 3 3 3
4893.9 -2645.6 -61.4 129 0 8.5 41.1 7.5 2.5 2 1 3 4 4
5238.9 -2206.5 -65.3 250 0 89.7 13.4 12.5 2.5 2 0 5 1 1
5090.1 -2836.8 -44.6 162 0 37.1 64.2 12.5 0.0 0 1 5 3 3
4739.7 -2906.8 -70.8 242 0 38.9 21.3 12.5 0.0 0 0 5 0 0
4481.3 -2972.0 -63.6 270 0 24.3 48.5 12.5 0.0 0 1 5 5 5
4735.6 -2404.0 -50.1 2 0 58.6 31.1 12.5 0.0 0 0 5 5 5
5015.3 -2212.4 -66.1 61 0 32.9 43.3 12.5 0.0 0 1 5 1 1
4950.8 -2249.3 -66.5 60 0 33.1 45.3 10.0 0.0 0 1 4 2 2
4963.7 -2115.9 -53.9 241 0 134.5 40.0 12.5 0.0 0 0 5 0 0
4679.6 -2922.4 -68.9 263 0 14.6 17.9 12.5 2.5 2 1 5 3 3
5096.7 -2484.6 -58.0 311 0 11.3 36.0 7.5 2.5 2 1 3 2 2
4823.0 -2966.5 -67.3 37 0 29.4 18.1 10.0 2.5 4 0 4 2 2
4849.2 -2620.1 -61.1 121 0 33.1 63.2 10.0 0.0 0 1 4 0 0
5229.7 -2188.9 -64.1 71 0 81.1 13.7 10.0 2.5 2 0 4 3 3
4747.2 -2469.9 -51.4 342 0 51.8 34.9 10.0 0.0 0 0 4 0 0
4965.2 -2759.4 -58.3 316 0 52.0 36.2 12.5 0.0 0 0 5 1 1
4824.1 -2903.1 -66.9 318 0 30.1 54.8 12.5 0.0 0 1 5 1 1
4502.6 -2827.1 -58.3 117 0 63.5 19.9 12.5 2.5 2 0 5 5 5
4906.3 -2759.5 -59.6 245 0 8.0 32.9 7.5 2.5 2 1 3 4 4
5387.8 -2213.5 -63.0 347 0 17.5 80.2 15.0 2.5 4 1 6 5 5
4673.4 -2965.7 -67.8 92 0 24.7 12.5 12.5 2.5 2 0 5 2 2
4699.4 -2964.0 -69.8 96 0 23.8 22.3 12.5 2.5 2 0 5 5 5
4977.9 -2976.8 -53.6 247 0 52.4 40.0 17.5 0.0 0 0 7 4 4
5230.0 -2166.7 -57.8 32 0 13.9 71.8 12.5 2.5 2 1 5 5 5
5323.1 -2183.1 -62.3 256 0 51.3 11.8 10.0 2.5 4 0 4 3 3
4580.3 -2922.4 -63.0 25 0 8.8 19.1 7.5 2.5 2 1 3 1 1
4796.4 -2205.2 -58.0 239 0 125.7 44.9 12.5 0.0 0 0 5 4 4
4495.2 -2780.3 -54.0 213 0 17.1 58.7 10.0 2.5 2 1 4 1 1
4054.9 -2943.8 -70.4 229 0 12.8 81.6 12.5 2.5 2 1 5 1 1
5163.3 -2616.1 -59.4 85 0 15.7 91.3 10.0 0.0 0 1 4 1 1
4553.3 -3004.3 -59.7 292 0 83.1 29.9 15.0 0.0 0 0 6 0 0
5074.6 -2155.4 -61.2 330 0 44.3 32.7 10.0 0.0 0 0 4 4 4
5026.8 -2908.6 -49.5 248 0 66.0 35.2 12.5 0.0 0 0 5 2 2
4608.3 -2974.4 -63.9 192 0 65.9 31.5 15.0 0.0 0 0 6 4 4
5076.2 -2796.1 -47.6 159 0 33.9 58.7 12.5 0.0 0 1 5 2 2
4817.7 -2298.0 -64.9 152 0 44.8 34.7 12.5 0.0 0 0 5 4 4
5226.4 -2264.0 -62.8 158 0 20.5 79.6 10.0 0.0 0 1 4 4 4
4765.2 -2576.9 -55.9 55 0 19.1 73.8 12.5 2.5 2 1 5 1 1
4592.5 -2923.8 -65.3 202 0 18.6 48.2 10.0 2.5 2 1 4 2 2
4838.2 -2639.3 -58.6 298 0 33.3 63.7 17.5 0.0 0 1 7 5 5
4573.8 -2991.7 -60.9 202 0 24.7 9.4 5.0 2.5 2 0 2 2 2
4991.0 -2939.5 -56.1 337 0 34.7 52.8 17.5 0.0 0 1 7 2 2
4850.9 -1792.6 -41.9 307 0 104.2 18.7 10.0 0.0 0 0 4 4 4
4772.9 -2184.0 -47.5 48 0 38.1 72.3 12.5 0.0 0 1 5 2 2
4301.5 -2698.2 -55.2 119 0 10.9 24.4 10.0 2.5 2 0 4 4 4
4761.9 -1784.4 -34.1 102 0 58.8 20.3 10.0 2.5 2 0 4 5 5
4951.5 -1823.3 -42.2 270 0 107.0 20.9 12.5 0.0 0 0 5 0 0
4652.2 -2771.6 -41.1 32 0 21.0 11.6 7.5 2.5 2 0 3 1 1
4639.9 -2756.9 -38.7 323 0 8.4 16.0 7.5 2.5 2 1 3 3 3
4279.1 -2703.1 -57.1 118 0 45.6 15.3 10.0 2.5 2 0 4 0 0
4610.9 -1779.6 -36.1 91 0 68.1 31.2 10.0 0.0 0 0 4 2 2
4238.4 -2679.9 -58.6 117 0 34.1 11.8 10.0 2.5 2 0 4 5 5
4604.5 -2864.3 -58.7 115 0 9.6 24.8 7.5 2.5 2 1 3 1 1
4693.5 -1777.5 -33.7 84 0 69.7 30.3 7.5 0.0 0 0 3 5 5
5400.9 -2207.8 -59.6 178 0 17.8 69.6 12.5 2.5 2 1 5 1 1
3920.9 -2626.9 -70.0 204 0 61.4 18.7 12.5 2.5 2 0 5 1 1
5400.8 -2185.0 -58.2 179 0 10.9 70.7 10.0 2.5 2 1 4 1 1
4105.7 -2665.6 -65.1 299 0 18.4 14.9 12.5 2.5 2 0 5 5 5
4114.3 -2580.4 -57.5 120 0 30.9 19.5 12.5 0.0 0 0 5 2 2
3389.9 -2256.7 -68.7 224 0 14.8 92.9 12.5 2.5 2 1 5 1 1
5678.2 -2251.2 -60.4 93 0 9.6 83.6 7.5 2.5 2 1 3 5 5
5435.1 -2154.4 -57.7 85 0 43.5 40.3 10.0 0.0 0 0 4 3 3
5577.8 -2200.1 -59.0 342 0 11.3 29.5 10.0 2.5 2 1 4 3 3
3649.1 -2482.4 -71.9 192 0 17.5 161.7 10.0 0.0 0 1 4 1 1
3796.2 -2608.1 -73.3 29 0 103.5 14.6 10.0 0.0 0 0 4 4 4
3828.0 -2681.1 -73.9 95 0 41.2 10.2 10.0 2.5 2 0 4 5 5
3866.2 -2541.0 -66.6 209 0 21.3 62.6 12.5 2.5 2 1 5 2 2
4139.3 -2572.4 -53.6 120 0 37.3 11.4 7.5 2.5 2 0 3 5 5
3894.3 -2664.4 -72.7 272 0 54.4 15.7 12.5 2.5 2 0 5 3 3
3947.3 -2573.2 -66.1 301 0 35.2 21.5 10.0 0.0 0 0 4 3 3
3779.5 -2676.0 -74.6 94 0 30.4 15.1 12.5 2.5 2 0 5 3 3
5545.7 -2209.8 -59.7 5 0 9.3 40.9 7.5 2.5 2 1 3 0 0
4142.2 -2681.0 -64.7 299 0 60.7 10.0 7.5 2.5 2 0 3 5 5
4861.1 -1954.4 -35.3 125 0 136.8 34.9 7.5 0.0 0 0 3 0 0
4995.5 -2405.5 -62.7 218 0 78.9 47.7 10.0 0.0 0 0 4 3 3
5466.9 -692.5 -17.4 170 0 30.1 150.7 10.0 0.0 0 1 4 4 4
5643.7 -942.4 -35.9 352 0 32.6 110.0 10.0 0.0 0 1 4 5 5
5629.5 -821.5 -31.2 349 0 29.3 108.7 10.0 0.0 0 1 4 2 2
5617.0 -704.0 -21.9 349 0 29.6 116.9 12.5 0.0 0 1 5 5 5
5422.7 -2058.4 -56.4 177 0 63.3 48.3 7.5 0.0 0 0 3 2 2
5406.9 -1987.0 -50.3 171 0 65.3 48.3 12.5 0.0 0 0 5 3 3
5624.3 -783.3 -29.4 349 0 29.0 108.0 10.0 0.0 0 1 4 3 3
5636.3 -881.5 -32.3 348 0 29.9 109.1 15.0 0.0 0 1 6 2 2
5381.8 -1917.7 -47.6 151 0 65.5 47.3 10.0 0.0 0 0 4 4 4
4700.0 -2996.0 -67.9 284 0 32.2 12.5 15.0 0.0 0 0 6 0 0
4717.5 -3004.3 -67.9 196 0 13.1 18.3 12.5 2.5 2 0 5 5 5
5834.5 -2327.9 -59.7 14 0 21.8 77.5 12.5 0.0 0 1 5 0 0
5845.0 -2279.4 -59.3 18 0 78.2 27.9 12.5 0.0 0 0 5 5 5
5597.6 -1676.8 -37.0 351 0 25.0 16.1 15.0 0.0 0 0 6 3 3
2313.4 -1341.4 -60.0 180 0 18.8 47.4 12.5 2.5 2 1 5 5 5
2495.2 -1323.5 -63.9 37 0 69.9 31.8 10.0 0.0 0 0 4 5 5
2601.5 -1394.0 -67.5 107 0 26.6 136.4 7.5 0.0 0 1 3 5 5
4215.7 -432.6 -51.7 262 0 9.4 40.5 7.5 2.5 2 1 3 2 2
2829.9 -3582.5 -70.8 175 0 25.4 15.5 12.5 2.5 2 0 5 0 0
5791.0 -10520.6 -95.5 91 0 100.3 10.6 12.5 2.5 2 0 5 4 4
5937.4 -10692.7 -92.9 180 0 73.4 142.1 10.0 0.0 0 1 4 3 3
5860.2 -10517.0 -94.7 90 0 12.8 31.7 7.5 2.5 2 1 3 1 1
5949.6 -10602.4 -94.4 181 0 82.9 130.5 12.5 0.0 0 1 5 3 3
5942.0 -10955.6 -91.6 169 0 103.7 10.8 15.0 2.5 2 0 6 1 1
5796.0 -10501.4 -95.8 91 0 108.6 17.0 10.0 0.0 0 0 4 3 3
5858.7 -10656.8 -92.6 272 0 12.9 57.5 12.5 2.5 4 1 5 2 2
5809.8 -11164.6 -93.8 332 0 47.3 95.5 10.0 0.0 0 1 4 2 2
5939.7 -10769.7 -92.8 182 0 60.0 99.4 15.0 0.0 0 1 6 2 2
5857.9 -10642.3 -95.1 91 0 12.4 58.4 12.5 2.5 2 1 5 2 2
5859.9 -10532.2 -95.0 271 0 12.5 47.4 7.5 0.0 0 1 3 4 4
5799.1 -10530.7 -95.1 270 0 95.0 11.8 12.5 2.5 2 0 5 4 4
417.6 -4701.9 -72.2 183 0 121.4 29.0 10.0 0.0 0 0 4 1 1
6551.7 -6946.7 -78.4 129 0 18.6 44.2 10.0 2.5 2 1 4 4 4
6696.1 -6853.8 -78.6 307 0 19.6 32.4 12.5 0.0 0 1 5 3 3
6631.1 -6883.7 -78.4 217 0 44.5 13.9 7.5 2.5 4 0 3 2 2
6684.5 -6571.5 -75.8 210 0 23.4 39.5 7.5 0.0 0 1 3 5 5
6699.2 -6838.3 -77.7 104 0 17.0 71.3 12.5 2.5 2 1 5 0 0
6666.5 -6908.7 -79.3 37 0 43.1 17.9 12.5 2.5 2 0 5 0 0
6672.1 -6836.0 -77.8 307 0 19.9 32.5 7.5 0.0 0 1 3 0 0
5774.6 7388.6 0.3 329 0 49.4 17.3 10.0 0.0 0 0 4 5 5
-2818.6 -8681.5 -81.2 141 0 5.0 14.0 7.5 2.5 2 1 3 3 3
-2887.7 -8672.4 -81.7 138 0 5.9 15.3 7.5 0.0 0 1 3 0 0
3823.9 -2697.5 -75.4 277 0 38.6 12.2 10.0 2.5 2 0 4 0 0
4061.3 -2643.2 -65.5 299 0 72.6 20.0 10.0 2.5 2 0 4 1 1
6610.3 -9272.9 -93.9 292 0 75.3 17.5 7.5 2.5 2 0 3 3 3
6793.6 -9261.0 -95.4 82 0 123.5 42.5 10.0 0.0 0 0 4 3 3
4018.1 -2612.0 -65.6 300 0 30.0 33.0 12.5 0.0 0 1 5 0 0
4399.3 -2678.3 -53.4 36 0 42.3 33.9 17.5 0.0 0 0 7 3 3
6814.7 -9355.7 -94.7 292 0 112.9 18.0 12.5 0.0 0 0 5 1 1
4710.3 -3696.6 -62.7 221 0 138.4 155.0 10.0 0.0 0 1 4 5 5
6770.6 -9202.9 -95.2 82 0 94.8 37.9 10.0 0.0 0 0 4 1 1
6666.2 -9236.4 -94.7 262 0 60.8 42.9 7.5 0.0 0 0 3 5 5
3675.3 -2787.6 -81.1 193 0 26.2 96.2 10.0 0.0 0 1 4 2 2
3857.5 -2706.7 -74.5 183 0 13.0 84.3 12.5 2.5 2 1 5 1 1
6560.3 -9213.4 -94.3 172 0 35.8 58.7 7.5 0.0 0 0 3 2 2
3868.8 -2843.4 -75.8 309 0 12.8 25.4 15.0 0.0 0 1 6 0 0
6659.9 -9215.9 -94.7 82 0 65.1 35.1 7.5 0.0 0 0 3 5 5
6853.0 -9191.3 -95.3 82 0 59.3 38.2 7.5 0.0 0 0 3 2 2
3983.3 -2594.9 -65.7 301 0 35.0 21.9 10.0 0.0 0 0 4 2 2
6681.5 -9300.8 -94.2 292 0 25.7 17.3 10.0 2.5 2 0 4 0 0
6528.7 -6886.1 -77.5 220 0 24.1 41.1 12.5 0.0 0 1 5 2 2
6008.3 -6214.1 -76.9 118 0 13.8 19.5 10.0 2.5 4 1 4 5 5
5422.0 -5803.6 -74.1 108 0 12.8 25.6 7.5 2.5 2 1 3 5 5
5654.8 -6019.5 -75.9 215 0 18.4 59.7 7.5 2.5 2 1 3 1 1
1849.9 -4016.1 -72.5 38 0 22.8 16.8 5.0 2.5 2 0 2 0 0
3226.3 -5584.0 -82.1 217 0 109.2 83.1 10.0 0.0 0 0 4 3 3
2023.5 -4018.8 -74.3 130 0 48.3 15.5 7.5 2.5 2 0 3 5 5
4038.6 -2996.4 -66.7 293 0 63.0 70.2 15.0 0.0 0 1 6 2 2
3281.2 -2273.2 -70.0 229 0 19.8 82.5 10.0 0.0 0 1 4 5 5
3257.0 -2293.4 -70.5 230 0 16.8 83.3 12.5 2.5 2 1 5 5 5
3244.3 -2279.1 -71.1 49 0 15.5 110.8 12.5 0.0 0 1 5 1 1
4094.3 -2727.8 -67.2 121 0 26.1 41.6 7.5 0.0 0 1 3 3 3
2976.3 -2465.0 -77.3 9 0 182.6 35.4 10.0 0.0 0 0 4 5 5
4121.2 -2752.3 -66.3 121 0 23.9 48.9 12.5 2.5 2 1 5 0 0
3691.2 -2695.4 -78.1 61 0 77.9 25.5 12.5 0.0 0 0 5 5 5
3266.6 -2256.7 -70.7 49 0 16.1 105.2 10.0 0.0 0 1 4 0 0
4513.6 -2693.9 -39.7 47 0 35.3 20.1 10.0 0.0 0 0 4 0 0
1615.3 -4204.6 -73.9 177 0 148.1 28.1 10.0 0.0 0 0 4 1 1
3258.0 -2392.9 -71.5 214 0 28.6 64.0 12.5 0.0 0 1 5 3 3
5768.7 -1406.0 -38.6 295 0 35.5 140.6 10.0 0.0 0 1 4 0 0
4899.7 -2862.2 -61.5 164 0 21.8 64.3 10.0 0.0 0 0 4 1 1
3079.1 -2494.0 -75.5 103 0 38.7 166.8 10.0 0.0 0 1 4 4 4
3673.2 -9825.5 -92.5 11 0 63.1 17.5 10.0 2.5 4 0 4 1 1
2563.5 -2666.6 -72.9 198 0 45.3 179.1 10.0 0.0 0 1 4 4 4
2694.3 -2605.8 -73.2 198 0 93.1 71.1 7.5 0.0 0 0 3 5 5
2867.1 -2765.4 -76.2 18 0 45.4 134.8 12.5 0.0 0 1 5 3 3
2897.6 -2672.4 -76.7 18 0 92.9 126.5 10.0 0.0 0 1 4 0 0
-1309.3 -2225.7 -68.5 278 0 27.7 8.3 5.0 2.5 2 0 2 0 0
-1850.4 -2023.8 -66.9 284 0 21.6 28.5 7.5 0.0 0 1 3 5 5
-4854.3 -1026.5 -70.7 294 0 14.3 14.6 7.5 2.5 2 1 3 2 2
-5984.0 290.8 -69.8 335 0 17.6 24.0 7.5 2.5 2 1 3 0 0
-3423.8 -11434.5 -88.7 302 0 60.8 167.2 7.5 0.0 0 1 3 3 3
-3334.5 -11729.8 -88.2 16 0 91.3 177.8 10.0 0.0 0 1 4 5 5
-3391.6 -11863.1 -97.1 15 0 90.2 156.6 10.0 0.0 0 1 4 1 1
3132.1 -2238.0 -72.5 229 0 69.1 42.1 10.0 0.0 0 0 4 3 3
-4832.8 -8043.3 -80.3 266 0 17.8 27.4 7.5 2.5 2 0 3 0 0
-4944.0 -8084.2 -81.7 87 0 25.5 18.0 7.5 2.5 4 0 3 1 1
-4957.2 -8057.9 -81.4 178 0 12.7 24.7 7.5 2.5 2 1 3 3 3
-4915.6 -8073.9 -81.2 177 0 20.7 12.3 10.0 2.5 2 0 4 0 0
-4891.1 -8060.2 -81.1 271 0 19.7 24.1 12.5 2.5 2 0 5 5 5
-4892.5 -8036.9 -80.8 267 0 19.5 23.2 7.5 2.5 2 1 3 0 0
-4922.8 -8083.5 -81.4 87 0 12.9 19.0 10.0 2.5 2 1 4 0 0
-4920.4 -8001.3 -82.8 85 0 12.8 13.6 12.5 2.5 2 1 5 2 2
-4917.3 -8037.5 -81.0 269 0 25.0 10.5 10.0 2.5 2 0 4 2 2
-4943.6 -8033.6 -82.1 88 0 7.6 13.2 7.5 0.0 0 1 3 2 2
-4848.4 -8059.5 -80.5 268 0 15.6 11.8 7.5 2.5 2 0 3 1 1
-4817.1 -8033.3 -80.1 267 0 11.9 37.6 5.0 2.5 2 0 2 3 3
-4762.6 -8076.7 -79.8 357 0 18.4 14.1 10.0 0.0 0 0 4 1 1
-4784.9 -8087.4 -80.0 87 0 13.7 19.1 10.0 2.5 2 0 4 5 5
-4786.0 -8030.9 -79.6 268 0 13.4 14.1 10.0 2.5 2 0 4 5 5
-4772.8 -8030.5 -79.4 269 0 13.0 14.1 10.0 2.5 2 0 4 1 1
-4779.5 -8046.7 -79.7 265 0 25.3 11.0 10.0 2.5 2 0 4 0 0
-4879.9 -8028.0 -80.9 89 0 12.1 13.6 7.5 2.5 2 0 3 4 4
-4855.0 -8027.2 -80.3 89 0 12.1 13.8 7.5 2.5 2 0 3 4 4
-4802.1 -8025.7 -79.5 86 0 12.5 13.6 10.0 2.5 2 1 4 0 0
-4798.2 -8088.5 -80.2 83 0 12.9 19.0 10.0 2.5 2 0 4 4 4
-4814.4 -8089.5 -80.3 88 0 11.9 18.7 10.0 2.5 2 0 4 5 5
-4849.2 -8086.2 -80.7 91 0 15.4 11.7 10.0 2.5 2 0 4 1 1
-4870.6 -8060.7 -80.9 272 0 21.7 24.1 7.5 2.5 2 0 3 3 3
-4870.8 -8037.7 -80.6 268 0 18.5 20.1 7.5 2.5 2 1 3 2 2
-4800.9 -8032.0 -79.7 268 0 12.1 13.1 7.5 0.0 0 1 3 5 5
-4799.7 -8062.0 -79.9 265 0 11.4 5.3 7.5 0.0 0 0 3 1 1
-4785.2 -8060.1 -79.8 266 0 12.6 6.8 7.5 2.5 2 0 3 5 5
-4770.3 -8058.4 -79.6 264 0 12.5 7.3 7.5 2.5 2 0 3 5 5
-4756.1 -8030.4 -79.3 266 0 15.8 24.8 7.5 2.5 2 1 3 1 1
-4892.7 -8028.1 -81.1 86 0 9.6 12.6 7.5 2.5 2 1 3 3 3
-4842.4 -8027.3 -80.0 90 0 10.7 13.3 10.0 2.5 2 1 4 4 4
-4815.9 -8025.6 -79.7 86 0 9.6 12.0 7.5 2.5 2 1 3 5 5
-4730.3 -8020.8 -78.8 87 0 26.5 12.8 7.5 2.5 2 0 3 3 3
5790.9 -11495.1 -93.0 156 0 8.9 9.3 5.0 2.5 2 1 2 1 1
6097.7 -7380.2 -83.1 182 0 34.1 61.9 10.0 0.0 0 1 4 0 0
6122.5 -7447.5 -82.2 183 0 58.4 32.4 10.0 0.0 0 0 4 0 0
6175.0 -7633.9 -83.1 93 0 13.0 54.1 7.5 2.5 2 1 3 1 1
6146.1 -7632.0 -82.8 93 0 12.6 54.0 10.0 2.5 2 1 4 0 0
6074.2 -7628.8 -82.2 93 0 10.4 56.8 7.5 2.5 4 1 3 4 4
6116.6 -7630.5 -82.6 93 0 11.9 54.9 7.5 2.5 2 1 3 5 5
6555.8 -6411.8 -75.0 28 0 26.2 122.3 12.5 0.0 0 1 5 3 3
3650.2 -5831.6 -83.2 8 0 16.9 122.5 10.0 0.0 0 1 4 2 2
1273.8 -3474.2 -70.4 40 0 27.3 122.9 12.5 0.0 0 1 5 3 3
6570.8 -4874.8 -17.8 25 0 9.2 17.4 5.0 2.5 2 1 2 2 2
6799.8 -4998.8 -14.1 91 0 28.9 15.1 17.5 0.0 0 0 7 1 1
2247.1 -8206.3 -88.0 150 0 16.5 122.7 12.5 0.0 0 1 5 1 1
-2890.8 -8710.4 -83.0 139 0 16.7 121.5 12.5 0.0 0 1 5 2 2
-5011.0 -8662.3 -89.8 284 0 121.6 20.7 10.0 0.0 0 0 4 5 5
6076.7 3012.2 38.1 312 0 18.5 22.0 10.0 0.0 0 1 4 0 0
3544.0 3815.8 -27.2 39 0 31.5 139.6 10.0 0.0 0 1 4 1 1
2251.7 5348.1 29.1 135 0 12.7 11.4 5.0 2.5 4 0 2 4 4
3435.0 -5472.0 -75.9 215 0 65.4 81.3 10.0 0.0 0 1 4 4 4
-3266.8 403.2 -67.9 271 0 23.9 12.0 10.0 2.5 2 0 4 4 4
-3550.3 429.3 -71.4 122 0 15.9 21.0 7.5 2.5 2 0 3 5 5
-3369.5 323.7 -70.8 90 0 22.6 60.2 12.5 2.5 2 1 5 4 4
-3403.5 326.8 -71.9 90 0 19.9 53.3 10.0 2.5 2 1 4 2 2
-3433.0 386.3 -73.2 269 0 18.0 39.4 12.5 2.5 2 1 5 5 5
-2976.4 -10.7 -73.7 102 0 3.3 38.2 7.5 2.5 2 1 3 0 0
2049.5 -2393.3 -66.4 317 0 10.4 3.8 10.5 3.5 2 0 3 5 5
2013.6 -2345.4 -66.6 46 0 36.9 49.4 10.5 0.0 0 1 3 2 2
-2776.0 -8562.2 -79.0 325 0 17.9 99.5 7.5 0.0 0 1 3 1 1
-2716.7 -8520.7 -79.1 324 0 17.1 62.8 15.0 2.5 2 1 6 4 4
-2964.6 -8724.4 -83.1 133 0 19.0 141.0 12.5 0.0 0 1 5 4 4
-2721.5 -8716.9 -83.7 54 0 19.9 73.6 10.0 2.5 2 1 4 4 4
-2627.4 -8803.4 -87.3 312 0 126.6 29.4 15.0 0.0 0 0 6 1 1
-2593.8 -8719.7 -86.3 324 0 22.5 68.7 7.5 2.5 2 1 3 5 5
-2638.4 -8621.5 -83.8 325 0 47.5 96.4 10.0 0.0 0 1 4 3 3
-2808.8 -8746.5 -82.8 126 0 15.9 61.2 17.5 2.5 4 1 7 2 2
-2883.2 -8772.8 -83.5 130 0 19.0 93.3 12.5 0.0 0 1 5 5 5
-2959.3 -8622.7 -82.9 219 0 22.3 50.8 12.5 2.5 2 1 5 0 0
-2935.0 -8595.0 -81.5 219 0 38.1 17.3 10.0 2.5 2 0 4 1 1
-2912.8 -8637.6 -81.3 129 0 17.3 38.1 12.5 2.5 2 1 5 3 3
-2531.5 -8325.2 -79.7 233 0 108.6 52.1 12.5 0.0 0 0 5 3 3
-2708.5 -8517.2 -79.9 144 0 16.3 118.5 10.0 0.0 0 1 4 0 0
-2577.5 -8707.7 -86.8 143 0 23.3 96.7 10.0 0.0 0 1 4 1 1
-2533.3 -8768.1 -88.2 54 0 126.1 24.6 12.5 0.0 0 0 5 3 3
-2524.7 -8890.3 -88.7 309 0 90.1 24.9 10.0 0.0 0 0 4 5 5
-2495.2 -8795.2 -88.9 218 0 124.3 26.1 7.5 0.0 0 0 3 4 4
-2451.2 -8835.5 -89.6 218 0 123.3 26.9 10.0 0.0 0 0 4 0 0
-2492.5 -9171.7 -90.7 45 0 24.6 51.4 10.0 2.5 2 1 4 4 4
-2483.2 -9061.9 -89.7 38 0 90.5 29.6 10.0 0.0 0 0 4 0 0
-2456.5 -9085.9 -90.4 217 0 91.4 30.6 10.0 0.0 0 0 4 2 2
-2460.3 -8992.5 -89.9 130 0 57.0 31.0 7.5 0.0 0 0 3 2 2
-2120.5 -8539.5 -85.7 132 0 31.3 37.4 12.5 0.0 0 1 5 1 1
-2089.7 -8567.5 -85.5 132 0 31.3 37.4 10.0 0.0 0 1 4 3 3
-2061.1 -8592.5 -85.3 132 0 31.3 37.4 10.0 0.0 0 1 4 4 4
-1766.6 -8404.9 -86.4 322 0 21.7 20.7 10.0 2.5 2 0 4 3 3
-2134.3 -8345.1 -77.9 109 0 12.2 34.0 10.0 2.5 2 1 4 2 2
-2113.8 -8351.3 -77.8 109 0 12.2 34.0 10.0 0.0 0 1 4 4 4
-2091.4 -8358.8 -77.8 109 0 12.3 37.6 7.5 2.5 4 1 3 5 5
-2072.0 -8365.4 -77.7 109 0 12.3 37.6 10.0 2.5 2 1 4 1 1
-2054.7 -8378.5 -78.2 109 0 12.2 34.0 10.0 2.5 2 1 4 3 3
-2287.8 -8292.4 -78.9 153 0 8.2 103.8 7.5 2.5 2 1 3 0 0
-2212.7 -8307.2 -78.5 105 0 10.0 36.1 7.5 2.5 2 1 3 0 0
-2084.1 -8251.5 -76.7 333 0 100.5 21.3 12.5 0.0 0 0 5 4 4
-2240.6 -8308.7 -78.7 107 0 58.4 7.6 7.5 2.5 2 0 3 0 0
-2190.1 -8317.4 -78.2 107 0 26.5 17.4 10.0 2.5 2 0 4 0 0
-2292.2 -8280.7 -79.1 66 0 9.8 10.6 7.5 0.0 0 1 3 2 2
-2275.2 -8266.2 -79.0 150 0 13.3 12.3 7.5 2.5 4 0 3 1 1
-2029.4 -8624.1 -84.9 138 0 48.9 40.5 12.5 0.0 0 0 5 0 0
-1927.0 -8616.4 -82.6 53 0 71.9 26.8 12.5 0.0 0 0 5 0 0
-1927.4 -8550.5 -81.0 311 0 21.4 37.8 10.0 0.0 0 1 4 3 3
-1887.1 -8531.4 -79.0 295 0 49.5 30.9 12.5 0.0 0 0 5 4 4
-1879.0 -8591.4 -79.3 45 0 19.5 27.2 12.5 2.5 2 1 5 2 2
-2236.6 -8339.3 -79.9 287 0 62.9 11.6 10.0 2.5 2 0 4 5 5
-2183.7 -8360.6 -80.4 310 0 11.5 28.8 12.5 2.5 4 1 5 5 5
-2173.0 -8378.1 -80.7 308 0 23.2 22.8 12.5 2.5 2 0 5 4 4
-2275.8 -8197.7 -79.5 41 0 10.4 39.4 10.0 2.5 2 1 4 3 3
-2283.9 -8207.6 -79.4 41 0 10.4 39.4 7.5 2.5 2 1 3 3 3
-2292.4 -8217.0 -79.4 41 0 10.4 39.4 7.5 2.5 4 1 3 5 5
-2319.2 -8217.4 -79.4 131 0 39.4 10.4 7.5 2.5 2 0 3 3 3
-2327.6 -8227.0 -79.4 131 0 39.4 10.4 7.5 2.5 2 0 3 0 0
-2382.2 -8233.9 -79.8 132 0 22.5 102.6 7.5 0.0 0 1 3 5 5
-2343.8 -8235.4 -79.3 134 0 27.0 12.4 10.0 2.5 2 0 4 4 4
-2355.5 -8248.9 -79.4 134 0 26.9 12.4 10.0 2.5 2 0 4 4 4
-2341.3 -8262.1 -79.3 135 0 6.7 31.0 5.0 0.0 0 1 2 4 4
-1931.9 -8239.6 -83.9 62 0 10.3 57.8 12.5 2.5 2 1 5 1 1
-1985.4 -8185.9 -82.5 242 0 10.3 57.8 10.0 2.5 2 1 4 2 2
-1931.5 -8290.1 -82.9 63 0 10.0 52.6 10.0 2.5 2 1 4 0 0
-1947.7 -8298.6 -82.0 63 0 10.0 52.6 10.0 2.5 2 1 4 2 2
-1964.9 -8307.3 -81.1 63 0 10.0 52.6 12.5 2.5 2 1 5 0 0
-1984.0 -8316.7 -80.0 63 0 10.0 52.6 12.5 2.5 2 1 5 4 4
-2002.3 -8194.5 -80.9 243 0 10.0 52.6 10.0 2.5 2 1 4 1 1
-2011.2 -8217.8 -78.8 243 0 10.0 33.9 7.5 2.5 2 1 3 1 1
-2027.4 -8227.4 -77.2 243 0 10.0 33.9 7.5 2.5 2 1 3 4 4
-2050.0 -8260.5 -75.6 153 0 21.4 24.5 15.0 0.0 0 1 6 2 2
-1824.8 -8440.6 -85.0 117 0 111.1 13.6 10.0 2.5 2 0 4 3 3
-1716.5 -8507.9 -85.4 41 0 12.1 69.1 7.5 2.5 2 1 3 4 4
-1748.1 -8429.2 -86.4 322 0 21.8 20.7 12.5 2.5 4 0 5 5 5
-1783.3 -8381.3 -86.3 322 0 21.8 20.7 7.5 2.5 2 0 3 5 5
-1801.6 -8356.9 -86.1 322 0 21.8 20.7 12.5 2.5 2 0 5 5 5
-1840.6 -8357.8 -85.0 253 0 20.7 21.8 7.5 2.5 2 1 3 5 5
-1864.9 -8365.7 -83.8 253 0 20.7 21.8 10.0 2.5 2 1 4 0 0
-1729.4 -8450.9 -86.2 322 0 21.7 20.7 10.0 2.5 2 0 4 2 2
-1701.1 -8498.9 -86.2 54 0 10.1 35.9 7.5 2.5 2 1 3 5 5
-1822.4 -8413.6 -85.0 117 0 21.7 20.8 12.5 2.5 2 0 5 3 3
-2441.4 -8500.4 -84.6 55 0 8.0 40.8 7.5 2.5 2 1 3 5 5
-2537.7 -8475.3 -83.0 144 0 29.0 54.7 10.0 0.0 0 1 4 1 1
-2395.2 -8370.0 -82.3 322 0 34.9 52.1 12.5 0.0 0 1 5 0 0
-2416.1 -8483.5 -84.6 54 0 48.6 86.2 10.0 0.0 0 1 4 1 1
-3026.4 -8628.0 -85.2 229 0 18.5 93.9 10.0 0.0 0 1 4 0 0
-4235.7 -1256.1 -73.6 24 0 22.5 122.6 7.5 0.0 0 1 3 3 3
5620.7 3993.3 -2.4 274 0 55.3 30.8 15.0 0.0 0 0 6 0 0
5655.5 3999.2 4.9 94 0 67.6 33.1 12.5 0.0 0 0 5 3 3
5535.4 3938.0 -11.6 288 0 30.9 16.3 12.5 2.5 2 0 5 4 4
5567.3 3918.4 -15.4 299 0 58.9 30.9 10.0 0.0 0 0 4 4 4
5577.0 3955.1 -6.5 186 0 21.9 29.9 12.5 0.0 0 0 5 0 0
5621.3 4001.7 3.6 274 0 56.2 8.5 7.5 2.5 2 0 3 2 2
2725.4 2651.8 85.2 272 0 38.2 11.3 12.5 2.5 2 0 5 5 5
2601.3 2672.4 78.1 92 0 30.3 16.5 12.5 2.5 2 0 5 5 5
1282.8 -1336.2 -61.7 230 0 138.7 43.2 14.0 0.0 0 0 4 5 5
1429.6 -1558.9 -60.7 65 0 98.4 41.9 10.5 0.0 0 0 3 5 5
1774.8 -1441.2 -63.1 335 0 44.8 165.1 14.0 0.0 0 1 4 1 1
1605.1 -1518.6 -62.7 335 0 44.4 108.6 14.0 0.0 0 1 4 0 0
1402.9 -1617.3 -61.1 155 0 45.8 99.1 14.0 0.0 0 1 4 0 0
4009.5 -7720.7 -81.6 180 0 54.1 28.7 12.5 0.0 0 0 5 5 5
4012.0 -7653.7 -82.9 182 0 54.8 28.7 12.5 0.0 0 0 5 1 1
4004.0 -7780.2 -80.0 180 0 22.6 21.4 12.5 2.5 2 0 5 5 5
4029.5 -7542.9 -84.3 272 0 25.8 72.3 15.0 0.0 0 1 6 0 0
4048.7 -7720.4 -82.4 182 0 50.9 23.5 12.5 2.5 4 0 5 1 1
4048.7 -7654.8 -83.6 181 0 53.4 24.4 12.5 2.5 2 0 5 3 3
4064.1 -7545.1 -85.1 272 0 24.5 70.9 10.0 0.0 0 1 4 2 2
4107.9 -7721.0 -83.3 1 0 49.0 24.2 10.0 2.5 2 0 4 4 4
4107.8 -7655.6 -84.5 0 0 53.6 23.3 10.0 2.5 2 0 4 4 4
4099.0 -7546.6 -85.9 272 0 23.1 70.3 10.0 0.0 0 1 4 5 5
4146.9 -7720.9 -84.2 1 0 48.9 30.2 15.0 0.0 0 0 6 2 2
4147.4 -7657.0 -85.4 0 0 53.6 30.4 12.5 0.0 0 0 5 1 1
4134.4 -7546.5 -86.9 271 0 30.0 71.6 12.5 0.0 0 1 5 2 2
3969.4 -7871.7 -79.3 182 0 86.4 13.3 10.0 2.5 2 0 4 1 1
4233.5 -7831.6 -78.6 357 0 25.9 46.2 7.5 0.0 0 1 3 5 5
4232.9 -7795.5 -79.5 357 0 24.6 46.8 10.0 0.0 0 1 4 2 2
3997.9 -7887.7 -77.4 180 0 41.8 15.3 15.0 2.5 4 0 6 5 5
4001.5 -7830.1 -77.8 179 0 46.9 10.1 12.5 0.0 0 0 5 0 0
4050.1 -7805.4 -81.3 178 0 95.4 22.9 7.5 0.0 0 0 3 0 0
4100.4 -7931.7 -77.4 89 0 23.6 71.2 10.0 0.0 0 1 4 2 2
4096.8 -7756.5 -81.8 269 0 23.6 94.8 12.5 0.0 0 1 5 3 3
4176.0 -7945.8 -78.6 358 0 9.5 86.4 7.5 2.5 4 1 3 2 2
4133.4 -7930.9 -77.7 89 0 23.3 71.0 7.5 0.0 0 1 3 4 4
4129.6 -7756.2 -81.8 269 0 24.3 93.6 12.5 0.0 0 1 5 0 0
4166.0 -7929.7 -78.0 88 0 22.9 71.0 10.0 0.0 0 1 4 2 2
4161.7 -7774.8 -80.3 268 0 23.2 72.9 10.0 0.0 0 1 4 5 5
-6647.0 -8597.9 -89.6 194 0 176.3 259.2 12.5 0.0 0 1 5 4 4
-6650.0 -8172.8 -88.2 14 0 99.1 195.7 15.0 0.0 0 1 6 5 5
