4022.0 -7042.0 -7.1 226 0 55.5 229.0 12.5 0.0 0 1 5 2 2
4076.4 -6996.7 -7.8 226 0 55.5 228.9 7.5 0.0 0 1 3 3 3
4161.3 -6980.3 -7.9 227 0 61.9 179.3 12.5 0.0 0 1 5 0 0
4246.4 -7252.5 -8.6 45 0 162.1 59.8 12.5 0.0 0 0 5 0 0
3967.4 -7094.5 -6.0 226 0 55.5 228.9 10.0 0.0 0 1 4 1 1
-3580.9 -222.8 12.6 115 0 40.0 17.5 10.0 2.5 2 0 4 4 4
6362.0 5704.2 -16.0 35 0 79.9 37.1 12.5 0.0 0 0 5 1 1
6241.4 5561.1 -10.0 127 0 33.8 56.1 12.5 0.0 0 1 5 3 3
6407.9 5797.1 -18.0 307 0 23.7 21.5 10.0 2.5 4 0 4 3 3
6224.0 5757.5 -20.6 125 0 37.9 61.6 12.5 0.0 0 1 5 2 2
6108.7 5898.4 -26.2 217 0 6.6 22.3 2.5 2.5 2 1 1 5 5
6082.8 5899.3 -26.2 127 0 20.1 26.2 10.0 2.5 2 1 4 5 5
6121.5 5833.2 -26.2 125 0 31.8 79.5 12.5 0.0 0 1 5 5 5
6115.3 5923.6 -26.7 217 0 19.4 28.0 10.0 2.5 2 1 4 4 4
2815.7 -3779.5 2.8 343 0 124.2 44.4 12.5 0.0 0 0 5 3 3
5595.1 -10419.3 -2.1 151 0 29.8 32.7 10.0 0.0 0 1 4 4 4
3489.8 3485.2 -14.8 106 0 28.5 22.0 10.0 0.0 0 0 4 5 5
3763.1 2294.2 -16.4 225 0 13.4 4.9 5.0 2.5 2 0 2 5 5
3773.4 2304.3 -16.4 222 0 12.3 4.9 2.5 2.5 2 0 1 1 1
3781.2 2296.8 -16.4 222 0 10.6 5.0 7.5 2.5 2 0 3 3 3
3786.4 2310.2 -16.5 223 0 12.2 5.4 5.0 2.5 2 0 2 5 5
3790.3 2306.5 -16.4 224 0 12.4 4.8 5.0 2.5 2 0 2 0 0
3792.4 2355.1 -16.6 219 0 10.3 4.2 5.0 2.5 2 0 2 3 3
3801.8 2363.7 -16.7 219 0 10.0 5.6 5.0 2.5 2 0 2 4 4
3810.3 2373.1 -16.7 221 0 11.0 5.3 5.0 2.5 2 0 2 3 3
3822.8 2379.1 -16.9 222 0 12.1 4.3 2.5 2.5 2 0 1 2 2
3827.3 2393.1 -17.2 217 0 10.2 4.9 7.5 2.5 2 0 3 0 0
3776.8 2333.4 -16.5 224 0 11.3 5.3 5.0 2.5 2 0 2 5 5
3781.4 2330.5 -16.5 218 0 11.6 4.3 5.0 2.5 2 0 2 2 2
3787.2 2347.8 -16.6 228 0 7.8 4.8 5.0 2.5 2 0 2 1 1
3794.6 2336.3 -16.6 220 0 10.4 5.0 2.5 2.5 2 0 1 3 3
3798.0 2332.5 -16.5 217 0 10.7 4.3 2.5 2.5 2 0 1 3 3
3810.0 2340.8 -16.6 220 0 6.5 6.3 5.0 2.5 2 0 2 1 1
3814.1 2335.8 -16.6 219 0 10.4 4.4 5.0 2.5 2 0 2 2 2
3744.8 2290.6 -16.3 218 0 8.6 3.7 5.0 2.5 2 0 2 0 0
3790.2 2323.2 -16.5 219 0 11.8 4.1 7.5 2.5 2 0 3 5 5
3804.1 2332.3 -16.5 221 0 5.6 5.8 5.0 0.0 0 0 2 2 2
3811.3 2356.3 -16.6 216 0 10.5 5.1 5.0 2.5 2 0 2 4 4
3818.7 2365.6 -16.7 217 0 11.2 4.9 2.5 2.5 2 0 1 5 5
3827.2 2375.7 -16.8 225 0 11.9 5.3 5.0 2.5 2 0 2 2 2
3830.9 2371.9 -16.8 220 0 12.0 4.5 2.5 2.5 2 0 1 0 0
3794.9 2302.6 -16.4 220 0 11.8 5.4 5.0 2.5 2 0 2 3 3
3796.9 2293.1 -16.4 132 0 4.8 11.8 5.0 2.5 2 0 2 2 2
3803.2 2313.0 -16.5 223 0 12.8 5.9 5.0 2.5 2 0 2 1 1
3807.6 2309.0 -16.5 221 0 12.8 4.8 5.0 2.5 2 0 2 0 0
3822.4 2331.5 -16.6 218 0 8.2 4.6 5.0 2.5 2 0 2 3 3
3832.3 2383.5 -17.0 221 0 4.5 6.9 2.5 2.5 2 0 1 0 0
3845.1 2350.4 -16.6 298 0 5.3 10.9 5.0 2.5 2 0 2 5 5
3851.5 2347.6 -16.6 312 0 5.1 12.6 5.0 2.5 2 0 2 1 1
3822.2 2313.3 -16.5 220 0 12.1 3.3 2.5 2.5 2 0 1 5 5
3822.5 2304.8 -16.5 132 0 5.1 11.9 5.0 2.5 2 0 2 5 5
3810.4 2298.7 -16.5 130 0 6.3 11.5 2.5 2.5 2 0 1 4 4
3814.5 2295.1 -16.4 131 0 4.9 11.5 2.5 2.5 2 0 1 0 0
3862.7 2383.4 -17.1 306 0 4.5 7.5 2.5 2.5 2 0 1 0 0
3805.8 2284.3 -16.4 129 0 5.3 12.6 5.0 2.5 2 0 2 2 2
3790.2 2247.1 -16.3 131 0 4.4 16.2 5.0 2.5 2 0 2 1 1
3805.0 2265.1 -16.3 127 0 5.3 17.7 2.5 2.5 2 0 1 1 1
3805.2 2260.5 -16.3 40 0 4.4 8.4 5.0 2.5 2 1 2 4 4
3852.8 2380.2 -17.0 311 0 9.4 5.3 5.0 2.5 2 0 2 1 1
3737.0 2248.1 -16.2 54 0 14.9 10.2 2.5 0.0 0 0 1 0 0
3751.5 2251.3 -16.2 140 0 3.6 10.8 5.0 2.5 2 0 2 4 4
3758.0 2247.7 -16.2 56 0 5.8 5.1 2.5 2.5 2 0 1 1 1
3877.1 2326.8 -16.6 305 0 6.2 5.1 5.0 2.5 2 0 2 4 4
3864.1 2323.0 -16.6 319 0 10.6 5.9 5.0 2.5 2 0 2 1 1
3883.1 2375.4 -17.0 229 0 6.2 8.0 5.0 2.5 2 0 2 1 1
3888.2 2378.1 -17.1 256 0 6.3 7.6 5.0 2.5 2 0 2 2 2
3891.0 2370.9 -16.9 248 0 5.8 8.0 5.0 2.5 2 0 2 1 1
3624.2 2250.0 -16.1 84 0 6.3 5.0 2.5 2.5 2 0 1 4 4
3630.7 2250.2 -16.1 91 0 6.9 5.4 5.0 2.5 2 0 2 0 0
3593.0 2214.9 -16.0 190 0 7.1 11.0 5.0 2.5 2 1 2 2 2
3849.4 2628.0 -15.1 339 0 5.0 8.7 5.0 2.5 2 0 2 1 1
3735.1 2237.8 -16.2 59 0 5.0 6.4 2.5 2.5 2 1 1 1 1
3720.6 2236.2 -16.2 52 0 9.4 9.1 2.5 2.5 2 0 1 4 4
3687.4 2179.4 -15.9 102 0 11.0 13.9 5.0 2.5 2 0 2 2 2
3702.1 2179.4 -15.9 77 0 6.9 9.7 2.5 2.5 4 1 1 1 1
3818.1 2252.7 -16.3 42 0 3.4 10.0 2.5 2.5 2 0 1 0 0
3826.8 2245.5 -16.3 49 0 4.6 11.0 7.5 2.5 2 0 3 5 5
3834.8 2251.6 -16.3 48 0 7.5 5.4 5.0 2.5 2 0 2 0 0
3920.1 2420.6 -17.6 253 0 4.5 19.0 5.0 2.5 2 0 2 1 1
3595.7 2324.4 -16.4 179 0 9.3 5.2 5.0 2.5 2 0 2 0 0
3582.9 2170.8 -15.6 187 0 5.8 5.6 5.0 2.5 2 0 2 2 2
3870.9 2270.0 -16.4 72 0 6.3 8.5 2.5 2.5 2 0 1 1 1
3948.1 2419.0 -17.4 65 0 7.1 7.9 5.0 2.5 2 0 2 4 4
3614.2 2136.1 -15.7 9 0 10.2 5.7 5.0 2.5 2 0 2 2 2
3896.2 2228.8 -16.2 129 0 13.7 9.0 7.5 2.5 2 0 3 0 0
3940.3 2241.0 -16.3 45 0 8.0 8.7 5.0 2.5 2 0 2 1 1
6733.2 -10630.7 8.6 62 0 35.3 123.1 12.5 0.0 0 1 5 2 2
3420.9 11529.1 -19.0 165 0 119.7 193.7 12.5 0.0 0 1 5 0 0
2234.1 -5418.9 -9.0 233 0 127.0 17.4 5.0 0.0 0 0 2 1 1
3495.6 -5776.7 -1.5 8 0 123.2 29.7 12.5 0.0 0 0 5 5 5
274.1 -6682.0 2.5 237 0 122.2 17.0 12.5 0.0 0 0 5 3 3
-1470.9 -8011.0 -3.1 48 0 124.4 16.8 10.0 0.0 0 0 4 4 4
-2438.7 -8874.3 4.0 156 0 17.0 122.3 17.5 0.0 0 1 7 0 0
-4410.9 -10811.7 -3.1 38 0 122.8 17.5 14.0 0.0 0 0 4 5 5
-5870.7 -12457.7 -12.1 315 0 16.1 124.4 12.5 0.0 0 1 5 0 0
-172.2 -2710.5 -11.9 243 0 45.4 17.1 10.0 2.5 2 0 4 3 3
-132.1 -2699.8 -11.9 333 0 18.8 15.0 10.0 2.5 4 0 4 3 3
-63.2 -2784.3 -11.4 332 0 88.8 22.8 7.5 0.0 0 0 3 2 2
-312.9 -2880.1 -10.5 151 0 87.1 21.2 7.5 0.0 0 0 3 4 4
-192.2 -2937.2 -10.3 63 0 43.2 16.0 7.5 2.5 2 0 3 4 4
-246.2 -2955.3 -10.3 153 0 19.8 15.8 7.5 2.5 2 0 3 0 0
2998.9 -1762.6 -2.0 281 0 12.4 65.8 12.5 2.5 2 1 5 3 3
2679.7 -1752.3 -2.6 172 0 123.3 27.2 12.5 0.0 0 0 5 4 4
3442.2 1311.0 -10.4 7 0 124.5 16.7 12.5 0.0 0 0 5 1 1
3701.0 4162.5 -18.9 275 0 16.9 124.5 10.0 0.0 0 1 4 4 4
4141.5 7359.1 -22.5 268 0 35.3 123.2 10.5 0.0 0 1 3 0 0
3671.4 11771.0 -20.2 254 0 35.1 123.2 10.0 0.0 0 1 4 5 5
2619.9 -1384.9 -8.3 359 0 61.3 7.3 10.5 0.0 0 0 3 5 5
