589.7 7355.6 -4.4 197 0 32.6 55.3 7.5 0.0 0 1 3 4 4
1582.9 -1024.8 -5.4 182 0 135.7 57.4 7.5 0.0 0 0 3 0 0
5666.7 12794.7 -18.1 186 0 31.3 37.3 17.5 0.0 0 1 5 3 3
5595.0 12788.0 -18.4 258 0 35.9 21.0 17.5 0.0 0 0 5 5 5
5738.6 12776.3 -16.8 95 0 21.5 84.1 17.5 0.0 0 1 5 1 1
5668.3 12702.5 -12.2 81 0 39.9 22.2 17.5 0.0 0 0 5 1 1
5518.6 12789.7 -18.3 91 0 13.4 37.6 17.5 0.0 0 1 5 2 2
-598.5 -12758.7 -27.0 102 0 129.7 116.7 17.5 0.0 0 0 5 2 2
4078.8 10420.4 -22.4 42 0 58.5 42.6 17.5 0.0 0 0 5 2 2
4062.1 10626.1 -24.0 341 0 31.3 33.2 17.5 0.0 0 1 5 3 3
4088.0 10789.1 -23.3 303 0 32.6 33.7 17.5 0.0 0 1 5 5 5
3976.6 10843.3 -23.4 280 0 32.5 33.8 17.5 0.0 0 1 5 5 5
4209.1 10693.5 -20.8 311 0 30.9 33.8 17.5 0.0 0 1 5 2 2
4321.1 10554.9 -22.7 76 0 34.0 34.8 17.5 0.0 0 1 5 2 2
3885.3 10724.8 -23.5 112 0 33.6 32.7 17.5 0.0 0 0 5 3 3
4183.7 10715.8 -20.6 311 0 30.9 33.8 17.5 0.0 0 1 5 2 2
3871.0 10310.9 -22.4 0 0 41.4 36.9 17.5 0.0 0 0 5 1 1
4282.9 10545.4 -23.2 76 0 34.0 34.8 17.5 0.0 0 1 5 0 0
4019.4 10829.5 -23.4 296 0 32.6 33.7 17.5 0.0 0 1 5 1 1
4245.1 10534.8 -23.3 76 0 34.0 34.8 17.5 0.0 0 1 5 1 1
3916.9 10822.7 -23.5 224 0 32.6 33.7 17.5 0.0 0 1 5 4 4
4157.3 10738.8 -21.8 311 0 30.9 33.8 17.5 0.0 0 1 5 0 0
4049.0 10662.5 -24.0 341 0 31.3 33.2 17.5 0.0 0 1 5 1 1
4075.1 10590.8 -24.0 341 0 31.3 33.2 17.5 0.0 0 1 5 0 0
4054.8 10808.9 -23.3 303 0 32.6 33.7 17.5 0.0 0 1 5 1 1
4036.3 10700.2 -23.3 341 0 31.3 33.2 17.5 0.0 0 1 5 3 3
3891.2 10781.4 -23.6 202 0 32.7 33.6 17.5 0.0 0 1 5 3 3
2570.3 6702.0 -12.4 303 0 193.9 133.2 17.5 0.0 0 0 5 2 2
2831.8 -5315.5 6.8 325 0 19.9 10.1 17.5 0.0 0 0 5 3 3
4623.0 12443.1 -16.0 52 0 12.0 48.4 14.0 0.0 0 1 4 0 0
4640.2 12450.9 -15.7 60 0 11.3 50.9 14.0 3.5 2 1 4 4 4
-1349.6 9725.4 -18.0 357 0 61.2 23.5 17.5 3.5 2 0 5 2 2
-1338.9 9628.8 -13.8 178 0 18.5 120.3 17.5 0.0 0 1 5 1 1
-1403.8 9677.5 -16.7 90 0 50.1 60.6 17.5 0.0 0 1 5 3 3
-1216.9 9608.9 -13.3 359 0 17.4 91.1 17.5 3.5 2 1 5 2 2
3385.2 12432.2 -15.5 46 0 91.9 18.0 17.5 0.0 0 0 5 3 3
3384.7 12378.8 -9.0 200 0 21.2 55.4 17.5 3.5 2 1 5 2 2
4139.6 12251.7 -9.1 349 0 56.5 35.2 14.0 0.0 0 0 4 0 0
4104.5 12445.1 -8.6 350 0 53.9 18.0 17.5 0.0 0 0 5 0 0
2922.7 12772.5 -17.9 318 0 44.3 59.4 17.5 0.0 0 1 5 1 1
-2178.0 12604.7 -26.1 109 0 132.3 97.8 17.5 0.0 0 0 5 5 5
-3020.5 9840.0 -21.4 252 0 40.6 69.1 17.5 0.0 0 0 5 2 2
-2990.0 9845.9 -21.7 251 0 21.6 62.3 17.5 3.5 2 0 5 5 5
-3053.7 9862.5 -21.4 71 0 59.8 53.3 17.5 0.0 0 0 5 5 5
-2369.1 12226.5 -25.2 106 0 42.2 21.1 14.0 3.5 2 0 4 4 4
6412.5 11554.9 -22.6 99 0 46.7 53.8 17.5 0.0 0 1 5 0 0
1830.4 12452.3 -22.8 74 0 71.4 35.6 15.0 0.0 0 0 6 1 1
2036.5 12106.8 -17.9 56 0 38.1 40.5 14.0 0.0 0 1 4 2 2
1155.1 -2873.3 4.6 63 0 91.7 92.3 17.5 0.0 0 1 5 1 1
2337.7 7347.9 -8.9 320 0 24.6 79.3 17.5 0.0 0 1 7 0 0
2962.8 7812.4 -16.1 50 0 77.8 15.5 17.5 3.5 4 0 5 5 5
6582.1 9040.1 -21.6 239 0 15.1 112.5 17.5 0.0 0 1 5 1 1
6586.5 8988.2 -22.0 240 0 75.6 17.4 17.5 3.5 2 0 5 2 2
5323.6 11034.2 -16.8 289 0 48.0 39.5 21.0 0.0 0 0 6 3 3
5270.5 11050.4 -16.4 288 0 110.6 33.1 14.0 0.0 0 0 4 4 4
5193.8 11052.7 -16.0 199 0 39.4 39.4 14.0 0.0 0 1 4 0 0
4670.2 11507.3 -15.6 237 0 49.2 113.5 14.0 0.0 0 1 4 5 5
6565.3 12790.2 -9.0 90 0 30.8 61.0 17.5 0.0 0 0 5 2 2
1959.8 12607.2 -20.4 163 0 28.3 46.7 14.0 0.0 0 1 4 2 2
2019.3 12637.8 -15.9 165 0 63.0 19.8 17.5 3.5 2 0 5 1 1
2063.2 12647.8 -14.4 345 0 58.8 17.5 17.5 3.5 2 0 5 0 0
2293.3 12678.8 -21.3 74 0 21.3 50.9 14.0 0.0 0 1 4 3 3
2262.5 12671.9 -19.0 75 0 19.9 46.0 14.0 3.5 2 1 4 3 3
2234.9 12665.1 -17.4 74 0 20.1 40.8 14.0 3.5 2 1 4 4 4
2204.1 12656.8 -15.7 74 0 22.4 42.5 14.0 0.0 0 1 4 5 5
1021.4 12162.4 -13.3 354 0 33.2 19.7 17.5 3.5 2 0 5 4 4
2142.0 12589.3 -12.2 252 0 30.2 48.0 17.5 3.5 2 1 5 1 1
2173.3 12595.8 -13.4 250 0 20.9 40.0 17.5 0.0 0 1 5 0 0
2030.7 12554.9 -17.8 164 0 10.1 80.7 17.5 3.5 2 1 5 3 3
1281.4 12180.3 -17.5 355 0 51.9 97.3 17.5 0.0 0 1 5 0 0
1214.0 12271.9 -25.0 342 0 13.5 18.1 17.5 3.5 2 1 5 1 1
1045.2 12202.0 -15.8 176 0 49.3 27.5 17.5 0.0 0 0 5 0 0
1377.2 12523.7 -13.4 259 0 11.4 44.8 17.5 3.5 2 1 5 0 0
1367.1 12571.4 -14.1 258 0 11.1 42.3 17.5 3.5 2 1 5 0 0
1358.1 12578.4 -13.7 78 0 22.8 23.2 14.0 3.5 2 1 4 1 1
1308.4 12769.9 -16.2 95 0 21.3 83.0 17.5 0.0 0 1 5 1 1
1407.4 12676.5 -19.4 168 0 21.2 11.8 14.0 3.5 2 0 4 1 1
1420.8 12491.6 -12.5 168 0 50.4 42.9 14.0 0.0 0 0 4 3 3
1412.8 12346.0 -14.7 165 0 18.6 57.9 17.5 3.5 2 1 5 2 2
1471.4 12374.1 -12.8 256 0 9.7 24.5 10.5 3.5 2 1 3 5 5
1335.4 12441.2 -15.1 250 0 30.4 56.2 17.5 0.0 0 1 5 5 5
1706.7 12446.8 -18.4 72 0 49.3 11.9 17.5 3.5 2 0 5 5 5
1648.5 12426.6 -17.2 69 0 62.9 10.6 17.5 3.5 2 0 5 0 0
1551.5 12364.9 -16.0 159 0 61.9 26.4 17.5 0.0 0 0 5 4 4
1512.9 12303.3 -11.8 350 0 47.2 16.0 17.5 3.5 2 0 5 4 4
2022.4 12549.5 -24.2 345 0 13.0 62.2 14.0 3.5 2 1 4 2 2
1352.0 12517.7 -13.3 258 0 8.4 44.4 10.5 3.5 2 1 3 0 0
2892.5 12001.5 -20.5 74 0 512.9 28.6 15.0 0.0 0 0 6 0 0
2839.6 11788.4 -21.8 246 0 29.3 52.2 10.0 0.0 0 1 4 0 0
2987.2 11796.6 -20.9 336 0 17.6 52.3 10.0 2.5 2 1 4 1 1
2903.9 11765.6 -21.9 336 0 19.5 28.2 7.5 2.5 2 1 3 5 5
2987.2 11722.5 -20.6 92 0 18.6 47.7 17.5 3.5 2 1 5 3 3
2908.2 11732.2 -22.1 83 0 25.4 10.0 10.5 3.5 2 0 3 1 1
2942.9 11734.8 -21.4 67 0 23.4 16.8 17.5 3.5 2 0 5 0 0
2841.8 12049.1 -18.7 254 0 264.3 22.4 17.5 0.0 0 0 5 2 2
6891.3 12015.0 -20.1 184 0 56.5 124.0 21.0 0.0 0 1 6 0 0
5966.3 9088.6 -24.3 94 0 27.4 150.8 14.0 0.0 0 1 4 0 0
5954.1 8902.1 -29.2 94 0 26.6 134.6 14.0 0.0 0 1 4 3 3
6655.9 12799.8 -12.6 1 0 67.4 30.9 17.5 0.0 0 0 5 0 0
6713.2 12732.2 -14.7 288 0 28.0 22.9 17.5 0.0 0 0 5 1 1
6688.8 12748.1 -10.7 105 0 14.4 35.6 17.5 3.5 2 1 5 4 4
6735.1 12753.0 -6.8 19 0 13.4 27.6 17.5 3.5 2 1 5 3 3
6746.9 12730.1 -4.3 198 0 17.2 41.7 21.0 3.5 4 1 6 5 5
6741.6 12705.2 -5.6 199 0 18.2 46.3 21.0 3.5 4 1 6 3 3
6646.6 12750.1 -21.3 283 0 12.4 25.5 17.5 3.5 2 1 5 3 3
6674.1 12713.3 -20.4 109 0 25.6 17.8 17.5 3.5 2 0 5 0 0
6821.3 12602.1 -2.4 105 0 101.4 25.2 17.5 0.0 0 0 5 3 3
6700.5 12797.2 -5.7 14 0 19.2 11.8 17.5 3.5 2 0 5 5 5
6751.4 12800.3 -4.8 20 0 24.0 11.5 17.5 3.5 2 0 5 3 3
6862.5 12659.4 -1.2 108 0 14.8 33.3 21.0 0.0 0 1 6 1 1
6442.0 12678.2 -4.1 90 0 67.0 26.8 21.0 0.0 0 0 6 2 2
6362.5 12679.8 -7.4 91 0 45.0 31.5 17.5 0.0 0 0 5 1 1
-5042.7 4542.8 -17.4 334 0 16.2 87.4 10.0 2.5 4 1 4 1 1
5102.7 11310.8 -19.3 84 0 46.5 35.6 14.0 0.0 0 0 4 2 2
5222.1 11335.9 -21.2 355 0 75.4 10.6 21.0 3.5 4 0 6 2 2
5190.4 11489.3 -14.8 264 0 21.9 36.0 21.0 0.0 0 1 6 3 3
5168.9 11312.6 -21.1 82 0 14.3 42.0 3.5 3.5 2 1 1 1 1
4978.4 11261.8 -14.7 173 0 37.4 33.2 7.0 0.0 0 0 2 0 0
4982.5 11314.1 -14.3 174 0 30.0 17.3 7.0 3.5 2 0 2 4 4
5003.7 11376.1 -14.9 263 0 20.3 25.4 3.5 3.5 2 1 1 4 4
5869.2 12801.2 -16.3 180 0 23.5 24.5 31.5 0.0 0 1 9 4 4
5819.6 12802.0 -16.3 7 0 39.4 9.4 10.5 3.5 2 0 3 1 1
5225.6 11388.7 -15.9 82 0 14.5 77.4 21.0 3.5 2 1 6 5 5
5248.5 11487.4 -14.7 266 0 11.8 58.2 21.0 3.5 2 1 6 2 2
4982.9 11375.2 -14.0 264 0 14.7 31.6 21.0 0.0 0 1 6 3 3
5811.7 12578.2 -6.0 7 0 58.7 26.7 17.5 0.0 0 0 5 3 3
5252.4 11218.2 -23.9 269 0 31.4 14.1 3.5 3.5 2 0 1 4 4
6074.6 12729.2 0.3 268 0 36.5 59.9 17.5 0.0 0 1 5 3 3
6238.8 12791.0 -5.5 270 0 32.8 26.8 14.0 0.0 0 0 4 0 0
5935.6 12760.1 -10.8 69 0 11.0 12.3 17.5 3.5 2 0 5 0 0
5782.9 12483.5 -15.7 98 0 29.8 59.5 17.5 0.0 0 1 5 2 2
3088.6 12763.1 -20.5 133 0 33.3 16.7 17.5 3.5 2 0 5 3 3
6594.1 12060.2 -19.6 271 0 45.8 39.7 14.0 0.0 0 0 4 1 1
6602.6 12453.3 -15.8 97 0 20.7 50.0 17.5 3.5 2 1 5 3 3
-72.2 -12289.6 -24.9 12 0 92.3 10.5 17.5 3.5 2 0 5 1 1
-1297.1 -12598.6 -20.3 192 0 26.7 7.4 10.5 3.5 2 0 3 5 5
-1377.6 -11703.6 -27.2 282 0 81.4 267.8 14.0 0.0 0 1 4 4 4
-1487.4 -11680.3 -28.1 281 0 84.6 270.2 14.0 0.0 0 1 4 1 1
-829.2 -12785.9 -26.2 101 0 47.4 55.2 17.5 0.0 0 1 5 5 5
-1852.1 -12299.5 -27.8 101 0 55.5 95.1 17.5 0.0 0 1 5 4 4
-1254.1 -12625.8 -20.6 281 0 11.2 65.3 17.5 3.5 2 1 5 0 0
-1207.6 -11630.0 -27.8 11 0 150.3 82.1 14.0 0.0 0 0 4 3 3
-1244.8 -11812.9 -25.9 12 0 161.8 83.2 14.0 0.0 0 0 4 5 5
-1711.6 -11630.7 -27.0 282 0 90.1 270.8 14.0 0.0 0 1 4 2 2
-1656.2 -12036.2 -23.3 283 0 60.4 164.9 17.5 0.0 0 1 5 3 3
-1130.9 -12695.7 -23.6 192 0 81.0 47.6 14.0 0.0 0 0 4 4 4
-1409.0 -12048.8 -22.2 282 0 195.9 166.8 17.5 0.0 0 0 5 3 3
-1229.2 -12310.8 -22.9 12 0 28.1 7.8 10.5 3.5 4 0 3 2 2
-1227.4 -12704.5 -22.3 12 0 35.7 23.4 17.5 0.0 0 0 5 4 4
-1184.5 -12055.8 -19.8 191 0 50.1 8.0 10.5 3.5 2 0 3 4 4
-1372.3 -11676.5 -27.6 101 0 81.1 274.1 14.0 0.0 0 1 4 2 2
-1029.3 -12123.4 -24.5 281 0 136.4 15.2 14.0 0.0 0 0 4 3 3
-1833.9 -11998.1 -25.5 191 0 91.7 69.7 17.5 0.0 0 0 5 2 2
-1854.6 -12118.2 -24.6 192 0 103.4 107.6 17.5 0.0 0 1 5 1 1
-603.9 -12800.6 -28.1 282 0 215.8 48.3 14.0 0.0 0 0 4 0 0
-1613.0 -12404.2 -29.6 281 0 192.3 125.9 17.5 0.0 0 0 5 2 2
-681.1 -12741.1 -26.4 102 0 39.2 111.9 17.5 0.0 0 0 5 4 4
-1189.0 -11055.5 -23.5 92 0 50.8 75.3 7.5 0.0 0 1 3 1 1
5728.7 10533.3 -15.6 169 0 8.2 35.3 10.5 3.5 2 1 3 0 0
5855.0 10353.9 -15.8 272 0 25.0 44.2 17.5 0.0 0 1 5 2 2
6147.4 10163.5 -18.0 1 0 27.5 7.1 10.5 0.0 0 0 3 0 0
5803.2 10480.4 -13.3 76 0 13.9 30.5 17.5 3.5 2 1 5 3 3
5735.8 10488.3 -15.5 177 0 43.4 19.4 17.5 3.5 4 0 5 4 4
5756.5 10273.9 -19.9 179 0 50.2 34.2 17.5 0.0 0 0 5 2 2
5751.5 10384.8 -17.4 179 0 26.9 11.7 17.5 3.5 2 0 5 4 4
6032.2 10250.4 -18.4 90 0 16.1 89.3 17.5 3.5 2 1 5 1 1
6212.4 10158.0 -16.5 90 0 11.5 27.5 17.5 3.5 2 1 5 1 1
5931.8 10357.3 -15.0 270 0 24.3 54.9 17.5 3.5 2 1 5 0 0
5900.1 10247.9 -15.8 91 0 40.5 51.1 17.5 0.0 0 1 5 1 1
6192.3 10158.4 -17.0 91 0 8.3 26.9 10.5 0.0 0 1 3 5 5
6214.1 10010.0 -20.2 13 0 26.5 17.7 10.0 2.5 2 0 4 1 1
6265.4 10159.8 -15.7 88 0 10.3 27.5 17.5 3.5 2 1 5 2 2
5891.8 10376.7 -13.4 181 0 32.6 45.9 17.5 0.0 0 1 5 4 4
5837.5 10465.9 -13.5 80 0 64.2 16.7 17.5 0.0 0 0 5 5 5
5868.2 10273.2 -18.2 360 0 49.3 62.6 17.5 0.0 0 1 5 0 0
5881.0 10357.0 -14.8 269 0 16.3 51.6 17.5 3.5 2 1 5 1 1
6303.2 10069.1 -17.6 194 0 14.5 32.2 21.0 0.0 0 1 6 4 4
5971.6 10358.4 -16.3 271 0 27.9 49.4 17.5 0.0 0 1 5 3 3
5784.4 10458.3 -14.5 79 0 16.6 48.0 17.5 3.5 2 1 5 2 2
5825.3 10486.3 -12.5 78 0 15.3 61.7 17.5 3.5 2 1 5 1 1
5773.5 10325.3 -18.1 179 0 40.4 17.4 17.5 3.5 4 0 5 1 1
5744.2 10450.6 -16.1 74 0 19.9 10.9 17.5 3.5 2 0 5 1 1
6246.4 10160.6 -15.9 91 0 10.5 23.6 17.5 3.5 4 1 5 4 4
5905.8 10354.5 -13.8 264 0 17.8 44.8 17.5 3.5 2 1 5 2 2
6229.4 10157.3 -16.2 91 0 11.5 26.9 17.5 3.5 2 1 5 5 5
5878.9 10621.6 -10.1 91 0 19.9 54.6 17.5 3.5 2 1 5 5 5
5949.9 10250.1 -17.1 89 0 38.2 45.0 17.5 0.0 0 1 5 2 2
6218.4 10143.2 -18.0 270 0 74.8 19.3 21.0 3.5 4 0 6 4 4
5979.7 10245.8 -17.7 90 0 12.6 36.8 17.5 3.5 2 1 5 0 0
6282.7 10159.9 -15.5 88 0 11.1 30.8 17.5 3.5 2 1 5 5 5
6172.6 10161.2 -17.4 91 0 8.2 31.3 10.5 3.5 2 1 3 5 5
5813.6 10435.3 -15.9 268 0 79.2 30.4 17.5 0.0 0 0 5 2 2
5836.6 10326.1 -17.0 352 0 39.9 28.4 17.5 0.0 0 0 5 4 4
5857.5 10380.3 -16.9 0 0 28.6 84.1 17.5 0.0 0 1 5 4 4
6122.7 10164.2 -18.2 4 0 29.1 9.6 10.5 3.5 2 0 3 1 1
5396.1 10426.2 -14.0 303 0 50.7 23.8 10.0 2.5 2 0 4 4 4
5675.4 10120.8 -21.7 31 0 53.9 21.2 21.0 3.5 2 0 6 1 1
5301.6 10484.9 -13.2 40 0 10.7 35.0 17.5 3.5 2 1 5 3 3
5311.5 10507.9 -13.1 311 0 29.1 10.3 17.5 3.5 4 0 5 4 4
5324.2 10151.5 -19.6 56 0 216.7 47.3 10.0 0.0 0 0 4 2 2
5508.6 10304.5 -18.5 220 0 32.7 56.4 21.0 0.0 0 1 6 1 1
5455.7 10238.9 -15.9 222 0 91.8 30.7 10.0 0.0 0 0 4 3 3
5207.2 10558.2 -11.6 220 0 8.2 37.3 10.5 0.0 0 1 3 0 0
5325.1 10284.7 -15.0 84 0 16.2 39.8 10.0 2.5 2 1 4 0 0
5312.7 10477.7 -14.1 221 0 23.8 62.9 10.0 2.5 2 1 4 0 0
5360.2 10286.6 -13.5 84 0 18.6 50.9 12.5 2.5 4 1 5 1 1
5599.8 10098.6 -22.2 24 0 74.2 34.5 12.5 0.0 0 0 5 4 4
5280.1 10533.5 -12.2 310 0 39.3 7.8 10.5 3.5 4 0 3 1 1
5287.8 10470.3 -13.5 42 0 9.0 33.3 10.5 3.5 4 1 3 0 0
5356.5 10157.1 -13.9 236 0 133.0 32.1 10.0 0.0 0 0 4 4 4
5236.2 10559.8 -11.3 311 0 39.6 8.1 10.5 3.5 2 0 3 3 3
5411.8 10341.5 -11.2 84 0 17.0 40.6 12.5 2.5 2 1 5 0 0
4991.0 10302.7 -16.4 199 0 48.0 179.2 10.0 0.0 0 1 4 2 2
5345.0 10416.4 -14.4 265 0 11.2 29.8 5.0 2.5 2 1 2 4 4
5123.2 10086.9 -20.8 108 0 35.1 13.8 12.5 2.5 4 0 5 1 1
5325.0 10416.0 -14.7 262 0 9.6 32.1 7.5 2.5 2 1 3 1 1
5140.0 10558.5 -12.8 20 0 49.7 18.6 21.0 3.5 4 0 6 2 2
5038.0 10347.6 -16.8 199 0 20.9 99.9 7.5 0.0 0 1 3 5 5
5332.4 10331.5 -14.8 87 0 13.0 38.5 7.5 2.5 2 1 3 1 1
5151.7 10598.5 -10.8 20 0 18.1 11.2 21.0 0.0 0 0 6 2 2
5255.6 10517.8 -12.6 308 0 25.7 25.4 17.5 0.0 0 0 5 0 0
5306.9 10349.8 -15.1 173 0 39.3 11.9 10.0 2.5 2 0 4 0 0
5275.5 10322.6 -15.4 86 0 14.2 85.9 5.0 2.5 2 1 2 1 1
4986.6 10203.4 -17.2 111 0 9.8 24.7 7.5 2.5 2 1 3 4 4
5242.4 10414.8 -14.9 174 0 34.3 9.4 7.5 2.5 2 0 3 5 5
4958.7 10286.7 -18.2 204 0 64.6 13.3 12.5 2.5 2 0 5 1 1
4966.5 10344.7 -17.8 198 0 28.8 22.4 12.5 0.0 0 0 5 0 0
5202.6 10392.4 -15.5 290 0 20.9 41.0 12.5 0.0 0 1 5 4 4
5100.9 10206.9 -10.1 109 0 67.4 27.0 10.0 0.0 0 0 4 2 2
5263.4 10464.7 -13.6 37 0 13.0 34.4 17.5 3.5 2 1 5 0 0
5294.9 10319.2 -15.4 86 0 14.7 43.5 7.5 2.5 2 1 3 2 2
5012.7 10251.9 -11.4 201 0 24.1 42.7 12.5 0.0 0 1 5 5 5
5253.0 10225.8 -17.1 20 0 38.6 76.6 10.0 0.0 0 1 4 5 5
5278.8 10297.3 -15.7 180 0 25.3 20.8 12.5 2.5 4 0 5 3 3
6906.5 3077.1 -21.7 356 0 79.4 68.0 14.0 0.0 0 0 4 4 4
6847.3 2705.2 -21.6 355 0 37.6 13.5 14.0 3.5 2 0 4 0 0
6739.0 4453.7 -19.7 17 0 46.8 31.4 10.0 0.0 0 0 4 2 2
6133.9 2270.7 -24.7 293 0 28.7 34.0 17.5 0.0 0 1 5 2 2
6922.7 2892.9 -21.0 86 0 136.3 72.8 14.0 0.0 0 0 4 2 2
6915.8 2836.9 -22.2 357 0 96.9 85.9 14.0 0.0 0 0 4 1 1
6731.5 2744.8 -21.9 357 0 41.7 42.1 14.0 0.0 0 1 4 1 1
6116.1 2188.7 -24.8 113 0 34.6 35.2 17.5 0.0 0 1 5 5 5
6344.4 1765.9 -18.3 86 0 25.5 19.2 7.5 2.5 2 0 3 3 3
6911.1 3001.7 -22.0 358 0 52.8 84.0 14.0 0.0 0 1 4 5 5
6719.3 3157.1 -22.9 269 0 51.2 38.4 14.0 0.0 0 0 4 3 3
6598.6 4398.8 -22.5 110 0 26.9 59.4 10.0 0.0 0 1 4 5 5
6668.4 4484.6 -22.6 286 0 65.6 34.0 10.0 0.0 0 0 4 2 2
6612.6 4047.7 -20.6 349 0 39.0 122.4 12.5 0.0 0 1 5 1 1
6853.7 2649.7 -20.8 355 0 65.7 16.1 14.0 3.5 2 0 4 5 5
6482.3 2520.7 -21.6 65 0 190.0 76.4 15.0 0.0 0 0 6 4 4
6559.2 2146.9 -20.0 322 0 34.3 57.2 10.0 0.0 0 1 4 5 5
6227.1 2234.4 -24.0 332 0 97.0 60.7 17.5 0.0 0 0 5 4 4
6660.0 3776.0 -18.7 266 0 84.8 71.8 17.5 0.0 0 0 5 2 2
4804.8 10401.9 -19.3 132 0 16.0 46.6 17.5 3.5 2 1 5 1 1
4498.5 10671.5 -17.4 121 0 20.9 43.5 17.5 3.5 2 1 5 5 5
4405.6 10849.9 -13.1 38 0 30.5 38.7 12.5 0.0 0 1 5 4 4
4635.8 10610.9 -22.4 201 0 11.9 40.7 17.5 3.5 2 1 5 1 1
4835.1 10325.1 -20.3 43 0 5.0 50.0 10.5 3.5 2 1 3 3 3
4349.4 10771.2 -17.1 122 0 24.4 14.8 7.5 2.5 2 0 3 2 2
4606.6 10614.5 -21.9 220 0 20.0 28.0 17.5 3.5 2 1 5 5 5
4353.7 10805.4 -15.9 125 0 45.3 25.6 10.0 0.0 0 0 4 5 5
4455.3 10872.5 -10.5 36 0 25.2 69.3 12.5 0.0 0 1 5 2 2
4597.6 10713.1 -18.4 293 0 18.7 42.9 17.5 3.5 2 1 5 1 1
4292.4 10890.9 -17.5 214 0 76.0 31.6 10.0 0.0 0 0 4 1 1
4430.5 10726.1 -16.1 34 0 8.7 58.4 10.5 0.0 0 1 3 5 5
4843.1 10332.3 -20.4 43 0 12.5 79.4 17.5 3.5 2 1 5 0 0
4542.2 10814.6 -14.8 304 0 29.1 79.5 17.5 0.0 0 1 5 5 5
4462.4 10696.9 -16.3 123 0 41.2 17.7 17.5 3.5 2 0 5 4 4
4274.8 10817.3 -19.3 124 0 62.7 14.9 10.0 2.5 2 0 4 3 3
4878.6 10454.4 -19.5 41 0 42.9 32.8 17.5 0.0 0 0 5 4 4
4482.4 10826.7 -12.2 213 0 36.2 20.4 17.5 0.0 0 0 5 0 0
4915.7 10427.7 -18.0 31 0 34.3 9.0 10.5 3.5 2 0 3 1 1
4390.5 10825.3 -14.0 37 0 12.7 30.3 10.0 2.5 2 1 4 4 4
6022.6 12722.8 -6.6 271 0 22.4 43.4 24.5 0.0 0 1 7 2 2
5876.8 12672.2 -8.9 168 0 12.9 31.4 17.5 3.5 2 1 5 4 4
5944.1 12627.6 -7.0 94 0 27.0 28.7 17.5 0.0 0 1 5 1 1
5962.3 12684.7 -9.2 278 0 34.4 21.6 17.5 0.0 0 0 5 5 5
5985.6 12658.7 -7.9 95 1 12.1 19.1 17.5 3.5 2 1 5 4 4
6004.6 12654.8 -7.2 97 0 12.8 21.0 17.5 3.5 2 1 5 0 0
6023.8 12653.1 -4.2 93 1 10.5 20.6 17.5 3.5 4 1 5 3 3
5981.4 12626.1 -7.0 95 0 25.3 27.7 17.5 0.0 0 1 5 1 1
6018.4 12621.8 -4.9 95 0 26.5 27.6 17.5 0.0 0 1 5 2 2
1875.3 12509.4 -23.9 343 0 15.0 29.2 17.5 3.5 2 1 5 5 5
1888.2 12510.5 -25.6 159 0 13.3 64.1 10.0 2.5 2 1 4 0 0
4637.7 12728.0 -6.3 180 0 28.4 24.3 17.5 0.0 0 0 5 1 1
4671.9 12668.2 -5.2 90 0 13.8 49.0 17.5 3.5 2 1 5 2 2
4678.7 12790.2 -9.1 270 0 10.2 53.6 17.5 3.5 2 1 5 2 2
4637.7 12687.8 -5.2 180 0 41.6 21.5 17.5 0.0 0 0 5 1 1
4696.5 12616.8 -5.8 179 0 46.1 28.9 17.5 0.0 0 0 5 5 5
4932.2 12795.7 -13.5 262 0 32.9 39.7 14.0 0.0 0 1 4 0 0
4698.1 12665.3 -4.4 179 0 34.6 52.4 17.5 0.0 0 1 5 5 5
4965.4 12674.3 -14.4 350 0 62.4 38.0 17.5 0.0 0 0 5 5 5
4560.2 12770.0 -8.6 261 0 10.0 45.1 10.5 3.5 2 1 3 5 5
4416.2 12734.7 -11.4 358 0 16.8 6.7 10.5 3.5 2 0 3 5 5
4586.3 12763.3 -6.5 260 0 7.9 27.6 10.5 3.5 2 1 3 2 2
4457.2 12684.5 -11.6 268 0 7.6 15.2 10.5 3.5 2 1 3 3 3
4415.1 12716.8 -11.9 358 0 14.9 8.7 10.5 3.5 2 0 3 0 0
4500.1 12699.3 -10.7 108 0 11.0 54.4 14.0 3.5 2 1 4 2 2
4355.6 12720.3 -12.0 232 0 49.9 17.2 14.0 3.5 2 0 4 1 1
4430.2 12737.5 -10.8 88 0 9.3 25.6 10.5 3.5 2 1 3 1 1
4533.6 12747.2 -10.2 171 0 57.0 10.1 14.0 3.5 2 0 4 5 5
4430.6 12785.0 -10.2 268 0 9.0 18.8 10.5 0.0 0 1 3 0 0
4450.4 12777.6 -10.0 268 0 9.3 25.6 10.5 3.5 2 1 3 2 2
4478.7 12698.0 -12.2 268 0 10.1 45.2 14.0 3.5 2 1 4 2 2
4464.6 12709.9 -10.6 109 0 10.4 53.3 14.0 3.5 2 1 4 0 0
4501.7 12691.1 -12.6 268 0 9.7 46.6 10.5 0.0 0 1 3 5 5
4438.1 12716.2 -11.3 358 0 15.4 7.5 10.5 3.5 2 0 3 0 0
4450.1 12725.9 -10.6 88 0 9.3 25.6 10.5 3.5 2 1 3 0 0
1653.4 7923.0 -4.4 31 0 20.9 17.6 15.0 0.0 0 0 6 3 3
1665.4 7945.0 -6.6 31 0 20.9 17.6 10.0 2.5 2 0 4 3 3
1678.2 7966.2 -9.5 31 0 20.9 17.6 10.0 2.5 2 0 4 5 5
1624.0 7940.4 -5.4 31 0 20.9 17.6 10.0 2.5 2 0 4 3 3
1636.1 7962.4 -7.6 31 0 20.9 17.6 10.0 2.5 2 0 4 1 1
1646.6 7997.1 -10.7 301 0 17.6 20.9 10.0 2.5 4 1 4 3 3
1599.4 7955.6 -6.3 31 0 20.9 17.6 10.0 2.5 2 0 4 3 3
1609.2 7991.0 -8.5 301 0 17.6 20.9 10.0 2.5 2 1 4 3 3
1622.0 8012.3 -11.9 301 0 17.6 20.9 10.0 2.5 2 1 4 2 2
1567.5 7988.4 -8.5 301 0 17.6 20.9 12.5 2.5 2 1 5 4 4
1579.6 8010.4 -9.7 301 0 17.6 20.9 12.5 2.5 2 1 5 3 3
1592.4 8031.6 -13.4 301 0 17.6 20.9 10.0 2.5 4 1 4 0 0
1609.0 7888.0 -0.1 15 0 20.9 17.6 10.0 2.5 2 0 4 3 3
1615.8 7912.0 -2.4 15 0 20.9 17.6 10.0 2.5 2 0 4 4 4
1582.9 7927.2 -3.1 15 0 20.9 17.6 10.0 2.5 2 0 4 5 5
1575.7 7903.0 -1.7 15 0 20.9 17.6 12.5 0.0 0 0 5 5 5
1558.5 7871.3 -0.1 105 0 17.6 20.9 12.5 2.5 2 1 5 1 1
1539.9 7915.4 -5.9 105 0 17.6 20.9 12.5 2.5 2 1 5 1 1
1534.1 7892.9 -4.5 105 0 17.6 20.9 12.5 2.5 4 1 5 3 3
1527.4 7867.9 -2.9 105 0 17.6 20.9 12.5 2.5 2 1 5 0 0
1494.9 7879.2 -7.2 105 0 17.6 20.9 12.5 2.5 2 1 5 0 0
1501.6 7904.1 -8.8 105 0 17.6 20.9 12.5 0.0 0 1 5 2 2
1507.4 7926.6 -9.7 105 0 17.6 20.9 17.5 0.0 0 1 7 0 0
1509.0 7974.0 -10.6 195 0 20.9 17.6 10.0 2.5 2 0 4 2 2
1526.8 8006.8 -12.1 285 0 17.6 20.9 10.0 2.5 2 1 4 2 2
1532.6 8029.3 -13.3 285 0 17.6 20.9 12.5 2.5 2 1 5 0 0
1473.8 7917.3 -10.4 105 0 17.6 20.9 12.5 0.0 0 1 5 0 0
1468.0 7894.8 -9.9 105 0 17.6 20.9 12.5 2.5 2 1 5 2 2
1495.0 8025.1 -15.1 285 0 17.6 20.9 10.0 2.5 2 1 4 1 1
1478.0 7994.8 -13.8 195 0 20.9 17.6 10.0 2.5 4 0 4 3 3
1466.4 8032.2 -17.2 285 0 17.6 20.9 10.0 2.5 2 1 4 1 1
1449.4 8001.9 -15.9 195 0 20.9 17.6 10.0 2.5 2 0 4 5 5
1435.8 7942.8 -12.4 195 0 20.9 17.6 12.5 2.5 2 0 5 0 0
1435.8 7907.9 -11.1 105 0 17.6 20.9 7.5 2.5 4 1 3 4 4
1444.0 7968.6 -13.8 195 0 20.9 17.6 10.0 2.5 2 0 4 0 0
-1958.3 5621.7 -24.1 94 0 305.2 339.1 17.5 0.0 0 1 5 2 2
-1479.1 5581.9 -22.8 94 0 588.6 333.5 17.5 0.0 0 0 5 4 4
-1826.5 5402.0 -15.4 4 0 245.6 83.0 17.5 0.0 0 0 5 4 4
-1813.9 5549.2 -13.5 3 0 25.0 89.8 17.5 0.0 0 1 5 3 3
-2894.4 5450.0 -20.4 2 0 104.6 160.0 17.5 0.0 0 1 5 5 5
-3073.1 5585.9 -20.4 93 0 41.4 69.2 17.5 0.0 0 1 5 0 0
-3065.1 5743.2 -20.5 273 0 41.4 69.2 17.5 0.0 0 1 5 3 3
-3023.6 5582.8 -20.6 93 0 41.4 69.2 17.5 0.0 0 1 5 5 5
-3015.0 5739.2 -20.5 273 0 41.4 69.2 17.5 0.0 0 1 5 1 1
-3131.3 5746.5 -20.3 272 0 73.6 143.3 17.5 0.0 0 1 5 4 4
5132.2 11935.3 -16.9 267 0 83.2 77.0 17.5 0.0 0 0 5 3 3
-5243.7 10430.0 -24.8 345 0 30.0 8.2 10.5 3.5 4 0 3 1 1
5527.3 11823.0 -23.0 21 0 197.1 46.0 14.0 0.0 0 0 4 0 0
5578.6 11789.0 -18.6 206 0 26.6 119.5 17.5 0.0 0 1 5 0 0
6320.7 11881.0 -26.5 166 0 31.8 151.2 17.5 0.0 0 1 5 2 2
1700.7 11354.5 -18.7 4 0 82.0 24.9 17.5 0.0 0 0 5 1 1
6488.0 10487.1 -18.5 136 0 111.3 16.2 17.5 0.0 0 0 5 1 1
6800.4 10793.4 -20.1 258 0 51.9 35.1 10.0 0.0 0 0 4 3 3
5660.6 12197.3 -23.3 18 0 48.6 12.7 14.0 3.5 2 0 4 5 5
5644.2 12142.1 -22.4 19 0 49.1 27.6 14.0 0.0 0 0 4 4 4
6865.7 11109.4 -15.8 324 0 101.4 23.4 17.5 0.0 0 0 5 5 5
3273.1 6640.9 -14.7 147 0 14.9 21.0 17.5 3.5 2 0 5 5 5
-478.5 -11945.1 -29.8 281 0 474.1 215.9 14.0 0.0 0 0 4 4 4
-101.7 -11767.2 -33.1 11 0 90.3 336.6 14.0 0.0 0 1 4 2 2
3241.3 12198.2 -16.6 343 0 18.5 23.7 21.0 0.0 0 1 6 5 5
4056.3 9504.0 -18.8 325 0 21.2 100.2 14.0 0.0 0 0 4 2 2
4009.4 9381.2 -18.2 70 0 55.1 19.1 14.0 3.5 2 0 4 2 2
3965.6 9420.1 -18.6 160 0 56.3 19.2 14.0 3.5 2 0 4 1 1
4120.9 9425.1 -18.5 69 0 16.2 67.6 17.5 3.5 2 1 5 0 0
-1641.5 -12001.8 -23.8 282 0 60.7 17.3 17.5 3.5 2 0 5 0 0
-1585.0 -12006.2 -23.2 282 0 16.4 79.4 17.5 0.0 0 1 5 3 3
-1374.6 -12500.5 -23.1 12 0 96.7 121.6 17.5 0.0 0 1 5 4 4
3990.9 -2229.7 -17.9 322 0 68.6 69.4 17.5 0.0 0 1 5 4 4
-2826.0 8941.7 -21.5 227 0 17.3 104.3 17.5 0.0 0 1 5 3 3
-3868.6 8372.3 -20.1 78 0 21.1 66.0 17.5 3.5 2 1 5 1 1
-4207.6 8365.3 -21.2 257 0 19.1 55.7 14.0 3.5 2 1 4 0 0
-5159.5 8069.3 -20.7 84 0 19.4 34.9 17.5 0.0 0 1 5 2 2
-5478.8 8113.0 -18.7 264 0 19.6 22.8 17.5 3.5 2 1 5 0 0
-1354.1 -12268.9 -22.0 11 0 20.7 209.2 17.5 0.0 0 1 5 3 3
-2141.0 -12440.0 -28.5 188 0 253.3 158.4 17.5 0.0 0 0 5 0 0
2437.9 -8267.4 9.8 47 0 133.0 172.4 17.5 0.0 0 1 5 2 2
2321.6 -8013.6 4.4 317 0 154.1 153.6 17.5 0.0 0 0 5 5 5
2189.3 -7871.5 1.4 316 0 177.9 153.3 17.5 0.0 0 0 5 5 5
2577.9 -8116.9 9.9 48 0 118.7 64.7 17.5 0.0 0 0 5 4 4
2540.2 -7851.2 13.8 318 0 81.2 78.2 17.5 0.0 0 0 5 3 3
2201.1 -7832.9 6.6 138 0 130.4 139.9 17.5 0.0 0 1 5 1 1
2446.1 -7732.6 17.1 317 0 60.1 101.9 17.5 0.0 0 1 5 0 0
2228.8 -7431.6 1.7 132 0 216.6 147.4 14.0 0.0 0 0 4 0 0
2556.1 -7670.8 7.1 138 0 62.4 94.1 17.5 0.0 0 1 7 1 1
3632.7 12426.4 -13.2 291 0 10.9 53.7 17.5 3.5 2 1 5 1 1
3649.3 12324.0 -11.0 88 0 11.3 43.9 17.5 3.5 2 1 5 5 5
3668.5 12327.6 -10.0 88 0 10.8 37.7 17.5 3.5 2 1 5 2 2
3602.1 12323.1 -12.1 107 0 33.7 30.4 17.5 0.0 0 0 5 0 0
3663.7 12412.3 -11.4 290 0 11.9 38.4 17.5 3.5 2 1 5 3 3
3647.5 12418.5 -12.3 290 0 10.6 44.5 17.5 3.5 2 1 5 0 0
3722.3 12371.0 -7.5 293 0 6.8 28.7 10.5 3.5 2 1 3 2 2
3735.3 12365.7 -6.8 295 0 8.2 29.0 10.5 3.5 2 1 3 3 3
2618.6 -9490.1 13.1 262 0 38.8 60.1 21.0 0.0 0 1 6 3 3
3040.2 -10025.0 10.2 235 0 41.5 39.4 10.5 0.0 0 0 3 3 3
5262.2 -11076.9 -7.9 32 0 12.6 118.6 12.5 2.5 2 1 5 5 5
-244.0 -11600.4 -30.2 11 0 45.6 167.7 14.0 0.0 0 1 4 2 2
-388.2 -11832.4 -31.2 282 0 330.5 76.4 17.5 0.0 0 0 5 0 0
239.9 -12730.0 -25.7 194 0 50.9 16.8 17.5 3.5 2 0 5 5 5
300.2 -12742.3 -26.4 15 0 42.0 16.5 17.5 3.5 2 0 5 4 4
313.6 -12685.0 -20.1 15 0 47.4 12.3 17.5 3.5 2 0 5 3 3
255.1 -12669.5 -20.4 195 0 47.4 12.3 17.5 3.5 2 0 5 1 1
518.4 12305.4 -15.3 348 0 87.1 20.7 17.5 0.0 0 0 5 2 2
-6588.5 10600.4 -28.2 224 0 168.0 46.8 17.5 0.0 0 0 5 3 3
-6905.5 10558.9 -23.8 44 0 236.2 52.8 17.5 0.0 0 0 5 2 2
-6889.4 10473.3 -22.8 134 0 25.0 20.2 17.5 3.5 2 0 5 1 1
-2896.1 10553.4 -21.6 212 0 33.9 9.8 10.5 3.5 2 0 3 3 3
-2905.2 10498.1 -21.7 33 0 30.0 10.8 14.0 3.5 2 0 4 0 0
6742.8 11261.8 -16.6 93 0 21.3 24.2 17.5 0.0 0 1 5 2 2
6796.2 11198.5 -14.7 57 0 19.7 24.4 17.5 3.5 2 1 5 3 3
6805.5 11191.6 -14.3 238 0 18.3 27.6 17.5 0.0 0 1 5 3 3
6603.3 11084.9 -12.7 86 0 26.0 30.0 17.5 0.0 0 1 5 2 2
6870.5 11161.7 -19.6 141 0 47.5 21.2 17.5 3.5 2 0 5 1 1
5132.1 12502.3 -16.7 254 0 46.4 80.8 17.5 0.0 0 1 5 2 2
5574.3 12625.9 -24.3 180 0 30.1 28.9 21.0 0.0 0 0 6 4 4
4358.3 12388.4 -18.3 146 0 191.3 75.9 17.5 0.0 0 0 5 0 0
6084.8 10252.5 -18.7 91 0 66.5 47.4 17.5 0.0 0 0 5 1 1
6003.8 10351.5 -17.3 270 0 22.4 45.4 17.5 3.5 2 1 5 5 5
6003.2 10253.5 -18.1 90 0 22.4 45.4 17.5 3.5 2 1 5 5 5
-1889.8 8071.1 -8.9 217 0 13.5 50.2 14.0 3.5 2 1 4 0 0
-1869.8 8096.7 -13.6 216 0 14.7 32.7 14.0 0.0 0 1 4 0 0
-1839.4 8157.8 -20.0 288 0 16.8 31.8 14.0 3.5 2 1 4 5 5
-1637.3 8015.2 -19.4 220 0 9.2 46.3 10.5 3.5 2 1 3 2 2
-1652.4 7993.1 -20.0 221 0 11.4 30.2 14.0 3.5 2 1 4 4 4
-1664.5 7975.4 -20.0 221 0 17.8 39.4 14.0 3.5 2 1 4 3 3
-1969.1 8004.1 -9.6 240 0 32.5 41.0 14.0 0.0 0 1 4 4 4
-1947.9 7946.2 -11.2 18 0 18.1 10.2 14.0 3.5 2 0 4 1 1
-2009.5 7964.9 -10.4 9 0 22.1 11.3 17.5 3.5 4 0 5 4 4
-2053.2 8025.1 -8.4 239 0 8.7 42.2 10.5 3.5 2 1 3 0 0
-2011.1 8001.7 -7.0 60 0 10.8 27.8 17.5 3.5 2 1 5 3 3
-2041.8 8054.6 -5.0 240 0 10.8 27.8 17.5 0.0 0 1 5 4 4
-1992.9 8011.1 -6.1 60 0 10.8 27.8 17.5 3.5 2 1 5 3 3
-2024.4 8066.1 -3.9 240 0 10.8 27.8 17.5 3.5 2 1 5 4 4
-1981.3 8020.8 -5.3 57 0 8.7 24.5 10.5 3.5 2 0 3 5 5
-2009.4 8083.9 -4.8 241 0 8.7 34.8 10.5 3.5 2 1 3 3 3
-1946.3 8038.4 -4.5 58 0 10.4 28.2 17.5 3.5 2 1 5 4 4
-1992.0 8109.6 -7.3 239 0 10.2 48.3 17.5 3.5 2 1 5 1 1
-1703.6 7973.7 -10.1 309 0 29.6 23.7 14.0 0.0 0 0 4 3 3
4956.2 7376.4 -21.3 272 0 163.3 164.4 17.5 0.0 0 1 5 2 2
4944.7 7033.1 -20.8 90 0 144.1 148.1 17.5 0.0 0 1 5 0 0
1457.6 12739.6 -23.7 351 0 41.2 60.4 14.0 0.0 0 1 4 3 3
1049.1 12149.4 -11.2 175 0 42.5 26.7 17.5 0.0 0 0 5 5 5
6543.2 12465.0 -16.8 276 0 24.2 35.7 14.0 0.0 0 1 4 0 0
6760.5 12157.3 -18.4 191 0 35.8 31.5 14.0 0.0 0 0 4 4 4
6734.5 12561.9 -11.4 106 0 13.9 41.3 17.5 3.5 2 1 5 4 4
6350.1 11794.2 -21.5 189 0 60.8 17.3 17.5 3.5 2 0 5 4 4
6382.9 11758.0 -21.8 99 0 17.4 60.1 17.5 0.0 0 1 5 4 4
6431.9 11780.9 -22.4 9 0 61.0 15.8 17.5 0.0 0 0 5 5 5
6344.8 11757.8 -20.6 189 0 9.1 83.0 10.5 3.5 2 1 3 4 4
6436.1 11816.9 -22.7 9 0 8.4 81.0 10.5 3.5 2 1 3 1 1
6902.8 -2745.0 -21.4 179 0 230.8 196.5 14.0 0.0 0 0 4 0 0
-1084.4 12438.8 -24.2 180 0 29.0 12.6 17.5 3.5 2 0 5 3 3
4374.8 12669.5 -13.5 144 0 9.8 13.1 10.5 3.5 2 0 3 1 1
4410.6 12657.4 -13.0 50 0 8.7 38.2 10.5 3.5 2 1 3 1 1
4419.8 12665.0 -12.7 54 0 11.0 40.3 14.0 3.5 4 1 4 1 1
4362.3 12679.8 -12.6 135 0 15.3 43.0 14.0 3.5 2 1 4 1 1
4459.3 12476.7 -15.2 50 0 17.8 68.4 17.5 3.5 2 1 5 1 1
4512.6 12425.5 -16.9 321 0 116.9 21.0 17.5 0.0 0 0 5 0 0
4247.1 12625.3 -11.8 225 0 29.5 98.9 17.5 0.0 0 0 5 3 3
4248.1 12730.3 -10.5 148 0 72.7 24.5 17.5 0.0 0 0 5 0 0
6136.5 11484.8 -14.7 190 0 86.7 26.1 17.5 0.0 0 0 5 5 5
5773.2 11621.0 -20.2 200 0 33.9 84.7 17.5 0.0 0 1 5 3 3
6517.9 12179.2 -18.2 272 0 18.1 46.7 14.0 3.5 2 1 4 1 1
6518.4 12185.7 -17.7 93 0 19.6 45.0 17.5 3.5 2 1 5 5 5
6472.0 12156.1 -21.7 182 0 45.0 25.4 14.0 0.0 0 0 4 1 1
6486.1 12187.0 -16.1 91 0 25.8 42.6 17.5 0.0 0 1 5 4 4
6448.4 12181.0 -20.5 272 0 25.4 42.6 14.0 0.0 0 1 4 2 2
6436.3 12208.0 -14.1 181 0 41.7 26.2 17.5 0.0 0 0 5 2 2
6407.3 12163.3 -18.0 181 0 37.4 18.9 14.0 0.0 0 0 4 5 5
6408.9 12211.1 -11.8 181 0 37.1 18.3 17.5 3.5 2 0 5 0 0
6175.5 12206.7 -17.2 196 0 41.8 15.8 17.5 3.5 4 0 5 0 0
6190.1 12259.4 -14.4 197 0 47.8 16.4 17.5 3.5 2 0 5 3 3
6146.4 12214.9 -16.5 195 0 42.6 19.8 17.5 3.5 2 0 5 4 4
6164.1 12268.9 -15.6 196 0 55.4 17.3 17.5 3.5 4 0 5 3 3
6751.4 9873.5 -21.3 359 0 71.9 40.4 10.0 0.0 0 0 4 4 4
922.0 12564.7 -16.1 99 0 8.7 20.0 7.0 2.5 2 0 2 2 2
912.2 12624.8 -17.9 280 0 10.1 41.5 10.0 2.5 2 0 4 2 2
888.8 12713.9 -18.3 143 0 98.1 27.8 12.5 0.0 0 0 5 4 4
887.0 12815.6 -18.6 7 0 92.2 28.8 10.0 0.0 0 0 4 3 3
969.8 12619.0 -14.7 98 0 24.2 68.9 7.5 0.0 0 1 3 0 0
973.8 12771.9 -17.6 344 0 138.1 25.1 10.0 0.0 0 0 4 5 5
811.1 12761.0 -16.9 348 0 10.3 23.1 5.0 2.5 2 0 2 4 4
621.0 12736.8 -12.8 83 0 42.7 21.4 17.5 0.0 0 0 5 4 4
675.9 12744.1 -14.4 82 0 68.0 26.0 17.5 0.0 0 0 5 4 4
607.9 12765.7 -12.2 78 0 26.6 44.0 17.5 0.0 0 1 5 3 3
696.8 12618.1 -16.8 255 0 65.3 23.3 17.5 0.0 0 0 5 0 0
5704.3 11623.4 -16.7 116 0 48.3 44.8 17.5 0.0 0 0 5 3 3
6426.4 11451.7 -21.2 48 0 16.8 26.7 12.5 2.5 2 1 5 1 1
6850.4 12266.1 -15.8 96 0 18.2 43.4 17.5 3.5 2 1 5 1 1
2500.8 12674.2 -22.1 344 0 18.9 37.5 14.0 0.0 0 1 4 4 4
2438.6 12672.5 -23.5 252 0 15.8 52.5 14.0 3.5 2 1 4 4 4
4066.8 12399.1 -10.3 255 0 97.3 55.9 17.5 0.0 0 0 5 4 4
6598.3 10936.3 -17.5 179 0 85.3 20.9 21.0 0.0 0 0 6 0 0
6699.3 10973.4 -16.4 360 0 85.0 22.6 21.0 0.0 0 0 6 0 0
