6081.5 -9689.7 -4.5 357 0 184.6 141.3 17.5 0.0 0 0 5 5 5
-2002.1 12833.5 -28.9 232 0 69.6 125.2 10.5 0.0 0 1 3 2 2
6011.7 -6793.8 -10.3 103 0 111.5 28.5 17.5 0.0 0 0 5 4 4
5817.0 -6713.1 -13.1 270 0 78.3 31.8 14.0 0.0 0 0 4 5 5
6324.3 -6485.5 -8.5 1 0 72.6 39.8 17.5 0.0 0 0 5 2 2
6291.2 -6399.4 -7.8 272 0 12.8 38.0 17.5 3.5 2 0 5 3 3
6028.3 -6847.9 -4.5 290 0 9.7 6.9 10.5 3.5 2 0 3 3 3
6029.0 -6865.3 -3.8 15 0 10.0 10.3 17.5 3.5 2 1 5 3 3
6025.9 -6881.0 -3.1 17 0 10.7 10.9 17.5 3.5 2 1 5 1 1
6007.4 -6892.5 -2.0 18 0 10.2 10.3 17.5 3.5 2 1 5 3 3
6035.2 -6898.5 -2.5 14 0 9.8 10.0 10.5 3.5 2 1 3 4 4
6004.4 -6905.7 -1.3 14 0 9.7 9.8 10.5 3.5 2 1 3 1 1
6031.1 -6912.9 -1.7 18 0 8.9 10.0 10.5 3.5 4 1 3 3 3
6000.9 -6920.4 -2.0 17 0 10.6 9.7 10.5 3.5 2 0 3 1 1
6013.8 -6924.1 -2.1 16 0 10.7 10.0 17.5 3.5 2 0 5 4 4
6027.7 -6927.4 -2.1 14 0 10.5 10.8 17.5 0.0 0 1 5 4 4
5987.1 -6881.0 -1.8 282 0 10.5 25.1 17.5 3.5 2 1 5 5 5
5934.9 -6869.7 -1.1 247 0 12.9 23.7 17.5 3.5 2 1 5 1 1
5940.9 -6957.6 -6.5 150 0 12.7 10.3 17.5 3.5 2 0 5 0 0
5977.8 -6927.0 -2.8 54 0 8.8 11.1 10.5 3.5 2 1 3 2 2
5969.6 -6940.6 -4.2 52 0 6.2 6.4 10.5 3.5 2 1 3 3 3
5958.2 -6939.3 -4.3 63 0 7.9 12.6 10.5 3.5 2 1 3 2 2
5942.3 -6908.9 -2.3 245 0 8.0 7.7 10.5 3.5 2 0 3 4 4
5925.7 -6910.9 -2.9 249 0 8.1 8.6 10.5 3.5 2 1 3 2 2
5962.9 -6906.7 -1.5 237 0 7.9 4.5 10.5 3.5 4 0 3 0 0
5903.6 -6888.0 -1.5 251 0 6.9 12.4 10.5 3.5 2 1 3 2 2
5930.3 -6937.0 -4.6 71 0 10.3 11.0 17.5 3.5 2 1 5 5 5
5899.5 -6978.2 -9.0 72 0 9.5 9.9 10.5 3.5 2 1 3 2 2
5893.6 -6965.9 -8.0 75 0 13.5 7.2 10.5 3.5 4 0 3 4 4
5857.0 -6944.0 -6.5 163 0 12.8 10.1 17.5 0.0 0 0 5 4 4
5889.9 -6898.8 -2.9 252 0 7.5 13.9 10.5 3.5 2 1 3 5 5
5865.9 -6928.8 -5.2 160 0 10.3 9.3 10.5 3.5 2 0 3 3 3
5869.0 -6974.5 -8.9 156 0 11.7 8.7 10.5 3.5 2 0 3 1 1
5855.2 -6905.7 -3.2 159 0 8.7 18.0 10.5 3.5 2 1 3 3 3
5878.7 -6934.7 -5.4 161 0 8.2 13.2 10.5 3.5 4 1 3 4 4
5919.4 -6887.0 -0.9 251 0 4.7 10.7 10.5 3.5 2 1 3 3 3
6036.7 -6970.2 -8.0 15 0 149.1 10.8 17.5 0.0 0 0 5 2 2
6006.6 -7005.0 -9.0 25 0 56.1 16.7 17.5 0.0 0 0 5 2 2
5951.6 -7071.5 -11.0 119 0 16.5 33.8 17.5 3.5 2 0 5 4 4
6204.4 -6697.4 -11.2 186 0 12.0 37.0 17.5 0.0 0 1 5 4 4
6249.6 -6639.7 -11.0 181 0 132.7 27.3 17.5 0.0 0 0 5 3 3
6296.9 -6548.8 -8.4 358 0 13.3 6.7 10.5 3.5 2 0 3 3 3
6322.3 -6606.9 -10.8 1 0 78.5 31.1 17.5 0.0 0 0 5 2 2
6318.3 -6676.4 -11.6 1 0 43.0 33.0 17.5 0.0 0 0 5 1 1
6320.0 -6721.0 -11.2 1 0 24.5 34.6 17.5 0.0 0 1 5 5 5
6308.1 -6789.5 -11.0 15 0 77.4 29.7 17.5 0.0 0 0 5 1 1
6284.3 -6875.0 -7.0 16 0 78.2 15.5 17.5 3.5 2 0 5 4 4
6257.8 -6856.7 -6.8 196 0 57.6 15.1 17.5 3.5 2 0 5 3 3
6220.3 -6997.9 -2.2 102 0 27.2 43.7 17.5 0.0 0 1 5 1 1
5927.9 -6315.7 -7.7 243 0 60.1 64.9 14.0 0.0 0 1 4 3 3
5931.7 -6420.1 -9.2 65 0 14.1 79.9 14.0 3.5 2 1 4 0 0
5864.5 -6366.5 -8.3 243 0 31.9 50.8 14.0 0.0 0 1 4 2 2
5764.1 -6389.5 -8.4 154 0 84.3 21.0 14.0 0.0 0 0 4 5 5
5774.7 -6500.2 -12.4 65 0 17.4 27.2 17.5 3.5 2 1 5 3 3
5768.0 -6429.2 -9.8 332 0 52.4 13.8 17.5 3.5 4 0 5 5 5
6040.6 -6344.1 -8.6 245 0 47.9 21.0 14.0 3.5 2 0 4 3 3
6364.8 -6544.1 -10.2 272 0 27.1 51.2 14.0 3.5 2 0 4 3 3
6354.6 -6446.5 -9.1 181 0 28.7 36.6 17.5 0.0 0 1 5 5 5
6434.7 -6540.0 -11.4 91 0 14.5 108.6 14.0 3.5 2 1 4 5 5
6461.8 -6535.8 -12.0 91 0 22.5 99.0 14.0 0.0 0 0 4 1 1
6619.0 -6616.8 -12.0 271 0 62.4 165.2 14.0 0.0 0 1 4 3 3
6694.3 -6617.8 -11.5 271 0 64.4 170.4 14.0 0.0 0 1 4 0 0
6761.6 -6811.5 -10.3 0 0 28.7 44.8 14.0 0.0 0 0 4 1 1
6569.3 -6989.6 2.6 89 0 39.2 39.1 14.0 0.0 0 0 4 4 4
6610.3 -6969.2 4.8 97 0 22.4 7.0 10.5 0.0 0 0 3 4 4
6644.5 -6979.9 5.4 88 0 7.2 16.8 10.5 3.5 2 0 3 2 2
6600.9 -6884.8 9.5 89 0 12.6 30.1 14.0 3.5 2 1 4 0 0
5601.3 -7302.1 -11.5 88 0 28.3 34.6 14.0 0.0 0 1 4 3 3
5597.9 -7250.3 -9.3 267 0 34.6 16.2 14.0 3.5 2 0 4 0 0
5832.9 -7534.7 -10.9 166 0 17.3 47.5 12.5 2.5 2 1 5 4 4
5828.8 -7482.1 -10.0 256 0 17.6 39.5 10.0 2.5 2 1 4 3 3
5873.8 -7472.1 -12.9 257 0 70.5 15.6 12.5 2.5 2 0 5 0 0
5905.3 -7501.5 -11.2 346 0 11.0 54.0 10.0 0.0 0 1 4 5 5
5531.7 -6489.8 -13.1 231 0 26.7 89.0 17.5 0.0 0 1 5 1 1
5600.6 -6581.7 -13.3 52 0 29.2 19.1 17.5 3.5 2 0 5 3 3
4999.9 7844.5 -23.5 292 0 132.0 268.5 10.0 0.0 0 1 4 5 5
6769.9 4524.3 -13.2 205 0 24.5 45.0 14.0 0.0 0 1 4 1 1
6785.2 4556.1 -12.1 205 0 35.3 42.8 14.0 0.0 0 1 4 0 0
5789.3 7517.4 -15.3 176 0 44.8 9.6 10.5 3.5 4 0 3 3 3
5797.0 7479.9 -15.2 176 0 18.2 8.3 10.5 0.0 0 0 3 2 2
5800.9 7554.2 -15.2 356 0 18.2 8.3 10.5 3.5 2 0 3 2 2
5801.3 7457.8 -15.2 174 0 21.8 8.4 10.5 3.5 2 0 3 4 4
5853.7 7436.6 -15.5 354 0 12.3 55.3 14.0 3.5 2 1 4 5 5
5832.0 7668.2 -17.5 354 0 12.5 25.0 14.0 3.5 2 1 4 3 3
3309.1 4341.5 -15.8 247 0 36.7 10.3 14.0 3.5 2 0 4 5 5
2940.8 4808.9 -5.1 56 0 10.7 71.5 10.5 3.5 2 1 3 0 0
6259.7 3476.4 -19.4 97 0 21.3 28.8 7.5 0.0 0 1 3 2 2
6647.0 6532.0 -17.3 185 0 28.8 26.1 10.0 0.0 0 0 4 5 5
6810.1 6223.8 -15.7 95 0 65.0 58.2 7.5 0.0 0 0 3 4 4
6867.5 6219.1 -14.9 95 0 19.9 56.0 10.0 2.5 2 1 4 3 3
6918.7 6242.7 -14.2 5 0 56.5 20.3 10.0 2.5 4 0 4 2 2
6715.4 6325.8 -16.5 159 0 21.8 49.0 10.0 2.5 2 1 4 5 5
6736.6 6400.1 -17.2 185 0 21.9 42.1 7.5 0.0 0 1 3 5 5
6885.8 6605.1 -18.9 276 0 135.4 18.7 12.5 0.0 0 0 5 3 3
6748.5 6617.5 -18.9 276 0 98.0 20.3 10.0 0.0 0 0 4 4 4
6745.6 6581.8 -18.5 276 0 98.0 20.3 7.5 0.0 0 0 3 0 0
6840.4 6573.8 -18.6 276 0 59.8 20.6 15.0 2.5 2 0 6 4 4
6920.4 6566.5 -17.4 276 0 59.8 20.6 12.5 0.0 0 0 5 0 0
6798.8 6301.3 -16.8 95 0 21.8 104.9 12.5 0.0 0 1 5 1 1
6852.1 6350.3 -16.6 5 0 104.9 21.8 10.0 0.0 0 0 4 5 5
6891.1 6347.3 -15.9 5 0 104.9 21.8 10.0 0.0 0 0 4 5 5
6922.2 6396.9 -15.0 275 0 21.9 104.9 12.5 0.0 0 1 5 2 2
6693.2 6435.5 -17.7 95 0 21.9 104.9 7.5 0.0 0 1 3 1 1
6732.2 6433.6 -18.3 95 0 21.9 104.9 10.0 0.0 0 1 4 5 5
6778.0 6532.5 -18.3 275 0 21.9 104.9 12.5 0.0 0 1 5 0 0
6819.9 6529.0 -18.1 275 0 21.8 104.9 10.0 0.0 0 1 4 3 3
6862.8 6472.7 -17.7 5 0 104.9 21.8 10.0 0.0 0 0 4 0 0
6901.8 6471.1 -16.3 5 0 104.9 21.8 12.5 0.0 0 0 5 5 5
6919.7 6470.8 -16.7 185 0 104.9 21.8 12.5 0.0 0 0 5 5 5
6465.1 -4981.7 -4.8 164 0 22.2 26.0 17.5 0.0 0 1 5 0 0
6460.0 -4940.0 -3.1 339 0 36.4 11.2 17.5 3.5 2 0 5 3 3
6465.5 -4938.0 -3.2 156 0 15.5 7.6 10.5 3.5 2 0 3 1 1
6438.3 -4856.3 1.1 44 0 17.0 19.0 17.5 3.5 2 1 5 5 5
6437.2 -4802.2 1.1 48 0 14.2 45.8 17.5 3.5 2 1 5 2 2
6389.4 -4724.4 -6.1 245 0 16.8 33.9 17.5 3.5 2 1 5 0 0
6349.4 -4676.8 -8.9 225 0 15.2 49.3 17.5 3.5 2 1 5 0 0
6341.4 -4634.8 -9.3 140 0 15.3 15.0 17.5 3.5 2 0 5 2 2
6298.4 -4794.8 -0.3 203 0 16.0 21.0 17.5 3.5 2 1 5 0 0
6237.0 -5042.7 -6.0 271 0 10.4 37.8 17.5 3.5 2 1 5 2 2
6251.6 -5042.8 -4.6 273 0 8.4 37.9 10.5 3.5 2 1 3 2 2
6238.1 -4993.3 -6.0 271 0 9.8 41.9 10.5 3.5 2 1 3 2 2
6241.4 -4968.2 -5.5 92 0 15.3 22.8 17.5 3.5 2 1 5 3 3
6271.4 -5049.2 -3.2 91 0 16.7 9.4 10.5 3.5 2 0 3 1 1
6263.2 -5033.4 -3.3 181 0 8.2 16.3 10.5 0.0 0 1 3 1 1
6263.3 -5022.6 -3.3 182 0 9.3 18.0 10.5 3.5 2 1 3 4 4
6263.9 -5004.3 -3.1 182 0 19.8 18.0 14.0 3.5 2 0 4 3 3
6291.1 -4974.1 -2.6 1 0 21.0 25.0 14.0 3.5 2 1 4 4 4
6249.3 -4940.6 -5.0 90 0 22.6 8.0 10.5 3.5 2 0 3 5 5
6287.0 -4937.1 -2.6 359 0 8.9 22.8 10.5 0.0 0 1 3 1 1
-2960.9 1401.7 -10.6 40 0 42.8 20.4 15.0 2.5 2 0 6 1 1
-2572.1 2372.0 -13.0 139 0 50.7 78.8 14.0 0.0 0 1 4 1 1
602.4 -10258.1 -11.1 47 0 25.0 18.5 10.5 3.5 2 0 3 0 0
6730.2 -9129.6 0.3 226 0 46.0 28.6 10.0 0.0 0 0 4 4 4
3444.7 -3469.7 -10.1 185 0 51.4 60.9 17.5 0.0 0 1 5 3 3
3409.1 -3452.0 -11.3 3 0 30.3 25.4 14.0 0.0 0 0 4 4 4
-6484.9 8046.0 -21.4 29 0 34.0 65.2 15.0 0.0 0 1 6 5 5
-3424.9 1643.2 -8.4 230 0 68.6 49.1 14.0 0.0 0 0 4 1 1
3911.9 11096.7 -26.4 58 0 37.3 126.7 10.5 0.0 0 1 3 3 3
