-989.8 2102.1 -35.9 14 0 40.3 136.3 7.5 0.0 0 1 3 2 2
-374.9 1289.7 -43.0 9 0 89.0 185.8 12.5 0.0 0 1 5 1 1
-959.6 2029.8 -37.8 191 0 45.1 33.3 7.5 0.0 0 0 3 3 3
-970.6 1977.7 -38.5 193 0 36.1 30.3 10.0 0.0 0 0 4 1 1
-928.3 1908.0 -38.8 10 0 75.5 55.5 10.0 0.0 0 0 4 2 2
3925.3 9568.8 -45.6 352 0 24.3 13.3 7.5 2.5 2 0 3 2 2
3828.3 9761.9 -45.2 262 0 10.2 51.0 7.5 2.5 4 1 3 2 2
3738.8 9792.3 -45.6 139 0 22.3 114.8 10.0 0.0 0 1 4 2 2
4009.5 8597.2 -42.1 262 0 144.3 387.7 12.5 0.0 0 1 5 4 4
3895.7 9594.4 -45.4 352 0 59.8 98.9 10.0 0.0 0 1 4 5 5
3940.2 9062.5 -41.8 82 0 31.1 109.6 12.5 0.0 0 1 5 2 2
-1249.5 -6006.0 -35.8 51 0 16.2 30.3 5.0 2.5 2 1 2 4 4
4499.6 10901.5 -45.4 334 0 49.6 128.4 10.0 0.0 0 1 4 0 0
4540.5 10657.4 -39.5 302 0 19.0 24.1 10.0 2.5 2 1 4 4 4
4381.4 10748.5 -46.0 65 0 59.7 49.3 10.0 0.0 0 0 4 1 1
4404.7 10702.9 -45.1 63 0 59.6 37.7 12.5 0.0 0 0 5 0 0
4317.7 10813.9 -47.1 154 0 49.3 58.6 12.5 0.0 0 1 5 1 1
4529.2 10846.4 -44.1 335 0 48.7 76.3 10.0 0.0 0 1 4 5 5
4609.4 9959.4 -48.2 29 0 48.2 148.1 7.5 0.0 0 1 3 3 3
4442.8 10777.4 -44.9 64 0 47.7 49.7 12.5 0.0 0 1 5 3 3
4664.9 10059.3 -48.1 30 0 48.5 148.4 12.5 0.0 0 1 5 4 4
4636.5 10009.7 -48.1 30 0 24.9 147.0 7.5 0.0 0 1 3 1 1
4529.3 10564.6 -44.3 32 0 54.0 48.6 10.0 0.0 0 0 4 5 5
4485.0 10741.7 -44.4 64 0 89.9 37.5 12.5 0.0 0 0 5 3 3
4561.3 10404.4 -49.0 299 0 37.9 117.4 10.0 0.0 0 1 4 5 5
4531.1 10749.8 -40.9 154 0 25.2 39.9 10.0 0.0 0 0 4 5 5
4547.5 10715.7 -38.8 154 0 25.6 40.6 10.0 0.0 0 1 4 3 3
-3246.9 672.2 -18.5 25 0 6.9 6.8 7.5 2.5 2 0 3 3 3
4934.9 3009.3 -41.7 82 0 36.7 89.1 12.5 0.0 0 1 5 0 0
4890.8 3003.1 -41.0 81 0 36.2 88.4 7.5 0.0 0 1 3 0 0
5023.9 2940.8 -42.7 261 0 90.9 99.4 5.0 0.0 0 1 2 2 2
4828.5 1788.8 -43.4 351 0 95.4 17.4 10.0 0.0 0 0 4 1 1
5276.8 2773.1 -38.3 261 0 30.2 45.6 10.0 0.0 0 1 4 3 3
5001.2 3017.9 -41.9 81 0 77.5 91.5 10.0 0.0 0 1 4 5 5
4757.5 1527.7 -37.7 172 0 26.2 80.3 12.5 0.0 0 1 5 1 1
5000.5 2641.6 -40.9 262 0 107.3 73.8 7.5 0.0 0 0 3 2 2
4747.3 1598.3 -40.8 172 0 25.7 81.0 10.0 0.0 0 1 4 5 5
5042.2 2556.5 -40.2 261 0 50.3 59.0 10.0 0.0 0 1 4 4 4
5213.4 2770.5 -42.1 350 0 16.1 98.4 15.0 0.0 0 0 6 2 2
5206.6 2813.5 -42.7 351 0 69.7 98.0 12.5 0.0 0 0 5 3 3
4997.4 2656.6 -41.6 82 0 107.2 70.9 7.5 0.0 0 0 3 4 4
4806.6 3046.8 -40.4 170 0 52.9 49.2 5.0 0.0 0 0 2 4 4
4845.3 3141.8 -40.5 171 0 75.8 41.2 15.0 0.0 0 0 6 2 2
4973.9 2814.5 -42.4 261 0 108.2 72.3 10.0 0.0 0 0 4 3 3
5091.8 2654.4 -41.0 261 0 41.3 72.8 7.5 0.0 0 1 3 5 5
5092.7 2796.7 -42.5 351 0 72.7 42.9 10.0 0.0 0 0 4 4 4
4807.7 1469.1 -37.4 172 0 19.7 39.0 10.0 0.0 0 1 4 2 2
4752.5 1563.3 -39.2 172 0 26.1 80.4 12.5 0.0 0 1 5 2 2
5104.6 2710.7 -41.8 351 0 72.1 40.8 10.0 0.0 0 0 4 5 5
5233.5 2639.6 -41.4 351 0 72.5 98.9 7.5 0.0 0 1 3 3 3
5220.7 2727.0 -41.9 351 0 71.1 99.3 12.5 0.0 0 0 5 2 2
5245.4 2766.6 -39.9 260 0 17.7 48.0 17.5 0.0 0 1 7 2 2
5190.9 2913.8 -42.9 352 0 100.4 98.3 12.5 0.0 0 0 5 2 2
5105.2 2566.7 -40.3 260 0 41.2 39.6 7.5 0.0 0 0 3 1 1
4900.7 1490.8 -37.5 354 0 9.6 38.8 5.0 2.5 2 1 2 0 0
4901.0 2918.2 -42.1 261 0 127.7 99.0 12.5 0.0 0 0 5 5 5
5000.3 2461.0 -40.2 63 0 54.4 19.5 7.5 2.5 2 0 3 1 1
4748.9 4380.6 -26.5 261 0 11.6 36.4 12.5 0.0 0 1 5 2 2
4719.2 4678.1 -30.2 260 0 27.2 78.9 10.0 0.0 0 1 4 0 0
4714.2 4161.1 -29.7 83 0 19.5 92.5 12.5 0.0 0 1 5 5 5
4777.9 4335.2 -25.1 81 0 11.6 45.8 12.5 2.5 2 1 5 4 4
4697.5 4270.7 -30.3 352 0 10.9 19.4 5.0 2.5 2 1 2 5 5
4736.1 4286.8 -27.4 83 0 19.2 34.1 10.0 0.0 0 1 4 1 1
4539.1 4651.5 -33.4 259 0 15.2 129.2 12.5 0.0 0 1 5 1 1
4668.3 4154.6 -32.4 81 0 22.5 91.9 12.5 0.0 0 1 5 1 1
4722.0 4375.3 -28.5 262 0 18.2 40.0 12.5 2.5 2 1 5 5 5
4533.1 6079.6 -31.9 351 0 167.8 57.6 12.5 0.0 0 0 5 3 3
4625.0 4492.0 -32.4 348 0 22.7 62.6 12.5 2.5 2 1 5 2 2
5101.6 3468.3 -36.3 191 0 82.9 10.7 15.0 2.5 2 0 6 5 5
5093.4 3260.8 -36.8 261 0 74.3 28.6 7.5 0.0 0 0 3 4 4
5028.2 3487.1 -37.1 10 0 94.9 15.4 10.0 2.5 4 0 4 4 4
5086.5 3466.6 -36.8 11 0 62.6 47.8 10.0 0.0 0 0 4 4 4
4482.3 3048.6 -38.3 171 0 162.6 119.9 7.5 0.0 0 0 3 2 2
4454.2 3237.2 -39.6 172 0 160.0 119.9 10.0 0.0 0 0 4 0 0
650.9 1132.6 -35.4 7 0 34.3 89.7 10.0 0.0 0 1 4 1 1
384.1 1735.1 -29.4 279 0 23.7 79.6 10.0 0.0 0 1 4 2 2
226.9 1676.8 -34.0 189 0 132.1 69.3 12.5 0.0 0 0 5 1 1
384.4 1613.8 -31.8 98 0 66.7 24.7 15.0 0.0 0 0 6 2 2
448.3 1797.3 -25.6 8 0 74.0 65.6 10.0 0.0 0 0 4 1 1
407.4 1955.1 -26.3 190 0 205.0 67.2 7.5 0.0 0 0 3 2 2
643.2 1083.8 -35.8 8 0 17.9 90.1 7.5 0.0 0 1 3 0 0
429.7 1688.6 -30.2 9 0 81.5 23.6 12.5 0.0 0 0 5 5 5
-4421.9 10213.6 32.0 45 0 25.7 21.0 15.0 0.0 0 0 6 4 4
-4456.0 10255.0 34.9 225 0 27.7 17.1 12.5 2.5 4 0 5 1 1
-4379.9 10174.3 8.3 222 0 18.3 13.1 10.0 2.5 2 0 4 2 2
-4666.4 10277.4 19.0 118 0 16.5 9.4 7.5 2.5 2 0 3 0 0
-4439.6 10279.2 27.4 230 0 15.5 37.4 10.0 2.5 2 1 4 0 0
-4453.0 10198.1 28.5 131 0 27.2 14.9 10.0 2.5 2 0 4 4 4
-4405.9 10244.9 25.3 319 0 25.7 19.3 12.5 2.5 2 0 5 2 2
-4477.0 10229.8 30.9 222 0 10.2 27.8 10.0 0.0 0 1 4 5 5
-2840.8 6187.3 -17.7 274 0 66.6 132.7 15.0 0.0 0 1 6 1 1
-2885.3 6802.3 -24.4 181 0 50.9 78.0 10.0 0.0 0 1 4 5 5
-2785.6 6577.8 -27.6 90 0 18.3 50.2 10.0 2.5 4 1 4 3 3
-2783.7 6724.3 -25.6 1 0 51.4 101.6 10.0 0.0 0 1 4 0 0
-2784.7 6666.8 -27.8 359 0 49.9 101.9 12.5 0.0 0 1 5 0 0
-2782.5 6863.5 -24.8 1 0 48.7 102.3 10.0 0.0 0 1 4 4 4
-4885.5 7571.2 -25.3 126 0 32.3 33.7 12.5 0.0 0 1 5 2 2
-4524.2 6965.8 -28.6 353 0 53.6 11.7 10.0 2.5 2 0 4 3 3
-3397.2 5027.7 -29.8 90 0 137.2 78.0 10.0 0.0 0 0 4 3 3
-3247.0 4782.6 -24.2 1 0 70.4 149.1 10.0 0.0 0 1 4 3 3
-2898.3 4137.8 -30.5 270 0 215.5 122.8 15.0 0.0 0 0 6 2 2
-645.5 1473.4 -43.4 191 0 298.2 90.1 7.5 0.0 0 0 3 1 1
1505.1 1348.7 -36.0 14 0 47.2 18.7 12.5 2.5 2 0 5 0 0
3286.2 1364.4 -45.7 174 0 250.5 91.6 10.0 0.0 0 0 4 2 2
2076.9 1080.5 -39.7 168 0 215.5 57.5 15.0 0.0 0 0 6 3 3
-133.7 1357.0 -36.4 271 0 252.2 106.6 12.5 0.0 0 0 5 0 0
-5322.4 1542.5 -34.0 237 0 121.8 220.5 15.0 0.0 0 1 6 0 0
4312.9 -10816.5 -46.9 47 0 8.3 22.9 5.0 2.5 2 1 2 3 3
4271.3 -10798.9 -46.5 152 0 18.9 8.9 5.0 0.0 0 0 2 3 3
4294.2 -10832.4 -46.6 62 0 7.2 22.1 5.0 2.5 2 1 2 0 0
4280.8 -10754.7 -46.6 320 0 20.6 8.1 7.5 2.5 2 0 3 4 4
4006.7 -10987.9 -46.3 226 0 23.8 42.1 7.5 0.0 0 1 3 5 5
4006.7 -10987.9 -46.3 226 0 23.8 42.1 12.5 0.0 0 1 5 5 5
4538.5 -10691.9 -49.8 36 0 12.0 44.2 10.0 2.5 2 1 4 0 0
4708.7 -10499.0 -46.7 231 0 26.6 10.2 10.0 2.5 2 0 4 1 1
