-6183.2 -7638.4 -12.7 223 0 112.2 32.9 7.5 0.0 0 0 3 5 5
-6236.1 -6932.0 -21.8 81 0 11.7 19.8 7.5 2.5 2 1 3 5 5
-6026.6 -6876.6 -21.6 249 0 57.6 20.1 5.0 2.5 2 0 2 5 5
-6042.9 -6925.7 -21.3 160 0 19.9 61.0 12.5 2.5 2 1 5 2 2
-6141.4 -6629.0 -19.5 254 0 13.7 17.8 7.5 2.5 2 1 3 0 0
-5970.6 -6634.9 -21.9 340 0 34.5 275.7 10.0 0.0 0 1 4 4 4
6671.4 -4812.0 -15.4 340 0 45.8 38.4 14.0 0.0 0 0 4 4 4
6746.7 -5022.0 -12.5 341 0 65.3 24.2 14.0 3.5 2 0 4 1 1
3605.7 -12853.1 -32.2 220 0 40.0 60.2 14.0 0.0 0 1 4 0 0
4855.2 -7412.8 -12.9 230 0 20.7 14.9 17.5 3.5 2 0 5 0 0
-546.9 -10541.4 0.6 47 0 14.2 30.5 10.5 3.5 2 0 3 0 0
-633.9 -10627.9 9.7 48 0 12.1 15.9 10.5 3.5 2 0 3 4 4
-611.2 -10476.1 0.9 224 0 12.9 29.1 10.5 3.5 2 0 3 4 4
-616.9 -10579.2 3.3 45 0 28.0 42.6 10.5 0.0 0 1 3 3 3
-648.0 -10599.7 6.0 47 0 25.8 31.0 10.5 0.0 0 1 3 4 4
-590.5 -10395.9 -1.8 38 0 11.9 21.2 14.0 3.5 4 1 4 4 4
4513.2 -5742.1 -7.2 180 0 41.3 32.7 15.0 0.0 0 0 6 0 0
5927.4 -4315.0 5.3 154 0 31.0 44.1 17.5 0.0 0 0 5 2 2
-5329.8 -2951.0 -15.0 269 0 30.9 11.2 7.5 2.5 2 0 3 1 1
6080.7 -10163.6 -19.4 93 0 213.2 57.4 17.5 0.0 0 0 5 5 5
5726.9 -5266.8 -11.5 212 0 15.8 37.6 17.5 3.5 2 1 5 5 5
5666.7 -5291.0 -3.3 336 0 41.9 22.2 14.0 0.0 0 0 4 5 5
6141.3 -5282.1 -7.2 0 0 56.5 20.9 17.5 3.5 2 0 5 2 2
6064.2 -5340.2 -11.6 127 0 46.6 7.9 10.5 3.5 2 0 3 1 1
6092.0 -4748.8 -16.4 252 0 31.8 33.8 17.5 0.0 0 1 5 3 3
6017.1 -4820.3 -16.8 70 0 21.6 62.2 17.5 3.5 2 1 5 5 5
6508.3 -4660.4 -17.4 70 0 39.5 17.2 17.5 3.5 2 0 5 4 4
6637.3 -4757.8 -15.6 341 0 53.9 16.3 14.0 3.5 4 0 4 1 1
3315.8 -6529.7 -17.5 22 0 8.0 36.5 10.5 3.5 2 1 3 1 1
-356.4 -3148.6 -17.6 23 0 36.3 7.5 10.5 0.0 0 0 3 1 1
-2231.2 -4041.3 5.4 70 0 11.9 41.5 12.5 2.5 4 1 5 1 1
-4787.2 -3584.7 -12.7 212 0 19.6 52.6 15.0 2.5 2 1 6 4 4
-5427.1 -3097.5 -16.0 203 0 17.9 14.3 10.0 2.5 2 0 4 2 2
6345.2 -5106.3 -15.5 161 0 116.6 23.0 14.0 0.0 0 0 4 1 1
-3836.7 -4545.1 -22.1 306 0 141.2 32.3 14.0 0.0 0 0 4 0 0
-4484.4 -5089.1 -12.1 208 0 83.7 106.2 14.0 0.0 0 1 4 1 1
-4087.4 -4708.0 -18.8 306 0 101.9 26.9 14.0 0.0 0 0 4 5 5
1255.5 -5632.4 -15.9 230 0 25.1 45.7 14.0 0.0 0 1 4 4 4
-3807.5 -4618.8 -20.7 305 0 50.9 13.6 14.0 0.0 0 0 4 0 0
918.3 -12251.6 -11.5 358 0 12.8 26.9 14.0 3.5 2 1 4 4 4
6277.4 -4670.2 -10.2 72 0 14.2 76.0 17.5 0.0 0 1 5 3 3
3975.3 -11896.3 -24.8 78 0 15.2 56.9 14.0 3.5 4 1 4 5 5
2992.7 -10691.6 -7.1 55 0 55.1 62.5 14.0 0.0 0 1 4 4 4
5809.2 -5551.5 -2.9 270 0 39.8 40.5 17.5 0.0 0 0 5 0 0
5797.4 -5611.5 0.8 180 0 39.0 27.5 17.5 0.0 0 0 5 2 2
3402.5 -7416.2 -17.3 91 0 28.4 89.4 12.5 0.0 0 1 5 5 5
3661.9 -9736.0 -9.3 80 0 66.5 41.9 14.0 0.0 0 0 4 0 0
1502.7 -12192.7 -20.0 167 0 25.9 47.7 10.0 0.0 0 1 4 2 2
1579.0 -12188.5 -19.3 76 0 48.4 26.0 12.5 0.0 0 0 5 0 0
713.8 -11011.5 -3.8 130 0 63.4 70.4 14.0 0.0 0 1 4 1 1
802.6 -11114.9 -5.4 115 0 75.1 34.7 14.0 0.0 0 0 4 5 5
1258.8 -11007.5 -9.4 323 0 45.7 30.6 14.0 0.0 0 0 4 4 4
1512.2 -12226.3 -18.6 167 0 23.4 47.0 10.0 2.5 2 1 4 3 3
1586.6 -12219.6 -16.9 76 0 45.4 22.4 12.5 0.0 0 0 5 2 2
2719.0 -11098.7 -15.4 79 0 41.4 33.3 10.0 0.0 0 0 4 2 2
2673.2 -11826.8 -21.8 304 0 41.8 7.6 10.5 3.5 2 0 3 1 1
2725.8 -11980.0 -24.2 295 0 58.2 6.4 10.5 3.5 2 0 3 5 5
1285.7 -11053.5 -10.4 336 0 37.6 41.4 14.0 0.0 0 1 4 5 5
2249.8 -11967.2 -24.4 98 0 12.6 31.2 10.0 0.0 0 1 4 1 1
-6710.2 -5621.9 -22.8 219 0 77.7 36.1 7.5 0.0 0 0 3 0 0
-6834.1 -5755.9 -24.1 250 0 30.1 120.0 12.5 0.0 0 0 5 2 2
-6789.4 -5922.0 -24.5 159 0 61.0 30.5 12.5 0.0 0 0 5 4 4
-6868.1 -5832.4 -23.6 339 0 19.5 7.0 7.5 2.5 2 0 3 0 0
-6196.1 -6873.1 -21.6 159 0 10.8 204.7 15.0 0.0 0 1 6 1 1
-6189.2 -6893.8 -21.5 159 0 11.1 207.5 10.0 0.0 0 1 4 2 2
-6082.7 -6882.5 -21.3 69 0 206.5 14.0 12.5 0.0 0 0 5 3 3
-6719.4 -6068.6 -25.1 70 0 38.5 24.0 10.0 0.0 0 0 4 3 3
3657.0 -9483.3 -9.7 352 0 42.4 21.2 14.0 3.5 2 0 4 2 2
3819.2 -10087.2 -9.3 80 0 66.2 70.3 14.0 0.0 0 1 4 4 4
3455.7 -9544.0 -10.1 331 0 55.5 22.8 14.0 3.5 2 0 4 5 5
3636.5 -9805.2 -9.9 170 0 41.7 11.4 14.0 3.5 2 0 4 2 2
6777.2 -6437.6 -3.9 336 0 60.6 15.0 17.5 3.5 2 0 5 5 5
3192.3 -12281.3 -25.8 289 0 29.0 52.5 10.5 0.0 0 1 3 4 4
5723.1 -5332.3 -8.9 156 0 70.0 18.3 17.5 3.5 2 0 5 1 1
5886.3 -5251.2 -11.8 306 0 51.2 3.5 10.5 3.5 2 0 3 4 4
5749.6 -5491.0 -3.6 337 0 35.3 17.0 17.5 0.0 0 0 5 4 4
5903.0 -5228.9 -12.0 125 0 50.9 3.4 10.5 3.5 2 0 3 2 2
5006.1 -5108.1 -3.6 72 0 14.9 23.8 10.0 2.5 2 1 4 2 2
5755.9 -5402.9 -8.8 157 0 69.9 17.2 17.5 3.5 2 0 5 3 3
6713.9 -5227.6 -11.8 250 0 22.3 23.2 17.5 3.5 2 1 5 1 1
5705.2 -10698.7 -21.8 182 0 74.6 29.7 14.0 0.0 0 0 4 0 0
6390.2 -10466.5 -15.8 99 0 42.4 76.9 17.5 0.0 0 1 5 2 2
6467.7 -10484.1 -16.6 9 0 58.9 39.1 14.0 0.0 0 0 4 1 1
6464.3 -10411.6 -14.0 190 0 44.2 67.6 14.0 0.0 0 1 4 1 1
4320.8 -10583.2 -19.3 260 0 18.3 52.9 14.0 3.5 2 1 4 5 5
2841.7 -7747.9 -14.3 73 0 17.1 39.3 10.5 3.5 4 1 3 5 5
2338.8 -7475.9 -5.1 1 0 14.0 12.1 2.5 2.5 2 0 1 5 5
2806.1 -7637.5 -14.4 254 0 15.8 65.3 10.5 3.5 2 1 3 3 3
2741.2 -7573.8 -16.3 83 0 60.3 5.5 10.5 3.5 2 0 3 2 2
2733.6 -7552.3 -16.4 263 0 50.1 9.9 10.5 3.5 4 0 3 2 2
4105.6 -11048.4 -22.0 80 0 126.1 73.6 14.0 0.0 0 0 4 1 1
4235.4 -10612.5 -20.8 260 0 67.2 41.2 14.0 0.0 0 0 4 5 5
4457.1 -9814.3 -6.7 349 0 22.5 37.1 14.0 0.0 0 1 4 5 5
4306.3 -11088.8 -18.2 170 0 61.7 17.8 10.5 3.5 2 0 3 2 2
4389.0 -10970.0 -22.4 350 0 53.6 17.2 14.0 3.5 2 0 4 3 3
4074.6 -11153.6 -21.6 81 0 34.6 86.7 10.5 0.0 0 1 3 3 3
5944.8 -4119.4 -16.6 101 0 16.4 10.1 17.5 3.5 2 0 5 3 3
6301.0 -4151.2 -9.2 70 0 32.7 16.0 17.5 3.5 2 0 5 2 2
4941.9 -7007.2 -3.7 172 0 27.3 45.6 14.0 0.0 0 1 4 2 2
6676.5 -4332.3 -19.2 101 0 19.5 31.2 14.0 3.5 2 1 4 3 3
6750.7 -5220.7 -12.2 339 0 9.7 14.2 10.5 3.5 2 1 3 4 4
6272.9 -5313.2 -5.7 179 0 22.4 17.4 14.0 3.5 2 0 4 0 0
6836.3 -4339.8 0.8 258 0 12.2 25.8 14.0 0.0 0 1 4 1 1
6880.7 -4249.7 -10.8 234 0 54.2 12.7 14.0 3.5 2 0 4 5 5
6772.0 -3701.2 -22.6 242 0 34.6 26.3 17.5 0.0 0 0 5 4 4
4205.3 -11855.4 -24.5 314 0 75.1 22.2 14.0 0.0 0 0 4 0 0
4552.4 -11958.7 -26.2 318 0 112.0 120.9 14.0 0.0 0 1 4 2 2
4194.8 -11921.1 -25.7 44 0 23.1 74.0 14.0 0.0 0 1 4 1 1
3910.2 -11185.4 -18.3 349 0 24.3 31.9 14.0 0.0 0 1 4 4 4
4166.8 -11958.9 -25.7 44 0 28.2 101.7 14.0 0.0 0 1 4 1 1
3637.4 -10937.9 -17.4 79 0 28.2 102.9 14.0 0.0 0 1 4 2 2
3987.2 -10994.5 -20.5 349 0 52.4 77.4 10.5 0.0 0 1 3 5 5
3977.5 -11135.9 -20.2 167 0 45.4 22.0 10.5 3.5 2 0 3 5 5
3704.4 -6080.8 -3.6 265 0 31.9 17.4 10.0 2.5 2 0 4 0 0
3484.1 -6522.2 -11.6 2 0 77.0 58.1 14.0 0.0 0 0 4 5 5
3436.2 -5389.0 -14.6 239 0 62.6 39.3 10.5 0.0 0 0 3 0 0
3124.1 -5416.0 -20.7 338 0 52.4 20.9 10.5 3.5 2 0 3 0 0
3649.1 -5318.0 -16.0 60 0 29.6 35.7 10.5 0.0 0 1 3 4 4
3225.6 -5483.3 -16.9 61 0 37.5 28.3 14.0 0.0 0 0 4 5 5
6527.6 -6299.0 0.6 252 0 15.0 16.2 14.0 3.5 2 1 4 0 0
5499.6 -5008.2 -8.9 179 0 16.0 36.1 17.5 0.0 0 1 5 4 4
6850.5 -6275.7 -9.1 251 0 29.9 80.4 17.5 0.0 0 1 5 4 4
6417.5 -4750.8 -14.2 251 0 39.3 22.2 14.0 0.0 0 0 4 3 3
6543.5 -5171.9 -9.8 251 0 29.6 72.5 14.0 0.0 0 1 4 4 4
6118.7 -4651.4 -14.8 284 0 10.0 52.6 10.5 3.5 2 1 3 1 1
6173.9 -4619.0 -12.4 70 0 10.1 27.4 10.0 2.5 2 1 4 0 0
6098.6 -4635.9 -11.9 108 0 22.5 16.4 12.5 2.5 2 0 5 4 4
6202.4 -4608.2 -9.7 69 0 10.1 27.6 10.0 2.5 4 1 4 2 2
6703.7 -5827.5 -13.0 226 0 9.9 56.9 10.5 0.0 0 1 3 4 4
6584.1 -5948.6 -7.7 251 0 8.2 15.6 10.5 3.5 2 1 3 4 4
6730.1 -5817.4 -13.6 229 0 9.5 39.0 10.5 3.5 2 1 3 3 3
6003.3 -5417.7 -10.8 47 0 9.1 36.7 10.5 3.5 2 1 3 5 5
6837.2 -6023.0 -10.1 71 0 10.5 32.2 14.0 3.5 4 1 4 1 1
5986.4 -5433.4 -9.9 54 0 9.6 28.8 10.5 3.5 2 1 3 2 2
6814.6 -5959.2 -10.6 251 0 10.2 30.4 14.0 3.5 2 1 4 3 3
6847.9 -6055.6 -9.9 71 0 10.3 31.1 14.0 0.0 0 1 4 1 1
-3369.4 -4995.5 -13.3 86 0 37.7 39.5 14.0 0.0 0 1 4 4 4
5922.5 -7345.2 12.3 225 0 16.4 26.7 14.0 0.0 0 1 4 5 5
5195.8 -11622.7 -27.5 174 0 32.4 107.4 14.0 0.0 0 1 4 2 2
5192.3 -11490.6 -26.1 264 0 13.3 35.6 14.0 3.5 4 1 4 1 1
5177.4 -11567.0 -28.3 353 0 79.2 26.8 14.0 0.0 0 0 4 3 3
5208.3 -11566.1 -27.2 174 0 53.8 120.0 14.0 0.0 0 1 4 4 4
6352.3 -11469.0 -27.0 263 0 20.8 64.6 17.5 3.5 2 1 5 4 4
6310.2 -11485.8 -27.0 264 0 20.4 46.5 17.5 3.5 2 1 5 0 0
6220.6 -11482.7 -26.5 265 0 21.5 46.4 17.5 3.5 2 1 5 3 3
6341.6 -11374.7 -25.0 263 0 21.7 64.0 17.5 3.5 2 1 5 2 2
6279.7 -11631.2 -29.1 85 0 20.6 46.9 17.5 3.5 2 1 5 4 4
6235.8 -11636.7 -29.0 85 0 21.2 63.3 17.5 3.5 2 1 5 0 0
6253.3 -11390.9 -25.0 264 0 20.2 61.6 17.5 3.5 2 1 5 5 5
6327.7 -11626.7 -29.2 85 0 19.2 62.5 17.5 0.0 0 1 5 1 1
6299.6 -11384.5 -25.1 265 0 20.9 63.3 17.5 3.5 2 1 5 4 4
6376.0 -11586.8 -28.9 354 0 54.0 21.5 17.5 3.5 2 0 5 5 5
6262.5 -11479.5 -27.0 264 0 20.6 62.3 17.5 3.5 2 1 5 1 1
6207.3 -11458.3 -25.5 84 0 19.3 46.2 17.5 3.5 2 1 5 4 4
5490.3 -11623.7 -21.3 264 0 23.4 74.4 17.5 0.0 0 1 5 1 1
6442.7 -10234.1 -17.7 291 0 110.7 17.3 14.0 0.0 0 0 4 3 3
5556.1 -11619.9 -20.2 264 0 24.3 73.3 17.5 0.0 0 1 5 1 1
5778.9 -11499.8 -21.2 85 0 70.3 25.2 14.0 0.0 0 0 4 1 1
5891.7 -11573.0 -31.0 174 0 86.6 34.8 14.0 0.0 0 0 4 4 4
6734.0 -10271.1 -18.7 288 0 267.4 26.3 17.5 0.0 0 0 5 4 4
-5012.7 -9193.8 -13.0 130 0 22.9 108.8 7.5 0.0 0 0 3 5 5
-4987.5 -9104.7 -10.1 221 0 15.5 26.1 12.5 2.5 2 1 5 1 1
-5044.8 -8981.3 -14.6 54 0 55.9 6.3 7.5 2.5 2 0 3 5 5
6800.0 -6046.5 -10.2 162 0 16.8 20.0 14.0 3.5 2 1 4 5 5
6260.5 -6009.7 0.5 62 0 10.2 39.2 17.5 3.5 2 1 5 3 3
6788.3 -5955.3 -11.5 73 0 8.9 16.4 10.5 3.5 2 1 3 2 2
6220.4 -5935.9 0.2 243 0 10.4 37.9 17.5 3.5 2 1 5 0 0
6328.9 -6018.6 -2.4 63 0 22.1 56.5 17.5 3.5 2 1 5 1 1
6834.4 -4161.9 -15.9 54 0 39.7 88.5 14.0 0.0 0 1 4 3 3
6776.3 -4218.6 -16.5 140 0 7.4 45.9 10.5 3.5 2 0 3 1 1
6796.9 -4199.3 -16.1 54 0 37.2 42.5 14.0 0.0 0 0 4 0 0
6157.6 -4450.1 -13.7 250 0 10.8 48.4 12.5 2.5 2 1 5 2 2
6148.5 -4508.1 -11.2 249 0 9.8 25.6 7.5 2.5 2 1 3 2 2
-4567.7 -4567.1 -8.7 87 0 13.5 13.1 10.0 2.5 2 0 4 1 1
-4534.9 -4527.3 -12.0 267 0 12.7 12.7 12.5 0.0 0 0 5 0 0
6372.9 -5186.3 -7.7 160 0 15.9 25.1 14.0 3.5 4 1 4 5 5
6375.7 -5071.0 -15.3 161 0 44.6 17.1 14.0 3.5 2 0 4 1 1
6452.2 -5093.4 -16.9 71 0 26.2 82.7 14.0 0.0 0 1 4 4 4
6265.0 -5115.3 -11.2 251 0 10.1 24.5 17.5 3.5 2 1 5 2 2
6239.7 -5125.9 -10.6 252 0 10.4 20.8 17.5 0.0 0 1 5 3 3
6190.4 -4527.1 -11.6 339 0 48.2 9.5 7.5 2.5 2 0 3 3 3
6148.3 -4566.2 -10.5 158 0 18.6 24.7 10.0 0.0 0 1 4 3 3
6702.2 -5347.7 -11.7 176 0 15.7 11.7 17.5 3.5 2 0 5 0 0
5519.3 -7570.6 8.7 34 0 34.7 13.5 14.0 3.5 4 0 4 0 0
5347.7 -7956.4 -7.2 352 0 13.4 16.6 17.5 3.5 2 0 5 5 5
5352.0 -7952.5 -6.5 40 0 6.9 9.1 10.5 3.5 2 0 3 2 2
-6271.0 -6017.2 -21.5 129 0 24.8 18.1 7.5 2.5 2 0 3 0 0
-6692.0 -6058.5 -25.2 70 0 11.1 81.8 7.5 2.5 4 1 3 5 5
-6896.0 -5774.5 -23.3 161 0 6.3 7.3 12.0 2.5 2 0 3 4 4
3166.4 -10542.2 -14.7 81 0 16.0 30.3 14.0 3.5 2 1 4 5 5
2760.8 -10739.2 -3.4 253 0 17.3 58.5 10.0 2.5 2 1 4 2 2
3345.6 -10572.3 -14.5 259 0 13.3 44.2 14.0 3.5 2 1 4 5 5
3380.9 -10565.9 -14.5 258 0 13.5 43.9 14.0 3.5 2 1 4 2 2
6772.9 -6353.2 -6.4 341 0 64.0 27.3 17.5 0.0 0 0 5 4 4
-4433.4 -9788.2 -8.3 293 0 40.1 33.5 14.0 0.0 0 0 4 4 4
-4913.3 -11750.8 -21.5 344 0 31.9 35.4 5.0 0.0 0 1 2 4 4
-4600.6 -8727.0 -15.0 303 0 9.4 16.1 10.5 3.5 2 1 3 1 1
-4567.8 -8733.0 -15.2 308 0 12.6 16.7 14.0 3.5 2 1 4 3 3
-4535.5 -8738.0 -15.4 313 0 12.7 32.2 14.0 3.5 2 1 4 5 5
-4509.5 -8744.0 -15.7 291 0 15.3 33.4 14.0 0.0 0 1 4 3 3
-4474.3 -8747.5 -15.4 295 0 16.9 33.6 14.0 0.0 0 1 4 2 2
-3754.4 -9335.8 3.0 210 0 48.0 97.0 14.0 0.0 0 1 4 4 4
-4833.8 -4566.2 5.1 358 0 48.6 21.6 10.0 2.5 2 0 4 5 5
-4889.4 -4492.3 -1.1 177 0 46.5 22.4 12.5 0.0 0 0 5 0 0
-4831.7 -4467.6 -2.6 267 0 21.8 46.4 12.5 2.5 2 1 5 4 4
-4772.0 -4476.4 -5.3 358 0 68.3 22.6 12.5 2.5 4 0 5 2 2
-4746.3 -4474.9 -7.0 177 0 69.5 21.6 12.5 2.5 2 0 5 3 3
-4677.6 -4470.3 -8.7 357 0 72.9 20.5 10.0 2.5 2 0 4 1 1
-4650.4 -4468.6 -10.3 177 0 73.4 20.5 12.5 2.5 2 0 5 4 4
-4595.6 -4429.3 -12.9 267 0 21.1 73.3 10.0 2.5 2 1 4 3 3
-4606.6 -4531.7 -7.4 267 0 21.2 42.1 12.5 0.0 0 1 5 2 2
-4651.0 -4534.7 -5.3 268 0 20.8 41.2 10.0 0.0 0 1 4 2 2
-4695.7 -4536.7 -3.8 269 0 20.6 40.5 10.0 0.0 0 1 4 3 3
-4776.0 -4988.0 -8.7 95 0 23.6 61.2 12.5 0.0 0 1 5 3 3
-4816.6 -4910.4 -7.9 281 0 24.3 60.0 12.5 0.0 0 1 5 4 4
-4863.3 -4895.5 -7.4 284 0 24.6 60.6 15.0 0.0 0 1 6 0 0
-4925.1 -4945.2 -6.5 101 0 25.1 59.2 12.5 2.5 2 1 5 4 4
-4964.7 -4885.6 -6.6 278 0 25.1 45.2 10.0 0.0 0 1 4 1 1
-5010.7 -4873.3 -5.8 278 0 21.2 45.6 10.0 2.5 2 1 4 3 3
-4562.1 -5282.3 -13.9 232 0 6.4 61.7 10.5 3.5 2 1 3 1 1
-4890.7 -8965.1 -19.0 45 0 11.2 32.7 14.0 0.0 0 1 4 1 1
-4914.0 -8989.9 -18.8 45 0 11.2 32.7 14.0 3.5 2 1 4 0 0
5934.4 -7659.8 7.4 169 0 15.1 23.6 17.5 0.0 0 1 5 4 4
5924.4 -7684.6 5.8 229 0 15.0 23.7 17.5 0.0 0 1 5 5 5
5949.2 -7605.2 9.1 229 0 14.9 23.7 17.5 0.0 0 1 5 2 2
2.3 -4841.6 -4.7 195 0 69.5 16.2 14.0 3.5 2 0 4 1 1
22.2 -4763.0 -11.8 195 0 50.7 18.3 14.0 3.5 2 0 4 1 1
-121.2 -4571.5 -5.7 325 0 38.6 11.2 14.0 3.5 2 0 4 1 1
-81.2 -4633.1 -12.5 52 0 12.8 34.2 14.0 3.5 2 0 4 1 1
-50.3 -4661.5 -12.8 318 0 33.8 11.6 10.5 3.5 2 0 3 2 2
-13.3 -4700.4 -12.8 314 0 33.6 11.1 10.5 3.5 2 0 3 4 4
-143.8 -4765.4 -2.7 285 0 11.8 62.0 14.0 3.5 2 1 4 5 5
-114.7 -4773.6 -2.5 285 0 8.2 44.0 10.5 3.5 2 1 3 0 0
-88.0 -4781.2 -2.6 286 0 10.3 35.5 14.0 3.5 2 1 4 5 5
-60.4 -4788.4 -3.7 286 0 10.7 24.4 14.0 0.0 0 1 4 1 1
-33.3 -4796.2 -4.0 285 0 13.2 17.4 14.0 3.5 2 1 4 3 3
-3.8 -4803.7 -4.4 285 0 9.4 25.1 10.5 3.5 2 1 3 2 2
-5930.0 -8518.4 -24.2 270 0 66.5 51.9 12.5 0.0 0 0 5 5 5
-5712.6 -8576.3 -21.0 180 0 48.5 65.6 12.5 0.0 0 1 5 0 0
-5842.1 -8708.3 -15.6 360 0 16.4 11.1 5.0 2.5 2 0 2 3 3
-5683.4 -8498.0 -22.7 24 0 55.5 14.9 10.0 2.5 2 0 4 5 5
-5497.7 -8914.0 -14.5 271 0 37.1 23.2 10.0 0.0 0 0 4 3 3
-5634.4 -8486.9 -22.0 293 0 34.9 51.7 12.5 0.0 0 1 5 3 3
-6075.9 -8600.0 -24.1 270 0 85.1 42.4 12.5 0.0 0 0 5 1 1
4739.2 -6290.6 0.5 13 0 18.0 11.6 17.5 3.5 2 0 5 4 4
4735.0 -6313.3 0.5 10 0 17.6 11.4 17.5 3.5 2 0 5 1 1
4730.4 -6335.2 0.5 10 0 17.5 10.8 17.5 3.5 2 0 5 5 5
5516.1 -7959.4 -5.9 126 0 37.2 38.5 17.5 0.0 0 1 5 3 3
5572.4 -7991.7 -7.5 129 0 57.0 11.5 17.5 3.5 2 0 5 0 0
5638.0 -8036.2 -7.6 40 0 11.0 41.2 17.5 3.5 2 1 5 1 1
5661.7 -8013.8 -7.4 37 0 13.2 47.5 17.5 3.5 2 1 5 0 0
5680.2 -7988.9 -7.0 36 0 12.8 47.8 17.5 3.5 2 1 5 1 1
5697.3 -7965.4 -4.8 36 0 10.4 44.3 17.5 3.5 2 1 5 4 4
6514.9 -9719.6 -9.0 289 0 37.3 62.6 17.5 0.0 0 1 5 4 4
6535.8 -9656.5 -7.0 289 0 37.4 57.2 17.5 0.0 0 1 5 1 1
6571.4 -9740.0 -9.3 290 0 37.6 60.9 17.5 0.0 0 1 5 1 1
6593.2 -9675.5 -7.5 289 0 37.6 57.8 17.5 0.0 0 1 5 5 5
6913.7 -10081.8 -17.1 14 0 84.8 21.8 14.0 0.0 0 0 4 4 4
6490.9 -10016.6 -15.6 108 0 38.8 10.1 10.0 2.5 2 0 4 0 0
6917.0 -10135.8 -18.9 196 0 93.9 23.0 14.0 0.0 0 0 4 4 4
6327.6 -9972.3 -13.9 257 0 13.6 49.6 14.0 3.5 2 1 4 1 1
6356.0 -10060.3 -14.8 108 0 14.8 30.7 14.0 3.5 2 1 4 0 0
6376.4 -9990.1 -14.1 288 0 14.8 30.7 14.0 3.5 2 1 4 1 1
6394.9 -10040.6 -14.9 288 0 14.9 30.7 14.0 3.5 2 0 4 2 2
6408.5 -9999.8 -14.7 288 0 14.8 30.7 14.0 3.5 2 1 4 1 1
6423.1 -10051.7 -14.8 288 0 14.9 30.7 14.0 3.5 2 0 4 4 4
6398.4 -10078.4 -15.0 108 0 15.4 16.3 14.0 3.5 2 0 4 3 3
6439.3 -10077.5 -15.3 198 0 30.7 14.8 14.0 3.5 2 0 4 4 4
6473.7 -10093.9 -15.9 108 0 14.9 30.7 14.0 3.5 2 1 4 4 4
6481.5 -10020.6 -15.7 288 0 14.9 30.7 14.0 3.5 2 1 4 5 5
6503.2 -10103.8 -16.4 108 0 14.9 30.7 14.0 3.5 4 1 4 0 0
6513.7 -10031.7 -16.3 288 0 14.9 30.7 14.0 3.5 2 1 4 5 5
6553.7 -10049.2 -16.4 288 0 14.7 69.9 14.0 0.0 0 1 4 5 5
6584.6 -10058.9 -17.0 288 0 14.7 69.9 14.0 3.5 2 1 4 5 5
6614.8 -10070.2 -17.9 288 0 14.7 69.9 14.0 3.5 2 1 4 2 2
6456.9 -10096.2 -15.3 107 0 15.5 16.3 14.0 3.5 2 1 4 0 0
6486.4 -10105.6 -15.8 107 0 15.5 16.3 14.0 3.5 2 1 4 1 1
6516.1 -10116.0 -16.4 107 0 15.5 16.2 14.0 3.5 4 1 4 3 3
6179.1 -9705.0 -3.0 88 0 20.6 20.9 12.5 2.5 2 1 5 4 4
6177.9 -9645.1 -0.5 270 0 20.7 20.9 12.5 2.5 2 1 5 3 3
6176.1 -9605.7 -0.8 270 0 20.6 20.9 10.0 2.5 2 1 4 3 3
6201.4 -9622.7 -2.7 270 0 20.6 20.9 12.5 2.5 2 1 5 1 1
6213.1 -9673.3 -2.1 358 0 20.6 20.6 17.5 0.0 0 1 7 1 1
6242.2 -9691.3 -4.6 0 0 52.9 10.6 12.5 2.5 2 0 5 3 3
6240.5 -9630.7 -4.2 0 0 52.9 10.6 10.0 2.5 2 0 4 4 4
4806.6 -9508.2 -10.2 259 0 42.5 85.8 14.0 0.0 0 1 4 1 1
4293.8 -9401.4 -11.3 348 0 49.2 36.1 15.0 0.0 0 0 6 4 4
5713.2 -8032.8 -6.4 304 0 40.5 29.3 17.5 3.5 2 0 5 1 1
6203.7 -9460.9 1.8 90 0 62.2 32.7 17.5 0.0 0 0 5 4 4
3358.4 -9271.8 -11.1 171 0 45.5 108.5 14.0 0.0 0 1 4 5 5
3443.6 -9447.8 -15.7 170 0 14.1 179.3 14.0 0.0 0 1 4 4 4
4242.3 -9695.1 -10.8 351 0 17.9 18.0 17.5 3.5 2 1 5 2 2
4231.2 -9635.1 -8.5 350 0 18.1 18.1 17.5 3.5 2 0 5 1 1
-4588.7 -4907.0 -14.3 106 0 8.3 48.0 7.5 2.5 2 1 3 5 5
-4550.5 -4897.5 -14.5 16 0 48.0 13.2 10.0 2.5 2 0 4 5 5
-4555.2 -4813.4 -12.9 106 0 13.3 48.0 12.5 2.5 2 1 5 2 2
-4524.1 -4802.2 -15.2 16 0 48.0 13.2 12.5 2.5 4 0 5 3 3
-4561.2 -4837.8 -14.4 15 0 30.8 10.1 12.5 0.0 0 0 5 4 4
-4540.4 -4833.5 -15.1 286 0 10.2 30.8 7.5 2.5 4 1 3 4 4
-4510.5 -4737.9 -12.2 286 0 10.2 30.8 10.0 2.5 2 1 4 0 0
-4536.4 -4724.7 -8.5 286 0 10.2 30.8 12.5 2.5 2 1 5 1 1
-4594.0 -4930.8 -13.5 286 0 10.2 30.8 5.0 2.5 2 1 2 3 3
-4566.1 -4939.9 -13.4 286 0 5.5 30.8 7.5 2.5 2 1 3 3 3
-4604.1 -5045.3 -11.8 286 0 10.2 30.8 7.5 2.5 2 1 3 1 1
-4612.7 -5085.6 -11.1 286 0 10.2 30.8 12.5 2.5 2 1 5 0 0
-4646.7 -5124.3 -10.5 286 0 5.5 30.8 7.5 2.5 2 1 3 0 0
-4600.6 -4970.3 -12.9 286 0 7.1 38.8 7.5 2.5 4 1 3 1 1
-4582.3 -5003.9 -12.7 15 0 38.8 12.5 5.0 2.5 2 0 2 4 4
-4620.6 -5053.7 -11.9 15 0 38.8 12.5 10.0 2.5 2 0 4 4 4
-4638.0 -5077.3 -11.2 286 0 12.5 38.8 7.5 2.5 2 1 3 5 5
-4672.6 -5210.6 -11.4 107 0 12.6 28.0 10.0 2.5 2 0 4 3 3
-4658.1 -5162.3 -10.8 287 0 12.6 22.5 10.0 2.5 2 0 4 1 1
-4474.6 -4727.4 -12.6 131 0 12.3 44.7 14.0 3.5 4 1 4 4 4
-4164.6 -4159.6 -18.7 267 0 72.8 15.2 14.0 3.5 2 0 4 0 0
-4126.1 -4145.1 -18.0 358 0 10.9 72.9 10.5 3.5 2 1 3 1 1
-4119.0 -4125.9 -17.5 358 0 10.9 72.9 14.0 0.0 0 1 4 3 3
-4154.4 -4114.0 -17.3 87 0 52.3 9.9 10.5 3.5 2 0 3 4 4
-4145.8 -4078.9 -17.1 268 0 56.3 16.0 14.0 3.5 2 0 4 4 4
-4105.9 -4063.0 -16.7 358 0 11.7 56.7 14.0 3.5 2 1 4 0 0
-4606.1 -4740.8 -1.3 296 0 8.4 27.5 7.5 0.0 0 1 3 4 4
-4630.2 -4786.5 -3.0 196 0 27.5 8.4 7.5 2.5 4 0 3 4 4
-4602.1 -4826.9 -12.1 16 0 63.0 10.7 12.5 0.0 0 0 5 0 0
3294.8 -9695.2 3.8 254 0 11.0 117.6 14.0 3.5 2 1 4 0 0
3362.7 -9800.5 1.8 74 0 12.5 54.1 14.0 3.5 2 1 4 3 3
3330.1 -9684.4 4.7 254 0 12.4 54.1 14.0 3.5 4 1 4 5 5
6915.4 -10227.0 -21.1 17 0 56.5 67.9 14.0 0.0 0 1 4 1 1
6427.9 -5554.4 -9.6 283 0 51.4 5.0 10.5 3.5 2 0 3 4 4
6476.8 -5540.0 -8.5 106 0 50.2 4.7 10.5 3.5 2 0 3 4 4
6432.7 -5572.4 -9.8 283 0 77.7 40.7 17.5 0.0 0 0 5 0 0
6205.7 -11273.7 -25.1 84 0 13.9 46.0 17.5 3.5 2 1 5 5 5
6170.1 -11219.2 -25.5 265 0 31.2 15.9 17.5 3.5 2 0 5 5 5
6150.7 -11213.2 -25.6 83 0 13.4 66.0 12.5 2.5 2 1 5 3 3
6381.2 -10955.9 -19.1 263 0 13.6 40.0 12.5 2.5 2 1 5 4 4
6410.7 -10951.6 -18.5 263 0 14.2 40.6 12.5 2.5 4 1 5 3 3
6449.2 -10966.5 -18.1 352 0 40.4 13.0 17.5 0.0 0 0 7 2 2
6481.0 -10940.9 -18.8 262 0 18.2 38.6 14.0 3.5 2 1 4 0 0
6460.3 -10994.0 -16.5 237 0 13.6 40.0 14.0 3.5 2 1 4 5 5
6440.5 -11058.5 -18.2 57 0 79.4 20.2 14.0 0.0 0 0 4 4 4
6368.1 -11013.5 -18.2 237 0 13.5 41.2 14.0 3.5 2 1 4 3 3
6412.1 -11009.3 -17.4 236 0 25.3 19.2 14.0 3.5 2 0 4 1 1
6264.6 -11070.7 -21.2 178 0 26.7 12.1 14.0 3.5 2 0 4 3 3
6260.4 -11030.8 -20.7 179 0 24.7 22.5 14.0 0.0 0 0 4 3 3
6290.5 -11044.6 -20.6 179 0 31.9 16.5 14.0 0.0 0 0 4 2 2
6334.6 -11079.5 -19.9 86 0 12.9 24.5 14.0 3.5 2 1 4 4 4
6137.0 -10975.5 -25.6 60 0 24.2 13.7 10.0 2.5 2 0 4 5 5
6169.7 -10902.5 -26.6 285 0 19.0 46.3 15.0 2.5 2 1 6 5 5
6206.5 -11301.0 -25.3 355 0 22.0 14.2 14.0 3.5 2 0 4 4 4
6292.6 -11287.9 -23.8 267 0 16.0 16.1 14.0 0.0 0 1 4 0 0
6260.7 -11307.8 -24.5 87 0 16.0 16.1 14.0 3.5 2 1 4 3 3
6169.9 -11145.9 -24.2 179 0 15.1 23.9 10.0 2.5 2 1 4 1 1
6218.7 -11140.1 -23.6 269 0 24.1 36.6 7.5 2.5 4 1 3 2 2
6490.8 -11073.1 -17.6 237 0 11.5 16.6 14.0 0.0 0 1 4 3 3
6464.0 -11091.1 -17.8 237 0 11.5 16.6 14.0 0.0 0 1 4 1 1
6436.8 -11109.6 -18.2 237 0 11.5 16.6 14.0 0.0 0 1 4 0 0
6410.4 -11128.2 -19.2 237 0 11.5 16.6 14.0 0.0 0 1 4 2 2
6472.1 -11200.8 -19.3 270 0 10.4 19.5 14.0 0.0 0 1 4 4 4
6450.6 -11243.7 -19.7 180 0 12.2 20.7 14.0 0.0 0 1 4 4 4
6367.0 -11162.6 -20.3 90 0 10.0 26.3 14.0 0.0 0 1 4 3 3
6328.6 -11165.7 -21.1 89 0 11.0 25.9 14.0 0.0 0 1 4 2 2
6292.9 -11195.0 -22.3 89 0 9.2 21.9 10.5 0.0 0 1 3 1 1
6368.8 -11298.3 -23.1 84 0 91.2 13.2 14.0 3.5 2 0 4 0 0
6277.8 -11249.8 -23.7 355 0 20.5 12.7 17.5 3.5 2 0 5 5 5
6290.0 -11264.5 -23.3 175 0 20.5 12.7 17.5 3.5 2 0 5 5 5
6246.1 -11278.8 -24.4 85 0 12.7 20.4 17.5 3.5 2 1 5 0 0
6272.4 -11196.7 -23.2 353 0 28.6 12.6 14.0 0.0 0 0 4 4 4
6319.8 -11267.6 -22.9 180 0 15.7 22.9 14.0 0.0 0 1 4 4 4
6204.8 -11044.2 -22.5 359 0 33.5 12.4 17.5 3.5 2 0 5 0 0
6228.3 -10992.8 -22.2 268 0 17.8 66.0 14.0 3.5 4 1 4 4 4
6306.1 -10992.1 -20.9 111 0 14.3 37.4 17.5 0.0 0 1 5 0 0
6342.4 -11000.1 -19.5 110 0 19.6 21.4 17.5 3.5 2 1 5 3 3
6347.1 -10957.5 -20.0 263 1 13.3 15.7 17.5 3.5 2 1 5 5 5
6263.5 -10828.4 -26.3 270 0 21.9 54.1 17.5 3.5 2 1 5 1 1
6110.0 -11047.1 -24.6 269 0 9.5 44.0 7.5 2.5 2 1 3 5 5
6156.3 -11119.4 -24.2 90 0 10.8 20.9 5.0 2.5 2 1 2 2 2
6140.9 -11067.2 -24.1 358 0 47.6 12.1 12.5 2.5 2 0 5 3 3
6573.9 -10935.7 -18.6 262 0 23.7 67.2 17.5 3.5 2 1 5 2 2
6585.5 -10914.2 -21.5 98 0 115.6 33.0 17.5 0.0 0 0 5 0 0
6617.5 -10935.1 -18.5 278 0 9.4 64.3 10.5 3.5 2 1 3 1 1
6687.1 -10903.7 -19.8 8 0 31.1 21.5 17.5 0.0 0 0 5 3 3
6460.8 -11368.6 -23.5 264 0 131.4 37.4 17.5 0.0 0 0 5 5 5
6406.1 -11434.7 -24.1 174 0 15.9 31.4 17.5 3.5 2 1 5 4 4
6534.8 -11465.3 -25.4 354 0 38.3 129.1 17.5 0.0 0 1 5 2 2
6401.8 -11532.2 -26.7 175 0 38.8 17.2 17.5 3.5 4 0 5 2 2
6438.3 -11551.5 -26.4 85 0 21.1 40.5 17.5 0.0 0 1 5 4 4
6513.4 -11539.9 -23.7 83 0 18.2 36.6 17.5 3.5 4 1 5 3 3
6541.4 -11519.0 -22.9 353 0 36.6 18.3 17.5 3.5 2 0 5 4 4
6564.5 -11516.2 -22.0 353 0 36.6 18.3 17.5 3.5 2 0 5 2 2
6814.3 -11323.8 -26.0 265 0 119.8 22.0 17.5 0.0 0 0 5 4 4
6762.9 -11337.4 -26.5 269 0 15.7 32.3 17.5 0.0 0 1 5 2 2
6804.8 -11332.3 -28.3 269 0 15.7 32.3 17.5 0.0 0 1 5 5 5
6847.2 -11328.4 -28.4 269 0 15.7 32.3 17.5 0.0 0 1 5 3 3
6694.7 -11334.7 -25.3 264 0 89.2 17.4 17.5 3.5 2 0 5 1 1
6631.9 -11404.6 -22.0 86 0 13.4 33.2 17.5 3.5 2 1 5 3 3
6658.0 -11391.1 -22.7 88 0 8.8 20.9 10.5 3.5 2 1 3 4 4
6695.8 -11396.2 -23.5 86 0 8.8 20.9 10.5 3.5 2 1 3 4 4
6731.6 -11392.2 -25.0 88 0 8.9 20.9 10.5 3.5 4 1 3 3 3
6571.7 -11221.2 -20.1 173 0 60.2 17.9 12.5 2.5 2 0 5 1 1
6720.1 -11256.3 -25.6 86 0 19.5 17.9 12.5 2.5 2 0 5 2 2
6684.5 -11260.3 -23.7 86 0 19.5 17.9 10.0 2.5 2 0 4 4 4
6646.1 -11265.1 -22.1 86 0 19.5 17.9 7.5 2.5 2 0 3 4 4
6611.7 -11268.7 -21.1 86 0 19.5 17.9 10.0 2.5 2 0 4 3 3
6613.6 -11184.8 -20.7 265 0 14.5 17.2 5.0 2.5 2 0 2 2 2
6623.2 -11201.4 -21.1 265 0 13.9 22.2 12.5 2.5 2 0 5 2 2
6659.7 -11196.5 -22.7 266 0 14.3 23.1 5.0 2.5 2 0 2 4 4
6651.2 -11178.2 -22.4 267 0 16.1 19.0 10.0 2.5 2 0 4 2 2
6692.8 -11191.5 -24.4 265 0 16.8 33.6 10.0 2.5 2 1 4 5 5
6737.6 -11213.9 -25.5 356 0 45.3 17.0 10.0 2.5 2 0 4 3 3
6789.4 -11046.8 -21.4 314 0 68.9 20.2 10.0 2.5 2 0 4 5 5
6554.4 -11074.9 -18.3 264 0 10.8 41.3 14.0 3.5 4 1 4 1 1
6561.6 -11145.3 -19.1 159 0 36.5 11.4 14.0 3.5 4 0 4 5 5
6705.7 -11046.8 -19.4 46 0 23.4 24.7 7.5 2.5 2 1 3 0 0
-4466.5 -11412.0 -16.0 106 0 16.1 21.0 10.5 3.5 2 0 3 5 5
-4280.2 -11269.7 -13.5 129 0 69.2 42.0 10.5 0.0 0 0 3 1 1
-4414.0 -11243.7 -11.8 22 0 41.3 40.6 10.5 0.0 0 0 3 3 3
-4340.6 -11348.9 -16.5 223 0 88.9 51.8 14.0 0.0 0 0 4 5 5
-4580.6 -11357.4 -14.9 181 0 68.6 22.8 10.5 3.5 2 0 3 1 1
-4492.1 -11594.6 -21.0 43 0 43.7 14.4 14.0 0.0 0 0 4 0 0
-4383.3 -11258.6 -13.3 310 0 26.7 64.4 10.5 0.0 0 1 3 1 1
-4583.2 -11425.2 -16.2 268 0 44.3 11.7 14.0 3.5 2 0 4 4 4
-6855.9 -6309.0 -25.1 68 0 22.1 57.5 7.5 0.0 0 1 3 3 3
-3612.5 -4518.9 -18.4 238 0 21.6 52.9 10.5 3.5 2 1 3 2 2
998.6 -5079.9 -19.1 228 0 15.5 9.0 10.5 3.5 4 0 3 4 4
920.0 -5049.2 -16.4 309 0 5.2 12.0 10.5 3.5 2 1 3 4 4
922.0 -5074.8 -15.9 74 0 5.4 11.3 10.5 3.5 4 1 3 5 5
4091.9 -11570.5 -19.6 348 0 96.2 22.9 14.0 0.0 0 0 4 5 5
4001.7 -5244.8 -11.1 113 0 79.8 29.3 14.0 0.0 0 0 4 5 5
4056.1 -5301.6 -11.4 291 0 39.2 15.0 14.0 3.5 2 0 4 0 0
4004.0 -5285.5 -12.3 291 0 57.5 14.6 14.0 3.5 2 0 4 1 1
5226.6 -10852.5 -23.6 354 0 75.1 22.9 17.5 0.0 0 0 5 3 3
5156.5 -10883.3 -21.6 173 0 34.5 19.1 17.5 0.0 0 0 5 5 5
5152.3 -10842.9 -21.8 170 0 21.5 20.4 17.5 3.5 2 0 5 0 0
5634.3 -10828.3 -22.5 2 0 58.8 22.1 17.5 3.5 2 0 5 0 0
5676.7 -10812.9 -22.2 91 0 57.3 16.0 17.5 3.5 2 0 5 1 1
5659.7 -10862.6 -22.7 92 0 20.3 38.2 17.5 0.0 0 1 5 3 3
5694.1 -10865.3 -22.5 92 0 20.3 38.2 14.0 0.0 0 1 4 4 4
5736.4 -10866.8 -23.0 92 0 20.3 38.2 17.5 0.0 0 1 5 3 3
5773.3 -10871.1 -23.3 92 0 20.3 38.2 17.5 0.0 0 1 5 0 0
5754.7 -10814.9 -22.8 91 0 57.3 16.0 17.5 3.5 4 0 5 0 0
5801.0 -10837.8 -23.5 181 0 79.1 23.9 17.5 0.0 0 0 5 2 2
5987.7 -11319.3 -25.5 83 0 42.2 18.7 17.5 3.5 2 0 5 1 1
6004.9 -11225.4 -26.5 175 0 36.9 19.0 17.5 0.0 0 0 5 2 2
5981.1 -11223.6 -26.7 21 0 48.8 8.8 10.5 3.5 2 0 3 0 0
5605.1 -11326.2 -23.3 87 0 6.8 23.7 10.5 3.5 2 1 3 4 4
5489.8 -11330.7 -26.1 83 0 9.0 10.0 10.5 3.5 2 0 3 0 0
5498.0 -11324.3 -25.9 82 0 8.4 10.2 10.5 3.5 2 0 3 5 5
5510.0 -11316.0 -25.7 354 0 7.5 8.5 10.5 3.5 2 0 3 3 3
5513.4 -11304.0 -25.4 265 0 9.5 10.3 10.5 3.5 2 0 3 3 3
5547.6 -11316.6 -24.7 85 0 9.4 10.3 10.5 3.5 4 1 3 4 4
5568.9 -11323.9 -24.2 85 0 9.4 10.3 10.5 3.5 2 1 3 5 5
5988.6 -11440.0 -26.1 264 0 61.0 19.5 17.5 3.5 2 0 5 4 4
6019.5 -11426.3 -26.1 250 0 13.0 22.4 17.5 0.0 0 1 5 2 2
5465.2 -11389.2 -26.7 82 0 43.5 19.6 14.0 0.0 0 0 4 5 5
5401.3 -11371.5 -27.9 266 0 12.4 20.4 17.5 3.5 2 1 5 4 4
5375.9 -11396.2 -29.7 86 0 12.4 20.4 17.5 0.0 0 1 5 0 0
5343.0 -11389.0 -30.7 176 0 20.4 12.4 17.5 3.5 2 0 5 1 1
5322.4 -11401.3 -29.5 86 0 12.4 20.4 17.5 3.5 2 1 5 5 5
5297.5 -11403.5 -28.1 86 0 12.4 20.4 17.5 3.5 4 1 5 3 3
5269.4 -11406.3 -26.4 86 0 12.2 40.0 17.5 3.5 4 1 5 3 3
5138.2 -10985.2 -20.6 354 0 46.9 11.2 10.0 2.5 4 0 4 0 0
5129.9 -10921.6 -21.3 354 0 46.9 11.2 7.5 2.5 2 0 3 1 1
5115.3 -10833.4 -22.0 264 0 11.2 46.9 7.5 2.5 2 1 3 5 5
5233.0 -11411.1 -24.0 85 0 21.5 25.2 17.5 3.5 2 0 5 4 4
5206.8 -11375.0 -23.0 175 0 26.4 21.7 17.5 3.5 2 0 5 2 2
5286.7 -11679.3 -25.8 356 0 51.5 19.2 14.0 3.5 2 0 4 1 1
5146.1 -11643.8 -28.6 357 0 20.6 64.3 17.5 3.5 2 1 5 0 0
5225.9 -11827.7 -25.6 85 0 13.5 48.4 14.0 3.5 2 0 4 4 4
5311.2 -11753.4 -24.3 85 0 19.3 18.9 14.0 0.0 0 0 4 4 4
5349.7 -11755.0 -23.3 85 0 10.8 26.8 17.5 3.5 2 1 5 4 4
5473.4 -11489.1 -24.9 173 0 47.9 87.3 17.5 0.0 0 1 5 5 5
5412.9 -11571.1 -23.8 264 0 41.9 36.7 14.0 0.0 0 0 4 1 1
5605.0 -11674.8 -21.5 174 0 32.2 8.2 10.5 0.0 0 0 3 4 4
5632.2 -11653.6 -22.4 264 0 8.1 32.2 10.5 3.5 2 1 3 1 1
5661.4 -11632.6 -22.5 265 0 8.2 51.1 10.5 3.5 2 1 3 5 5
5637.6 -11492.9 -19.3 354 0 31.9 12.9 17.5 3.5 2 0 5 0 0
5470.8 -11333.2 -26.6 83 0 8.2 21.0 10.5 3.5 2 1 3 2 2
5532.7 -11329.8 -25.3 266 0 27.0 19.0 14.0 3.5 2 0 4 1 1
5919.3 -10966.6 -25.2 1 0 35.7 18.1 14.0 0.0 0 0 4 5 5
5847.0 -10525.8 -22.1 261 0 19.8 30.6 17.5 0.0 0 1 5 0 0
5889.4 -10264.1 -20.7 0 0 16.5 14.5 17.5 3.5 2 0 5 1 1
5760.4 -10258.5 -20.5 157 0 6.7 9.3 10.5 3.5 2 1 3 0 0
5086.5 -11367.8 -19.4 126 0 41.0 19.2 17.5 3.5 2 0 5 2 2
5047.9 -11314.7 -19.6 305 0 63.2 19.0 17.5 3.5 2 0 5 3 3
5001.9 -11278.5 -21.2 306 0 41.0 19.2 17.5 3.5 4 0 5 2 2
5129.7 -11352.1 -20.1 115 0 19.2 18.1 17.5 3.5 2 0 5 5 5
5170.1 -11358.5 -21.6 89 0 18.0 19.3 17.5 3.5 2 1 5 3 3
5021.2 -11271.5 -19.3 70 0 10.5 31.2 17.5 3.5 2 1 5 3 3
5054.2 -11273.2 -18.5 340 0 31.2 10.5 17.5 3.5 2 0 5 4 4
5054.5 -11222.3 -18.7 250 0 10.1 65.9 14.0 3.5 2 1 4 1 1
4970.4 -11190.4 -20.4 260 0 13.6 49.7 17.5 3.5 2 1 5 4 4
4921.1 -11123.8 -22.0 172 0 29.8 9.8 10.5 3.5 2 0 3 0 0
4910.8 -11093.1 -22.2 173 0 17.0 11.0 17.5 0.0 0 0 5 5 5
4958.4 -11178.3 -20.9 79 0 12.7 16.5 17.5 3.5 2 1 5 5 5
4954.8 -11154.0 -21.3 79 0 12.7 16.4 17.5 3.5 2 1 5 0 0
4946.0 -11119.8 -21.6 169 0 16.5 12.7 17.5 3.5 2 0 5 0 0
4938.8 -11069.2 -22.2 259 0 12.4 32.8 17.5 3.5 2 1 5 4 4
4972.8 -11068.5 -21.7 259 0 12.4 32.8 17.5 3.5 2 1 5 2 2
4990.5 -11124.5 -21.1 349 0 32.8 12.4 17.5 3.5 2 0 5 5 5
4989.4 -11168.4 -20.6 79 0 12.7 16.5 17.5 3.5 4 1 5 4 4
5747.0 -11631.6 -25.8 173 0 56.0 20.4 17.5 3.5 2 0 5 4 4
5797.1 -11628.2 -27.4 173 0 55.9 20.4 14.0 3.5 2 0 4 2 2
5846.2 -11623.6 -29.5 173 0 55.9 20.4 14.0 3.5 2 0 4 2 2
5791.1 -11687.2 -25.7 267 0 11.9 49.9 17.5 3.5 2 1 5 2 2
5806.0 -11523.0 -25.6 264 0 74.5 27.2 17.5 0.0 0 0 5 1 1
5740.6 -11821.8 -21.5 355 0 30.9 61.5 17.5 0.0 0 1 5 4 4
5573.8 -11861.0 -24.3 353 0 42.8 30.5 17.5 3.5 2 0 5 1 1
5540.0 -11752.2 -22.3 265 0 21.8 39.9 17.5 0.0 0 1 5 3 3
5401.4 -11781.3 -23.5 266 0 8.4 32.6 10.5 3.5 4 1 3 3 3
5954.1 -11744.4 -29.1 74 0 18.5 26.4 14.0 0.0 0 1 4 4 4
5987.8 -11741.0 -30.1 148 0 20.7 20.7 14.0 3.5 2 0 4 0 0
5989.3 -11842.3 -27.8 6 0 45.2 39.7 17.5 0.0 0 0 5 2 2
5912.6 -11837.7 -26.2 97 0 18.8 51.0 17.5 3.5 2 1 5 1 1
5913.1 -11705.9 -29.2 355 0 72.0 11.2 14.0 3.5 2 0 4 3 3
5910.1 -11641.0 -30.6 355 0 43.2 12.9 14.0 3.5 2 0 4 4 4
5928.4 -11525.9 -29.0 174 0 14.6 27.7 14.0 3.5 4 1 4 0 0
5402.6 -11450.5 -28.1 265 0 24.0 10.0 14.0 3.5 4 0 4 4 4
5401.1 -11415.1 -29.0 85 0 30.3 7.6 10.5 3.5 2 0 3 0 0
6149.6 -10857.0 -26.4 96 0 16.1 17.7 10.0 2.5 2 1 4 4 4
6198.7 -10691.8 -24.8 283 0 11.1 53.4 14.0 3.5 2 1 4 2 2
6238.0 -10698.4 -26.1 279 0 10.8 51.1 14.0 3.5 2 1 4 2 2
6290.5 -10723.8 -26.7 282 0 28.0 34.0 14.0 0.0 0 1 4 0 0
6328.6 -10613.4 -23.6 8 0 49.0 14.5 17.5 3.5 4 0 5 4 4
6155.1 -11399.9 -26.6 264 0 15.3 65.8 17.5 0.0 0 1 5 2 2
6117.9 -11436.6 -27.7 174 0 65.9 15.3 17.5 3.5 4 0 5 4 4
6124.7 -11523.1 -26.8 174 0 71.1 61.2 17.5 0.0 0 0 5 4 4
6911.6 -10516.7 -5.8 212 0 23.3 99.3 14.0 0.0 0 1 4 2 2
6680.2 -10813.8 -17.8 99 0 19.5 44.5 17.5 3.5 2 1 5 5 5
6694.5 -10716.9 -14.3 279 0 19.5 44.5 17.5 3.5 2 1 5 3 3
6732.0 -10736.4 -12.0 279 0 19.5 44.5 17.5 0.0 0 1 5 3 3
6717.4 -10717.6 -7.6 102 0 20.8 21.6 14.0 3.5 2 1 4 4 4
6719.0 -10820.6 -17.6 99 0 36.8 14.7 17.5 3.5 2 0 5 3 3
6769.3 -10746.9 -12.0 279 0 19.5 44.5 17.5 3.5 4 1 5 1 1
6803.9 -10778.8 -13.4 282 0 20.8 21.6 14.0 3.5 2 1 4 2 2
6831.3 -10768.1 -10.7 189 0 44.5 19.4 14.0 3.5 2 0 4 3 3
6885.0 -10786.7 -8.9 9 0 44.5 19.4 14.0 3.5 2 0 4 5 5
6922.3 -10805.3 -9.0 73 0 19.4 44.5 14.0 3.5 2 1 4 3 3
6886.9 -10715.2 -4.8 230 0 65.7 20.2 14.0 3.5 2 0 4 4 4
6761.0 -10804.7 -16.9 282 0 20.8 21.6 17.5 3.5 2 1 5 0 0
6784.3 -10818.9 -16.3 190 0 19.5 44.3 14.0 3.5 2 1 4 3 3
6866.8 -10819.3 -12.9 273 0 65.2 20.2 14.0 3.5 2 0 4 0 0
6924.5 -10813.9 -11.7 251 0 44.3 19.5 14.0 3.5 2 0 4 2 2
5487.1 -10472.5 -21.5 267 0 31.4 100.0 17.5 0.0 0 1 5 0 0
5538.3 -10587.4 -21.5 176 0 44.7 13.5 14.0 3.5 2 0 4 3 3
5535.6 -10523.6 -21.6 177 0 62.1 13.8 14.0 3.5 2 0 4 5 5
5532.2 -10443.0 -21.5 177 0 62.1 13.8 14.0 3.5 2 0 4 1 1
5579.6 -10542.0 -21.7 86 0 13.7 48.4 14.0 3.5 2 1 4 5 5
5665.2 -10503.5 -21.8 176 0 48.4 13.7 17.5 3.5 2 0 5 5 5
5663.0 -10461.4 -21.6 176 0 28.9 13.1 17.5 3.5 2 0 5 1 1
5640.7 -10417.4 -20.7 356 0 48.4 13.8 14.0 3.5 2 0 4 2 2
5688.1 -10584.6 -21.8 356 0 42.6 13.9 17.5 3.5 2 0 5 3 3
5577.4 -10617.3 -21.3 270 0 24.7 22.7 14.0 3.5 2 0 4 2 2
5619.9 -10618.3 -21.6 270 0 24.7 22.7 14.0 3.5 2 0 4 4 4
5660.1 -10617.5 -21.7 270 0 24.7 22.7 14.0 3.5 2 0 4 4 4
5694.7 -10468.6 -21.7 176 0 172.4 22.4 14.0 0.0 0 0 4 0 0
5683.3 -10347.0 -20.3 266 0 24.7 22.7 14.0 3.5 2 0 4 5 5
5641.5 -10381.2 -20.2 86 0 24.7 22.7 14.0 3.5 2 0 4 2 2
5593.2 -10392.3 -20.2 86 0 24.7 22.7 14.0 3.5 2 0 4 1 1
5533.6 -10391.2 -20.1 176 0 22.7 24.7 14.0 3.5 2 1 4 2 2
6032.7 -10303.2 -20.7 272 0 14.7 62.1 17.5 3.5 4 1 5 0 0
6886.1 -10384.5 -15.2 293 0 63.1 17.1 10.0 2.5 2 0 4 3 3
6416.1 -10772.0 -24.4 98 0 14.1 26.4 17.5 3.5 2 1 5 5 5
6435.2 -10650.7 -23.5 279 0 14.3 78.1 17.5 3.5 2 1 5 5 5
6443.5 -10604.4 -20.4 278 0 14.1 26.4 17.5 3.5 2 1 5 2 2
6479.6 -10757.2 -21.9 9 0 46.9 11.6 17.5 3.5 2 0 5 0 0
6489.4 -10696.8 -20.5 9 0 46.9 11.6 17.5 3.5 2 0 5 4 4
6497.9 -10612.2 -19.4 279 0 11.6 46.9 17.5 0.0 0 1 5 1 1
6320.9 -10297.3 -18.4 110 0 44.6 13.4 14.0 3.5 2 0 4 3 3
6375.1 -10315.7 -17.3 110 0 44.6 13.4 14.0 3.5 2 0 4 2 2
6456.5 -10342.7 -16.0 110 0 66.1 13.0 14.0 3.5 2 0 4 2 2
6337.3 -10230.4 -18.7 292 0 14.6 34.3 14.0 3.5 2 1 4 1 1
6371.1 -10243.3 -18.1 292 0 11.9 27.3 14.0 3.5 2 1 4 4 4
6406.8 -10256.4 -17.4 292 0 11.9 27.3 14.0 3.5 2 1 4 2 2
6445.5 -10267.1 -16.6 292 0 14.6 34.3 14.0 3.5 2 1 4 1 1
6480.8 -10282.2 -15.9 294 0 13.4 30.0 14.0 3.5 2 1 4 5 5
6509.8 -10293.5 -15.3 294 0 13.4 30.0 14.0 3.5 2 1 4 5 5
