-6510.7 -12081.0 -89.7 78 0 40.6 96.5 7.5 0.0 0 1 3 3 3
-6167.6 -7433.5 -74.6 345 0 24.3 10.1 2.5 0.0 0 0 1 5 5
-6651.6 -6377.0 56.0 299 0 29.5 124.1 14.0 0.0 0 1 4 2 2
-6771.5 -6279.9 69.0 299 0 10.7 16.3 10.5 3.5 2 1 3 0 0
-5542.9 -6419.7 -61.4 179 0 20.3 16.5 12.5 2.5 2 0 5 3 3
-6347.6 -7461.5 -57.4 157 0 29.8 10.3 15.0 0.0 0 0 6 0 0
-6350.7 -7384.7 -55.7 266 0 12.9 17.7 2.5 2.5 2 1 1 1 1
-5539.0 -6130.4 -79.5 333 0 8.8 18.7 7.5 2.5 2 1 3 3 3
-5538.9 -6173.8 -76.4 1 0 7.0 17.4 5.0 2.5 2 1 2 4 4
-5538.7 -6154.4 -77.5 0 0 7.8 20.6 5.0 2.5 2 1 2 3 3
-5538.7 -6163.6 -76.6 0 0 7.0 17.1 7.5 0.0 0 1 3 4 4
-5648.1 -5799.1 -27.4 284 0 10.6 29.7 10.0 0.0 0 1 4 0 0
-5640.1 -5761.7 -12.8 13 0 20.4 5.8 5.0 2.5 2 0 2 3 3
-6057.4 -7637.0 -78.2 104 0 13.1 11.1 10.0 2.5 2 0 4 2 2
-6146.8 -7607.1 -78.8 176 0 22.0 14.1 7.5 2.5 2 0 3 5 5
-6041.3 -7592.7 -76.4 106 0 12.3 19.8 5.0 2.5 2 0 2 2 2
-3881.8 -9737.9 -81.9 266 0 45.4 30.7 10.0 0.0 0 0 4 1 1
-4314.1 -10143.2 -83.6 108 0 58.3 45.8 10.0 0.0 0 0 4 2 2
-5296.2 -8548.7 -73.4 239 0 23.8 73.9 12.5 0.0 0 1 5 1 1
-4406.9 -10069.9 -84.3 161 0 77.5 30.4 10.0 0.0 0 0 4 0 0
-4293.0 -10169.0 -82.1 287 0 56.3 25.4 10.0 2.5 2 0 4 4 4
-4435.4 -9991.2 -84.2 160 0 76.9 30.0 7.5 0.0 0 0 3 5 5
-4163.9 -10177.1 -81.6 270 0 31.0 48.3 10.0 0.0 0 1 4 0 0
-3846.3 -9601.0 -82.9 64 0 16.8 119.2 12.5 0.0 0 1 5 4 4
-4100.6 -9508.5 -83.2 230 0 60.1 32.2 10.0 0.0 0 0 4 4 4
-6031.0 -5785.9 -70.3 181 0 13.8 20.4 7.5 2.5 2 0 3 1 1
-5969.8 -5807.5 -69.4 1 0 19.2 20.7 7.5 2.5 2 0 3 2 2
-5957.3 -5755.4 -69.4 271 0 20.7 19.9 7.5 2.5 2 0 3 2 2
-6030.7 -5754.3 -70.8 181 0 19.9 21.2 7.5 0.0 0 0 3 5 5
-5999.5 -5741.1 -70.3 272 0 20.1 19.9 7.5 2.5 2 0 3 5 5
-6010.6 -5789.4 -69.9 181 0 12.0 20.7 10.0 2.5 2 0 4 1 1
-5936.8 -5789.6 -68.9 91 0 21.3 19.7 7.5 2.5 2 0 3 1 1
-5906.3 -5787.9 -68.3 1 0 19.2 20.2 10.0 2.5 2 0 4 0 0
-5874.9 -5943.5 -49.4 273 0 20.5 14.1 12.5 2.5 2 0 5 1 1
-5897.6 -5942.4 -52.4 273 0 21.2 14.1 10.0 2.5 4 0 4 2 2
-5954.5 -5815.1 -68.7 273 0 21.2 14.1 12.5 2.5 2 0 5 1 1
-5841.0 -5952.0 -45.6 92 0 20.9 15.3 10.0 2.5 2 0 4 1 1
-5931.4 -5816.0 -68.0 273 0 21.2 14.1 10.0 2.5 2 0 4 4 4
-5939.2 -5890.9 -61.4 179 0 10.3 20.8 12.5 2.5 2 1 5 1 1
-5896.0 -5899.5 -58.4 29 0 10.6 23.8 12.5 2.5 2 1 5 5 5
-6033.2 -5947.9 -68.5 183 0 21.3 14.0 12.5 2.5 4 0 5 0 0
-5962.3 -5893.8 -64.1 179 0 10.3 20.8 10.0 2.5 2 1 4 1 1
-5979.4 -5884.0 -68.5 92 0 20.9 15.3 7.5 2.5 2 0 3 5 5
-6030.7 -5896.7 -69.1 183 0 21.3 14.0 10.0 2.5 4 0 4 3 3
-6003.6 -5883.2 -69.0 92 0 20.9 15.3 10.0 2.5 2 0 4 3 3
-6260.0 -5700.8 -75.7 92 0 7.0 7.5 2.5 2.5 2 1 1 4 4
-5575.3 -6026.6 -75.1 181 0 7.7 15.5 2.5 2.5 2 0 1 4 4
-5964.7 -5948.9 -61.9 359 0 20.7 15.2 12.5 2.5 2 0 5 3 3
-5988.4 -5982.4 -61.7 90 0 20.5 15.3 12.5 2.5 2 0 5 5 5
-6012.6 -5981.6 -64.8 90 0 20.5 15.3 10.0 2.5 2 0 4 4 4
-5849.9 -7554.8 -73.1 130 0 25.9 18.4 10.0 2.5 2 0 4 5 5
-6149.8 -7402.4 -74.5 75 0 12.8 15.3 10.0 2.5 2 1 4 5 5
-5585.6 -6016.9 -58.8 15 0 6.3 10.4 5.0 2.5 2 1 2 4 4
-5589.0 -6043.8 -53.7 3 0 8.1 19.6 5.0 2.5 2 0 2 2 2
-5590.3 -6061.5 -51.3 5 0 9.0 20.2 5.0 2.5 2 0 2 5 5
-6112.8 -7330.6 -73.3 338 0 32.8 8.5 7.5 0.0 0 0 3 2 2
-5586.7 -6034.4 -56.4 8 0 9.3 19.2 2.5 2.5 2 0 1 1 1
-5585.3 -6026.0 -58.2 12 0 7.6 18.9 7.5 2.5 2 0 3 3 3
-6148.6 -7348.5 -73.8 154 0 32.1 15.2 15.0 0.0 0 0 6 0 0
-6133.3 -7314.6 -73.2 331 0 8.8 11.0 5.0 2.5 2 1 2 3 3
-5589.6 -6052.5 -52.6 4 0 8.8 19.9 7.5 2.5 2 0 3 3 3
-5561.1 -6054.9 -71.5 1 0 8.2 17.8 5.0 2.5 2 0 2 5 5
-6156.8 -7327.3 -72.4 152 0 6.6 14.8 7.5 2.5 2 1 3 2 2
-5580.2 -6008.5 -64.2 22 0 10.4 17.0 7.5 2.5 2 0 3 2 2
-5559.9 -6035.3 -74.3 1 0 9.3 15.5 2.5 2.5 2 0 1 4 4
-5568.8 -5938.8 -77.4 344 0 14.2 25.2 7.5 2.5 2 0 3 0 0
-5561.0 -6046.3 -72.5 1 0 8.9 13.8 2.5 2.5 2 0 1 2 2
-5576.9 -6001.0 -66.6 27 0 7.8 19.4 7.5 2.5 2 0 3 4 4
-6921.9 -10728.4 -75.8 151 0 10.8 17.1 4.0 2.5 2 1 1 0 0
-6779.0 -9894.2 -83.5 25 0 33.4 15.2 10.0 2.5 2 0 4 2 2
-6624.5 -5716.1 -62.4 285 0 29.9 15.9 12.5 2.5 4 0 5 3 3
-5665.2 -6649.5 -59.0 341 0 18.3 6.1 7.5 2.5 4 0 3 3 3
-6033.4 -7488.9 -74.1 235 0 14.7 14.9 10.0 2.5 2 1 4 0 0
-6014.5 -7519.0 -74.3 240 0 11.9 10.4 5.0 2.5 2 0 2 0 0
-6150.3 -7537.8 -75.9 75 0 19.7 17.3 12.5 2.5 2 0 5 2 2
-6127.6 -7629.3 -78.9 91 0 4.8 39.3 5.0 2.5 2 0 2 2 2
-6017.0 -7494.5 -73.6 57 0 11.5 13.0 5.0 2.5 2 1 2 0 0
-6683.6 -11282.6 -86.8 326 0 8.0 17.9 2.5 2.5 2 1 1 5 5
-6670.5 -11306.7 -87.7 329 0 20.9 16.4 10.0 2.5 2 0 4 0 0
-6664.7 -11327.9 -88.2 329 0 19.6 11.5 2.5 2.5 2 0 1 4 4
-6717.3 -11279.3 -87.0 240 0 15.0 9.3 5.0 2.5 2 0 2 4 4
-6692.9 -11358.3 -89.3 59 0 9.4 8.4 2.5 2.5 2 0 1 4 4
-6683.5 -11324.5 -88.4 330 0 20.6 14.1 7.5 0.0 0 0 3 3 3
-6268.4 -7609.5 -69.0 23 0 15.6 11.8 7.5 2.5 2 0 3 3 3
-6225.2 -6123.0 -65.6 342 0 15.5 28.3 12.5 2.5 2 0 5 4 4
-6148.5 -6049.9 -64.2 75 0 9.4 4.7 5.0 2.5 2 0 2 4 4
-6188.3 -6027.1 -70.0 184 0 5.9 6.9 2.5 0.0 0 1 1 5 5
-5842.0 -7505.9 -72.2 328 0 22.4 17.0 10.0 2.5 2 0 4 0 0
-6136.3 -7631.8 -79.4 86 0 11.2 10.5 7.5 2.5 2 0 3 3 3
-6141.7 -7619.8 -78.8 175 0 3.7 8.5 7.5 2.5 2 0 3 4 4
-4262.5 -10005.0 -83.2 196 0 17.3 13.6 7.5 2.5 2 0 3 5 5
-6105.8 -7631.7 -78.6 92 0 8.5 10.1 7.5 2.5 2 0 3 1 1
-6097.5 -7631.9 -78.5 91 0 8.3 10.1 7.5 2.5 2 0 3 2 2
4425.6 8331.7 33.6 111 0 34.2 7.1 5.0 2.5 2 0 2 4 4
-5525.4 -6941.3 -53.0 255 0 10.3 10.1 10.0 2.5 2 0 4 3 3
-5585.9 -6502.5 -68.1 260 0 17.0 20.2 10.0 2.5 2 1 4 4 4
-6120.4 -7600.4 -78.0 182 0 22.2 3.6 5.0 2.5 4 0 2 1 1
-5951.3 -7646.6 -77.3 111 0 6.4 14.2 5.0 2.5 2 1 2 0 0
-6004.4 -7616.2 -77.1 19 0 12.3 3.6 5.0 2.5 2 0 2 3 3
-6008.9 -7608.3 -77.1 289 0 6.5 12.3 7.5 2.5 2 0 3 0 0
-5997.3 -7621.0 -76.9 107 0 4.4 8.3 2.5 2.5 2 0 1 2 2
-5991.5 -7608.1 -76.4 111 0 4.2 11.6 7.5 2.5 2 0 3 5 5
-5966.4 -7617.9 -76.5 115 0 9.3 15.1 5.0 2.5 2 1 2 0 0
-5930.9 -7645.9 -77.1 24 0 7.2 6.4 7.5 2.5 2 0 3 4 4
-5933.5 -7636.3 -76.7 113 0 17.3 12.7 5.0 2.5 2 0 2 5 5
-5917.9 -7644.1 -76.8 117 0 4.7 11.0 2.5 2.5 2 0 1 1 1
-5920.8 -7639.9 -76.7 116 0 4.3 14.0 7.5 2.5 2 0 3 0 0
-6231.3 -7648.0 -79.5 38 0 4.4 6.8 7.5 2.5 2 0 3 1 1
-6185.7 -7510.0 -75.4 335 0 11.1 8.8 5.0 2.5 2 0 2 5 5
-6083.1 -7608.7 -78.3 358 0 41.1 5.4 5.0 2.5 4 0 2 3 3
-5963.7 -7642.3 -77.5 23 0 13.5 4.4 5.0 2.5 2 0 2 3 3
-5582.1 -6877.2 -67.6 56 0 6.2 25.4 7.5 0.0 0 1 3 4 4
-6410.9 -7439.3 -66.3 22 0 20.0 20.1 10.0 0.0 0 1 4 4 4
-6420.3 -7472.2 -70.0 12 0 37.0 19.4 10.0 0.0 0 0 4 4 4
-6194.5 -7572.3 -76.2 24 0 12.6 13.4 10.0 2.5 2 1 4 1 1
-6184.7 -7551.9 -77.0 204 0 10.2 21.0 7.5 0.0 0 0 3 2 2
-6185.4 -7632.5 -80.4 93 0 12.4 23.0 10.0 0.0 0 0 4 2 2
-6012.5 -7513.4 -74.3 60 0 40.6 13.0 12.5 2.5 4 0 5 2 2
-5602.4 -6100.2 -45.4 19 0 7.9 18.2 5.0 2.5 2 1 2 3 3
-5755.0 -5492.8 -76.8 168 0 17.4 25.5 10.0 2.5 4 1 4 3 3
-5891.8 -5645.0 -70.4 5 0 9.8 20.9 7.5 2.5 2 1 3 2 2
-6221.4 -6158.0 -62.5 251 0 14.3 13.7 5.0 2.5 2 0 2 5 5
-5905.0 -7613.2 -76.1 295 0 11.2 14.4 2.5 2.5 2 1 1 4 4
-5860.2 -7650.1 -77.8 200 0 14.7 34.7 10.0 2.5 2 1 4 0 0
-5863.2 -7668.1 -78.2 217 0 11.8 22.9 10.0 0.0 0 1 4 5 5
-6007.4 -7553.5 -74.9 29 0 4.6 8.2 5.0 2.5 2 0 2 5 5
-6002.8 -7548.8 -74.7 211 0 3.9 10.8 2.5 2.5 2 1 1 2 2
-6032.0 -7556.4 -75.6 284 0 9.3 15.3 2.5 2.5 2 1 1 0 0
-6184.9 -7556.2 -78.1 266 0 12.3 32.4 12.5 0.0 0 1 5 2 2
-6166.3 -7579.6 -77.9 263 0 6.2 7.1 5.0 2.5 4 1 2 0 0
-6184.0 -7602.3 -79.0 65 0 10.9 12.5 5.0 2.5 2 1 2 4 4
-6188.9 -7604.1 -79.5 321 0 15.7 15.3 2.5 2.5 2 0 1 5 5
-6211.9 -7609.6 -77.4 52 0 18.2 16.3 12.5 2.5 2 0 5 3 3
-5429.2 -7055.0 -56.5 342 0 9.1 20.5 7.5 2.5 2 0 3 2 2
-5440.9 -7024.0 -46.0 347 0 10.8 22.1 10.0 2.5 2 0 4 2 2
-5442.5 -6974.8 -73.3 155 0 5.6 14.0 5.0 2.5 2 1 2 5 5
-5454.1 -6953.5 -71.3 153 0 6.4 20.9 5.0 0.0 0 1 2 5 5
-5460.1 -6942.1 -61.3 154 0 6.1 10.4 5.0 2.5 2 1 2 4 4
-5452.2 -6977.0 -50.1 337 0 11.6 7.2 7.5 2.5 2 0 3 1 1
-5457.1 -6966.5 -52.2 334 0 11.3 15.6 2.5 2.5 2 0 1 2 2
-5461.5 -6958.6 -54.3 326 0 7.5 19.9 2.5 2.5 2 0 1 0 0
-5470.7 -6947.8 -55.4 318 0 6.2 10.8 2.5 2.5 2 0 1 4 4
-5499.0 -6936.0 -55.8 276 0 13.1 10.0 5.0 2.5 2 0 2 5 5
-5501.3 -6910.9 -67.8 75 0 13.5 15.4 5.0 2.5 2 0 2 1 1
-5511.3 -6915.6 -64.0 56 0 17.4 16.2 10.0 2.5 2 0 4 2 2
-6099.8 -7556.3 -76.1 2 0 7.5 7.5 2.5 2.5 2 1 1 2 2
-6396.0 -6022.2 -63.3 88 0 11.3 19.6 5.0 2.5 4 1 2 5 5
-6383.9 -6019.8 -64.2 88 0 9.7 15.2 2.5 2.5 2 1 1 5 5
-6369.2 -5990.5 -69.3 250 0 14.8 15.7 7.5 2.5 2 1 3 5 5
-6568.9 -5817.0 -62.1 166 0 10.3 12.4 7.5 2.5 2 0 3 3 3
-5913.5 -5537.0 -72.9 261 0 10.5 13.9 5.0 0.0 0 1 2 1 1
-5931.6 -5484.3 -74.3 178 0 8.5 19.3 5.0 0.0 0 1 2 4 4
-5930.3 -5463.1 -75.9 187 0 9.3 19.2 5.0 0.0 0 1 2 5 5
