-5628.3 11631.0 -15.1 171 0 158.2 79.0 14.0 0.0 0 0 4 0 0
-5298.2 11442.5 -18.9 352 0 241.7 109.3 14.0 0.0 0 0 4 1 1
-5686.5 10454.7 -17.6 233 0 72.3 111.4 14.0 0.0 0 0 4 4 4
-5217.8 11680.0 -19.6 350 0 127.5 90.7 14.0 0.0 0 0 4 2 2
-4984.0 11328.5 -17.2 192 0 347.4 67.0 17.5 0.0 0 0 5 4 4
-5183.3 11461.0 -19.2 351 0 241.0 90.7 10.5 0.0 0 0 3 3 3
-5399.4 10518.1 -17.8 214 0 113.9 45.6 17.5 0.0 0 0 5 5 5
-4889.7 11582.5 -17.8 351 0 89.9 91.4 14.0 0.0 0 1 4 3 3
-5333.6 11673.3 -18.6 351 0 150.3 110.3 14.0 0.0 0 0 4 0 0
5678.9 -2495.4 -7.4 140 0 23.7 35.4 7.5 0.0 0 1 3 1 1
-3133.1 10196.4 -12.7 196 0 17.0 21.4 10.0 0.0 0 1 4 2 2
-5313.6 10891.0 -17.5 281 0 183.6 73.8 14.0 0.0 0 0 4 4 4
-5287.7 11027.5 -17.0 12 0 72.1 81.9 10.5 0.0 0 1 3 1 1
-5274.3 11025.5 -16.7 192 0 73.7 143.1 14.0 0.0 0 1 4 2 2
-5383.0 10737.9 -16.8 102 0 176.7 74.4 14.0 0.0 0 0 4 3 3
-5233.5 10965.5 -16.9 282 0 103.5 74.4 14.0 0.0 0 0 4 5 5
-5411.3 10731.1 -17.6 281 0 144.2 74.2 14.0 0.0 0 0 4 3 3
-5695.3 11352.0 -14.5 262 0 95.0 75.9 14.0 0.0 0 0 4 0 0
-5727.6 11227.1 -13.7 171 0 76.5 96.9 14.0 0.0 0 1 4 0 0
-5155.2 11275.2 -17.4 351 0 81.1 91.1 14.0 0.0 0 0 4 5 5
-5517.2 11413.2 -15.8 351 0 8.7 84.5 10.5 3.5 2 1 3 4 4
-5279.6 11279.6 -18.3 352 0 7.5 152.5 10.5 0.0 0 1 3 1 1
-5130.0 11280.9 -15.2 172 0 80.3 90.7 14.0 0.0 0 1 4 5 5
-5482.8 11265.3 -16.2 351 0 76.3 108.3 14.0 0.0 0 1 4 1 1
-5932.8 12048.1 -15.5 82 0 133.3 70.5 10.5 0.0 0 0 3 2 2
-5989.6 12017.0 -14.2 261 0 264.9 53.7 14.0 0.0 0 0 4 4 4
-4219.6 -12783.7 -5.6 219 0 49.5 29.9 7.5 0.0 0 0 3 0 0
-4978.7 12001.5 -16.6 337 0 79.7 21.8 17.5 0.0 0 0 5 4 4
-5050.3 12073.5 -13.5 154 0 79.3 42.5 17.5 0.0 0 0 5 3 3
-5016.9 11961.8 -16.1 335 0 48.6 14.6 17.5 3.5 2 0 5 0 0
-5051.1 12038.9 -12.2 336 0 105.9 17.1 17.5 0.0 0 0 5 1 1
-4972.9 11890.6 -17.7 162 0 132.8 26.8 17.5 0.0 0 0 5 0 0
-5067.9 12213.8 -15.4 335 0 177.7 43.8 17.5 0.0 0 0 5 3 3
-5330.8 12219.7 -5.4 171 0 105.8 54.5 17.5 0.0 0 0 5 0 0
-5307.3 12328.6 -6.9 261 0 80.6 29.8 17.5 0.0 0 0 5 5 5
-5182.4 12357.3 -15.7 154 0 149.1 43.4 17.5 0.0 0 0 5 1 1
-5417.7 12504.1 -11.9 65 0 140.2 16.8 17.5 0.0 0 0 5 3 3
-5491.1 12492.2 -12.8 67 0 54.2 33.3 17.5 0.0 0 0 5 5 5
-5225.8 12182.6 -8.9 81 0 38.0 96.4 17.5 0.0 0 1 5 2 2
-5017.4 11610.2 -18.3 261 0 41.4 91.5 14.0 0.0 0 1 4 4 4
-5005.5 11854.5 -17.9 26 0 15.4 73.0 17.5 3.5 2 1 5 5 5
-4927.1 11651.6 -17.7 81 0 37.6 24.2 17.5 0.0 0 0 5 2 2
-5021.4 11907.8 -18.1 334 0 37.4 11.1 17.5 3.5 2 0 5 3 3
-5006.5 11835.1 -18.0 26 0 7.8 35.9 10.5 3.5 2 1 3 3 3
-4896.1 11696.7 -17.5 0 0 20.1 35.4 17.5 0.0 0 1 5 3 3
-1883.6 7071.0 -5.7 331 0 40.3 6.9 10.5 3.5 2 0 3 1 1
-1840.7 7004.5 -5.8 331 0 41.0 7.1 10.5 3.5 2 0 3 3 3
-1864.1 7036.6 -5.8 331 0 33.5 7.1 10.5 3.5 2 0 3 4 4
-1464.3 5944.0 -7.9 298 0 12.4 83.4 12.5 0.0 0 1 5 1 1
-4005.9 10674.0 -17.4 70 0 108.1 48.2 14.0 0.0 0 0 4 3 3
-3715.6 10381.5 -6.0 343 0 60.9 15.2 14.0 0.0 0 0 4 1 1
-3501.1 10380.1 -13.1 162 0 52.6 30.8 14.0 0.0 0 0 4 4 4
-3480.0 10314.2 -9.2 163 0 53.5 29.8 14.0 0.0 0 0 4 4 4
-3831.5 10407.1 -10.8 252 0 16.7 87.0 14.0 3.5 2 1 4 5 5
-1987.2 7822.3 -5.3 326 0 23.0 29.3 14.0 0.0 0 1 4 1 1
-3585.8 9409.2 -15.4 72 0 61.8 31.8 10.5 0.0 0 0 3 0 0
-2012.8 7719.3 -5.3 56 0 17.7 59.0 14.0 0.0 0 1 4 2 2
-3520.9 9426.2 -10.0 74 0 8.6 145.9 10.5 3.5 2 1 3 3 3
-2043.2 7703.1 -5.0 55 0 17.5 74.6 14.0 3.5 2 1 4 2 2
-3549.4 9467.0 -9.0 73 0 18.1 38.8 10.5 3.5 2 1 3 4 4
-1982.3 7734.3 -5.6 57 0 17.9 58.0 14.0 3.5 4 1 4 2 2
-3601.3 9453.5 -14.9 74 0 50.5 64.7 10.5 0.0 0 1 3 0 0
-3540.5 9443.7 -8.4 72 0 18.5 13.3 10.5 0.0 0 0 3 2 2
-1957.1 7750.7 -5.1 58 0 18.3 58.2 14.0 3.5 4 1 4 5 5
-3734.5 9657.5 -16.8 254 0 13.2 97.4 10.5 3.5 2 1 3 2 2
-3562.3 9512.2 -12.6 73 0 17.2 84.4 10.5 3.5 2 1 3 4 4
-3671.1 9544.9 -16.9 163 0 30.3 72.7 10.5 0.0 0 1 3 4 4
-4568.0 12817.6 -17.9 28 0 62.9 29.4 12.5 0.0 0 0 5 5 5
-6131.8 11328.7 -12.3 91 0 12.9 72.9 10.0 2.5 2 1 4 3 3
-1674.7 -5532.6 -9.4 280 0 53.8 35.7 10.0 0.0 0 0 4 1 1
-1850.3 -5719.3 -6.7 298 0 45.2 101.6 10.0 0.0 0 1 4 3 3
-1623.0 -5543.1 -9.5 281 0 31.5 92.0 12.5 0.0 0 1 5 4 4
-1167.3 -5670.5 -8.7 212 0 114.1 210.4 12.5 0.0 0 1 5 3 3
-4127.5 11247.9 -14.3 73 0 89.1 80.1 14.0 0.0 0 0 4 2 2
-4062.8 11419.0 -14.3 342 0 82.2 40.3 14.0 0.0 0 0 4 2 2
1281.6 9462.3 -8.7 180 0 25.9 117.9 14.0 0.0 0 1 4 4 4
1472.0 9359.4 -8.9 90 0 13.9 58.0 14.0 0.0 0 1 4 4 4
-5884.0 12257.8 -14.5 352 0 167.1 277.3 17.5 0.0 0 1 5 3 3
2119.8 -10191.9 -14.1 81 0 77.8 65.9 10.0 0.0 0 0 4 3 3
2023.0 -11075.5 -14.2 351 0 92.4 221.7 12.5 0.0 0 1 5 2 2
2096.3 -10968.2 -15.8 171 0 138.4 83.9 12.5 0.0 0 0 5 1 1
2105.6 -10757.0 -16.7 261 0 85.2 125.9 12.5 0.0 0 1 5 5 5
2292.9 -10832.6 -16.7 350 0 121.5 77.1 12.5 0.0 0 0 5 1 1
-5671.8 10894.9 -7.5 79 0 18.9 26.8 15.0 0.0 0 1 6 4 4
5349.5 -2421.0 0.5 318 0 82.7 20.5 10.0 0.0 0 0 4 3 3
-5022.6 11111.7 -13.4 193 0 54.9 16.1 17.5 3.5 2 0 5 1 1
-5010.3 11093.0 -13.3 192 0 23.8 30.8 17.5 0.0 0 0 5 3 3
-5814.6 12097.5 -7.1 171 0 64.9 21.1 17.5 3.5 2 0 5 0 0
-5751.7 12074.1 -8.1 81 0 53.3 63.7 17.5 0.0 0 1 5 2 2
-5704.0 12083.3 -9.1 81 0 23.1 58.9 17.5 3.5 2 1 5 5 5
-5671.9 12085.3 -10.2 82 0 23.0 63.2 17.5 3.5 2 1 5 3 3
-5821.9 12181.3 -9.6 170 0 56.8 52.1 17.5 0.0 0 0 5 5 5
-5755.3 12190.6 -9.9 172 0 56.0 45.8 17.5 0.0 0 0 5 3 3
-5656.5 12207.2 -10.6 351 0 65.5 46.9 17.5 0.0 0 0 5 3 3
-5632.9 12213.7 -10.9 347 0 65.7 14.7 17.5 3.5 2 0 5 5 5
-5681.4 12361.5 -13.9 352 0 14.9 17.9 17.5 3.5 2 1 5 5 5
-5703.7 12485.7 -15.2 260 0 17.9 56.5 17.5 3.5 2 1 5 1 1
-5789.2 12442.7 -17.3 260 0 28.7 160.3 17.5 0.0 0 1 5 3 3
-5853.7 12398.5 -17.6 171 0 41.2 50.7 17.5 0.0 0 1 5 0 0
-6048.0 11745.8 -11.7 172 0 72.1 81.1 14.0 0.0 0 1 4 1 1
-5927.8 11726.4 -10.6 81 0 47.5 69.3 14.0 0.0 0 1 4 4 4
-5818.6 11780.2 -12.3 351 0 70.9 79.4 14.0 0.0 0 1 4 4 4
-1880.9 6025.5 -6.5 78 0 23.5 16.2 14.0 3.5 2 0 4 2 2
-1911.4 6019.5 -6.5 78 0 23.5 16.2 14.0 3.5 2 0 4 0 0
-1955.3 6020.1 -6.4 168 0 16.2 23.5 14.0 3.5 2 1 4 3 3
-1897.1 6143.7 -6.7 348 0 16.2 23.5 14.0 3.5 2 1 4 0 0
-1945.4 6141.6 -6.8 258 0 23.5 16.2 14.0 3.5 2 0 4 4 4
-1991.1 6124.6 -7.0 168 0 16.2 23.5 14.0 3.5 2 1 4 3 3
-1877.9 6077.9 -6.2 348 0 16.2 23.5 14.0 3.5 2 1 4 0 0
-1937.7 6066.0 -6.3 168 0 16.2 23.5 14.0 3.5 2 1 4 5 5
-1976.8 6059.9 -6.6 168 0 16.2 23.5 14.0 3.5 2 1 4 1 1
-5599.8 10655.4 -11.2 111 0 7.7 27.8 10.5 3.5 2 1 3 3 3
-1652.7 5223.7 -7.6 209 0 8.2 9.1 10.5 3.5 2 1 3 5 5
-1547.4 5537.3 -8.1 217 0 10.0 15.7 10.5 3.5 2 1 3 1 1
-1467.6 5552.6 -8.0 213 0 10.5 14.5 14.0 3.5 2 1 4 0 0
-1491.9 5523.7 -7.9 217 0 8.3 13.6 10.5 3.5 2 1 3 3 3
-1525.9 5479.3 -7.9 215 0 8.1 9.6 10.5 0.0 0 1 3 2 2
-1540.4 5443.3 -8.0 225 0 8.2 8.4 10.5 0.0 0 1 3 2 2
-1521.1 5397.7 -8.1 29 0 10.8 13.7 14.0 3.5 2 1 4 4 4
-1559.1 5408.3 -8.0 212 0 7.2 8.1 10.5 0.0 0 1 3 5 5
-1564.5 5398.3 -8.1 211 0 7.8 8.3 10.5 3.5 2 1 3 3 3
-1587.0 5376.3 -8.1 32 0 9.6 15.0 10.5 3.5 2 1 3 5 5
-1614.2 5328.3 -8.1 32 0 9.6 10.7 10.5 3.5 4 1 3 0 0
-1602.6 5289.1 -8.1 206 0 6.8 11.1 10.5 3.5 2 1 3 2 2
-1619.8 5247.2 -7.8 212 0 9.1 12.3 10.5 3.5 2 1 3 5 5
-1623.9 5274.4 -8.0 216 0 7.7 8.8 10.5 3.5 2 1 3 4 4
-1660.6 5202.2 -7.4 210 0 7.4 8.7 10.5 3.5 2 1 3 3 3
-1680.5 5161.8 -7.0 194 0 7.6 9.2 10.5 3.5 2 1 3 2 2
-1549.0 5429.1 -8.0 219 0 7.5 8.8 10.5 0.0 0 1 3 5 5
311.4 -6746.5 -7.1 212 0 44.8 15.3 27.5 2.5 4 0 11 5 5
369.7 -6789.3 -7.1 33 0 32.8 13.5 27.5 0.0 0 0 11 3 3
410.7 -6710.5 -7.0 302 0 12.8 30.2 27.5 0.0 0 1 11 4 4
373.9 -6722.7 -6.7 303 0 14.9 44.5 42.5 2.5 2 1 17 0 0
2787.1 -10614.1 -13.6 80 0 65.3 197.1 10.0 0.0 0 1 4 4 4
3186.6 -11452.8 -11.8 354 0 42.4 16.9 7.5 2.5 2 0 3 0 0
3541.1 -3003.0 -8.5 224 0 25.5 96.8 15.0 0.0 0 1 6 1 1
3670.9 -3017.8 -9.1 47 0 28.2 92.0 10.0 0.0 0 1 4 5 5
3704.0 -2916.0 -9.3 319 0 68.5 23.0 10.0 2.5 2 0 4 5 5
3703.0 -2540.8 -5.4 322 0 61.7 10.8 7.5 2.5 4 0 3 2 2
-2231.7 -5419.0 -7.1 281 0 55.4 15.9 10.0 2.5 2 0 4 1 1
-4351.9 -6372.8 -6.3 206 0 54.5 23.6 12.5 2.5 2 0 5 5 5
