3159.0 10501.6 -2.3 176 0 46.8 119.1 10.5 0.0 0 1 3 3 3
3139.3 10562.0 -4.6 176 0 48.9 136.5 10.5 0.0 0 1 3 5 5
-3833.0 -907.3 0.8 89 0 207.3 84.7 17.5 0.0 0 0 5 5 5
-3206.1 -448.0 -1.9 270 0 189.0 191.2 17.5 0.0 0 1 5 1 1
-2309.1 -4036.0 3.0 6 0 27.7 170.4 17.5 0.0 0 1 5 3 3
-3159.1 -1400.8 -0.4 271 0 131.2 85.2 14.0 0.0 0 0 4 0 0
-3312.9 -1535.5 -0.0 180 0 146.3 70.8 14.0 0.0 0 0 4 1 1
-3276.9 -13.9 -0.3 270 0 37.4 63.8 14.0 0.0 0 1 4 4 4
-3509.9 -2272.4 -5.5 276 0 131.7 73.5 14.0 0.0 0 0 4 4 4
-3149.8 -1602.8 0.1 90 0 108.0 72.7 14.0 0.0 0 0 4 2 2
-2838.5 -5527.2 0.7 292 0 158.9 180.1 14.0 0.0 0 1 4 0 0
-2778.7 -4495.9 9.5 215 0 35.8 53.2 14.0 0.0 0 1 4 3 3
-2580.8 -3931.2 2.1 175 0 95.4 80.2 17.5 0.0 0 0 5 0 0
-2717.8 -5444.2 -1.1 25 0 98.3 14.9 14.0 3.5 2 0 4 4 4
-2813.2 -5516.7 -1.2 98 0 12.4 62.2 14.0 3.5 2 1 4 3 3
-2801.7 -5405.9 -2.7 190 0 69.3 19.0 14.0 3.5 2 0 4 0 0
2251.1 -11964.3 -6.1 125 0 81.1 86.3 14.0 0.0 0 1 4 5 5
2221.6 -11789.0 -8.5 212 0 91.1 177.9 14.0 0.0 0 1 4 1 1
-6222.0 -12108.5 -14.9 296 0 57.9 17.3 10.0 2.5 4 0 4 3 3
455.1 8299.7 -9.5 132 0 55.4 142.0 17.5 0.0 0 1 5 5 5
-6328.0 172.0 -0.4 273 0 32.8 129.4 14.0 0.0 0 1 4 1 1
-6331.7 116.2 -0.5 270 0 110.1 17.7 14.0 0.0 0 0 4 0 0
-3344.3 -197.7 1.0 90 0 22.5 125.6 14.0 0.0 0 1 4 3 3
-3193.8 -128.8 -2.0 358 0 28.6 130.4 14.0 0.0 0 1 4 2 2
3129.7 7939.0 -4.0 275 0 24.3 54.6 28.0 3.5 2 1 8 2 2
3135.7 7931.9 -3.1 275 0 10.7 6.8 3.5 3.5 2 0 1 4 4
-3719.1 10933.2 -11.2 243 0 118.5 31.1 12.5 0.0 0 0 5 5 5
-6727.1 -8363.3 -11.2 274 0 86.8 103.0 14.0 0.0 0 1 4 3 3
-6710.7 -8350.1 -12.4 95 0 79.9 80.9 14.0 0.0 0 1 4 5 5
-5892.5 -8455.1 -12.9 283 0 109.2 187.2 17.5 0.0 0 1 5 0 0
-5953.9 -8336.8 -11.7 192 0 174.6 78.6 14.0 0.0 0 0 4 2 2
-5855.8 -8226.7 -9.6 279 0 69.9 41.4 17.5 0.0 0 0 5 5 5
-5733.5 -8585.9 -10.1 12 0 157.6 112.4 14.0 0.0 0 0 4 4 4
-5461.4 -8450.1 -4.0 14 0 66.2 15.1 14.0 3.5 2 0 4 3 3
-5434.5 -8316.6 -2.7 285 0 15.1 78.9 14.0 3.5 2 1 4 2 2
-5688.7 -7332.5 -21.3 269 0 53.6 44.0 14.0 0.0 0 0 4 5 5
-5952.7 -7292.9 -1.8 275 0 46.4 39.3 14.0 0.0 0 0 4 5 5
-5995.2 -7289.2 -1.8 277 0 28.8 40.6 14.0 0.0 0 1 4 3 3
-5536.7 -6696.4 -2.3 332 0 30.9 69.6 14.0 0.0 0 1 4 4 4
-6138.0 -5830.2 -1.7 182 0 36.7 80.7 14.0 0.0 0 1 4 0 0
-6250.7 -5292.1 3.4 13 0 28.2 29.6 17.5 0.0 0 1 5 4 4
-4385.6 -3377.1 4.1 80 0 58.9 44.0 17.5 0.0 0 0 5 0 0
-3243.8 -4042.2 2.4 120 0 63.2 91.3 17.5 0.0 0 1 5 1 1
-2976.5 -4282.9 2.8 94 0 41.4 91.0 17.5 0.0 0 1 5 5 5
-3021.6 -4236.0 8.6 184 0 32.8 18.1 17.5 3.5 2 0 5 5 5
-2611.1 -4700.9 8.9 55 0 20.2 185.3 14.0 0.0 0 1 4 2 2
-6517.1 -2243.2 0.9 360 0 16.5 83.7 14.0 3.5 2 1 4 1 1
-3361.8 -1536.9 -0.3 360 0 123.3 16.2 14.0 0.0 0 0 4 5 5
-2680.9 961.3 2.4 111 0 16.4 124.2 10.0 0.0 0 1 4 0 0
6522.2 -8408.4 -4.2 32 0 67.9 80.3 14.0 0.0 0 1 4 3 3
6304.9 -9101.0 -8.3 317 0 163.4 20.9 14.0 0.0 0 0 4 0 0
6201.0 -8982.6 -9.5 318 0 140.8 22.0 14.0 0.0 0 0 4 5 5
5983.6 -8753.2 -11.5 226 0 19.7 93.0 14.0 0.0 0 1 4 5 5
5934.1 -8790.3 -11.6 45 0 92.5 177.2 10.5 0.0 0 1 3 0 0
6698.6 -7806.7 -7.1 100 0 175.1 138.9 10.5 0.0 0 0 3 3 3
6304.5 -7919.1 -3.8 129 0 54.6 96.4 10.5 0.0 0 1 3 1 1
2685.7 8284.8 -3.3 189 0 13.1 26.6 14.0 3.5 2 1 4 5 5
-5006.9 -12334.6 -9.9 183 0 77.5 59.6 17.5 0.0 0 0 5 2 2
-6141.0 -12820.7 -14.4 1 0 245.2 212.0 14.0 0.0 0 0 4 0 0
-3236.3 908.1 0.3 308 0 37.8 96.4 14.0 0.0 0 1 4 0 0
-3573.1 -1445.7 -2.4 0 0 116.7 137.6 14.0 0.0 0 1 4 2 2
-5090.6 -1370.7 4.4 281 0 73.2 60.9 14.0 0.0 0 0 4 0 0
-6566.0 -1532.4 -12.2 90 0 116.4 134.1 17.5 0.0 0 1 5 2 2
-2320.9 11240.4 -8.7 338 0 21.3 14.9 14.0 3.5 4 0 4 2 2
-1987.5 -4554.7 3.8 270 0 62.7 117.1 14.0 0.0 0 1 4 2 2
6063.1 8509.7 -5.5 141 0 23.3 13.9 14.0 3.5 2 0 4 3 3
-3397.5 -969.2 -2.3 90 0 12.9 23.7 14.0 3.5 2 1 4 1 1
-3481.1 -825.3 -3.6 269 0 44.9 57.1 17.5 0.0 0 1 5 1 1
-3384.1 -3836.6 1.7 298 0 28.1 11.9 17.5 3.5 2 0 5 4 4
-2787.3 -4203.8 0.6 192 0 76.5 54.1 17.5 0.0 0 0 5 3 3
5014.7 -5913.9 -2.2 209 0 30.7 44.2 14.0 0.0 0 1 4 4 4
-6070.1 3220.4 -3.7 176 0 91.8 52.7 17.5 0.0 0 0 5 5 5
-2760.2 1048.3 2.9 109 0 170.6 110.9 12.5 0.0 0 0 5 1 1
1657.4 -2382.1 -1.0 227 0 207.8 357.8 17.5 0.0 0 1 5 1 1
6559.5 -8352.6 -4.4 99 0 16.2 25.3 10.5 3.5 2 1 3 1 1
-965.6 2118.7 -1.7 269 0 69.3 69.6 15.0 0.0 0 1 6 0 0
5844.0 6839.9 -5.2 277 0 104.2 69.7 14.0 0.0 0 0 4 4 4
-3009.1 -240.6 -2.9 270 0 69.3 82.4 17.5 0.0 0 1 5 3 3
-2241.8 10722.1 -4.0 180 0 70.6 28.7 14.0 0.0 0 0 4 4 4
-2096.7 10423.6 -9.0 90 0 17.2 30.6 14.0 3.5 2 1 4 5 5
2722.5 3878.4 0.7 255 0 31.0 33.3 14.0 0.0 0 1 4 1 1
-321.5 10822.9 -7.8 69 0 72.5 119.9 10.5 0.0 0 1 3 3 3
6442.3 -5148.9 -7.9 267 0 33.9 66.0 14.0 0.0 0 1 4 4 4
5487.4 -5615.2 5.0 13 0 45.0 48.6 14.0 0.0 0 1 4 1 1
5569.6 -5571.2 5.7 194 0 33.9 69.9 10.5 0.0 0 1 3 1 1
6009.5 10073.1 -10.6 245 0 76.1 105.3 14.0 0.0 0 1 4 3 3
1375.4 11902.1 -9.4 170 0 56.1 55.2 10.0 0.0 0 0 4 5 5
-3309.8 12135.6 -8.3 46 0 27.6 15.3 14.0 3.5 2 0 4 2 2
-3358.9 11031.8 -9.1 270 0 62.1 21.0 14.0 3.5 2 0 4 3 3
-3299.6 11119.9 -9.0 175 0 103.1 29.4 10.5 0.0 0 0 3 2 2
-2836.0 12036.6 -3.4 243 0 36.9 59.0 14.0 0.0 0 1 4 5 5
1152.6 8424.5 0.6 285 0 71.0 93.8 14.0 0.0 0 1 4 0 0
1665.4 8335.2 -3.5 304 0 51.0 61.5 17.5 0.0 0 1 5 3 3
1909.3 8045.0 9.2 126 0 51.7 66.4 17.5 0.0 0 1 5 2 2
1152.8 -5274.9 -2.7 357 0 133.4 139.3 14.0 0.0 0 1 4 5 5
3163.8 2667.6 -4.2 2 0 171.8 182.9 14.0 0.0 0 1 4 4 4
3176.2 2664.1 -4.2 182 0 175.5 196.5 14.0 0.0 0 1 4 1 1
-2019.3 -2767.8 1.0 185 0 102.4 66.3 17.5 0.0 0 0 5 0 0
-1753.8 -2778.8 -0.6 294 0 26.6 104.0 17.5 0.0 0 1 5 3 3
-1940.7 -3595.8 0.2 186 0 104.8 23.9 17.5 0.0 0 0 5 2 2
-2358.7 -3284.4 0.9 125 0 74.3 23.3 17.5 0.0 0 0 5 4 4
269.4 7470.2 -3.0 257 0 51.8 61.2 14.0 0.0 0 1 4 2 2
6378.6 7574.0 3.1 259 0 42.9 18.4 14.0 3.5 2 0 4 5 5
