4106.9 -11331.8 -15.1 132 0 110.1 64.6 12.5 0.0 0 0 5 4 4
4071.8 -11372.6 -13.9 311 0 110.2 65.6 10.0 0.0 0 0 4 0 0
2016.3 -7071.6 -9.1 357 0 54.8 31.3 12.5 0.0 0 0 5 5 5
1114.4 4066.2 1.1 267 0 7.4 16.7 2.5 2.5 2 1 1 4 4
1145.5 4068.0 0.7 267 0 7.5 16.7 2.5 0.0 0 1 1 3 3
1068.8 4097.2 1.5 246 0 14.8 28.5 5.0 2.5 2 1 2 3 3
1099.2 4097.8 1.2 246 0 14.8 28.5 12.5 2.5 2 1 5 0 0
1130.5 4099.9 0.9 244 0 14.8 28.5 10.0 2.5 2 1 4 1 1
1159.0 4100.3 0.6 178 0 37.3 14.0 10.0 2.5 2 0 4 4 4
1196.8 4072.6 0.1 267 0 7.5 16.7 2.5 2.5 2 1 1 2 2
1227.4 4074.2 -0.3 266 0 7.4 16.7 2.5 2.5 2 1 1 4 4
1285.9 4081.9 -1.3 176 0 15.7 24.6 7.5 0.0 0 1 3 3 3
1335.6 4064.1 -1.7 88 0 11.7 15.9 5.0 2.5 2 0 2 5 5
1361.6 4097.2 -1.9 268 0 6.6 15.3 2.5 0.0 0 1 1 3 3
1295.3 4102.0 -0.8 86 0 14.2 20.8 10.0 2.5 4 1 4 0 0
1320.2 4103.5 -1.2 87 0 6.9 20.4 7.5 2.5 4 1 3 1 1
1357.2 4106.0 -1.6 86 0 14.2 20.8 10.0 2.5 2 1 4 2 2
1382.4 4107.7 -2.0 87 0 6.9 20.4 7.5 2.5 2 1 3 4 4
1055.6 4168.5 0.0 87 0 7.0 18.6 2.5 2.5 2 0 1 1 1
1063.5 4197.1 0.1 357 0 17.6 12.7 5.0 2.5 2 0 2 2 2
1062.6 4215.5 0.5 357 0 17.3 12.6 5.0 2.5 2 0 2 3 3
1052.2 4242.1 0.9 267 0 12.6 18.1 5.0 2.5 2 0 2 5 5
1111.1 4199.8 -0.4 177 0 18.8 12.7 5.0 2.5 2 0 2 3 3
1112.6 4245.6 0.1 267 0 12.7 18.1 5.0 2.5 4 1 2 0 0
1110.3 4218.3 -0.4 177 0 18.2 12.6 5.0 2.5 2 0 2 0 0
1115.9 4172.0 -0.1 87 0 7.0 18.6 2.5 2.5 2 1 1 5 5
1091.7 4171.1 -0.2 88 0 11.7 23.2 12.5 2.5 2 0 5 4 4
1093.4 4205.6 -0.2 357 0 22.5 11.8 7.5 2.5 2 0 3 1 1
1088.1 4239.3 0.3 267 0 6.9 22.6 7.5 2.5 2 0 3 5 5
1153.9 4259.8 0.1 357 0 17.7 12.7 5.0 2.5 2 0 2 1 1
1152.8 4278.3 0.6 357 0 17.4 12.7 5.0 2.5 2 0 2 2 2
1151.8 4296.5 0.8 357 0 17.4 12.7 5.0 2.5 2 0 2 4 4
1138.2 4314.0 0.6 176 0 18.0 12.7 5.0 2.5 2 0 2 0 0
1176.3 4254.4 -0.3 87 0 7.0 18.8 5.0 2.5 2 1 2 4 4
1171.3 4282.1 0.2 177 0 18.3 12.7 5.0 2.5 2 0 2 3 3
1170.2 4300.4 0.6 176 0 18.3 12.8 2.5 2.5 2 0 1 0 0
1114.5 4262.4 0.9 86 0 10.3 19.2 2.5 0.0 0 0 1 1 1
1118.8 4291.5 1.1 356 0 16.2 13.1 2.5 0.0 0 0 1 0 0
1111.0 4316.3 0.8 271 0 13.7 16.5 5.0 2.5 2 0 2 3 3
1213.4 4277.6 -0.5 358 0 23.2 11.9 10.0 2.5 2 0 4 0 0
1212.3 4300.5 0.1 356 0 22.5 12.0 7.5 2.5 2 0 3 5 5
1211.4 4314.5 0.3 358 0 6.3 21.2 5.0 2.5 2 0 2 1 1
1244.8 4261.1 -1.1 88 0 11.9 23.2 7.5 0.0 0 1 3 3 3
1234.6 4295.1 -0.6 176 0 21.2 11.8 10.0 2.5 2 0 4 5 5
1233.4 4317.5 -0.0 177 0 21.7 11.9 7.5 2.5 4 0 3 2 2
1309.1 4314.5 -1.2 177 0 18.4 12.7 5.0 2.5 2 0 2 4 4
1310.1 4296.2 -1.7 177 0 18.3 12.7 5.0 2.5 4 0 2 5 5
1311.2 4277.6 -1.7 177 0 18.8 12.7 2.5 2.5 2 0 1 2 2
1354.5 4299.3 -2.1 358 0 16.4 12.9 5.0 2.5 2 0 2 3 3
1353.5 4277.9 -2.1 358 0 23.2 11.8 7.5 2.5 2 0 3 3 3
1370.1 4264.5 -1.7 177 0 18.8 12.7 7.5 2.5 4 0 3 3 3
1369.1 4283.0 -2.1 177 0 18.3 12.7 2.5 2.5 2 0 1 1 1
1366.2 4328.9 -1.8 177 0 18.3 12.7 5.0 2.5 4 0 2 3 3
1367.2 4310.3 -2.2 177 0 18.8 12.7 5.0 2.5 2 0 2 4 4
1412.4 4263.6 -1.7 357 0 23.1 12.0 10.0 2.5 2 0 4 1 1
1411.3 4286.7 -2.2 358 0 23.3 12.1 7.5 2.5 2 0 3 3 3
1410.1 4312.9 -2.4 357 0 16.3 13.1 2.5 2.5 2 0 1 1 1
1409.4 4331.0 -2.2 357 0 14.1 13.3 5.0 2.5 2 0 2 4 4
1164.3 4137.6 0.4 86 0 14.8 34.2 10.0 2.5 2 0 4 4 4
1246.7 4189.8 -0.3 177 0 29.4 14.5 7.5 0.0 0 0 3 5 5
1252.8 4237.3 -1.0 267 0 12.5 31.6 12.5 0.0 0 0 5 1 1
1311.5 4162.1 -0.6 358 0 21.5 17.3 7.5 0.0 0 0 3 0 0
1306.7 4193.7 -0.5 357 0 27.3 14.5 10.0 0.0 0 0 4 2 2
1298.3 4240.5 -1.1 267 0 12.5 31.6 10.0 0.0 0 1 4 3 3
1422.9 4162.3 -2.0 15 0 19.1 10.9 5.0 2.5 2 0 2 2 2
1434.9 4201.2 -1.9 14 0 18.9 21.4 12.5 0.0 0 0 5 4 4
1452.1 4271.7 -2.0 7 0 20.5 21.1 5.0 0.0 0 0 2 2 2
1454.2 4300.4 -2.6 4 0 21.4 21.0 10.0 0.0 0 0 4 0 0
1578.4 4107.4 -3.2 9 0 26.2 9.3 7.5 2.5 2 0 3 2 2
1582.5 4133.8 -3.3 9 0 27.2 9.2 7.5 2.5 2 0 3 5 5
1586.7 4159.2 -3.4 10 0 24.3 9.0 7.5 2.5 2 0 3 2 2
1587.9 4196.0 -3.6 278 0 9.0 24.4 7.5 2.5 2 0 3 4 4
1618.4 4211.7 -3.8 264 0 22.3 24.1 7.5 0.0 0 1 3 4 4
1659.4 4216.3 -4.0 264 0 22.3 24.1 7.5 0.0 0 1 3 5 5
1699.5 4220.4 -4.2 265 0 22.3 24.1 10.0 0.0 0 1 4 3 3
1609.6 4109.1 -3.4 173 0 22.1 13.0 10.0 2.5 2 0 4 1 1
1610.4 4134.2 -3.5 190 0 22.0 13.2 10.0 2.5 2 0 4 3 3
1618.2 4158.0 -3.6 204 0 21.8 13.0 7.5 2.5 2 0 3 4 4
1654.8 4124.6 -3.5 265 0 13.0 22.1 7.5 0.0 0 1 3 3 3
1695.5 4128.7 -3.7 264 0 13.0 20.9 10.0 2.5 2 0 4 2 2
1688.1 4138.9 -3.8 175 0 21.7 13.0 7.5 2.5 2 0 3 2 2
1752.9 4122.2 -4.0 2 0 22.1 23.0 7.5 0.0 0 0 3 4 4
1737.2 4173.8 -4.2 93 0 13.8 25.1 7.5 0.0 0 1 3 4 4
1743.2 4223.7 -4.4 265 0 24.2 23.5 10.0 2.5 2 0 4 3 3
1818.8 4179.2 -4.5 184 0 17.2 13.9 2.5 2.5 2 0 1 3 3
1820.0 4193.4 -4.6 184 0 8.2 14.1 7.5 2.5 2 1 3 2 2
1816.9 4140.2 -4.4 180 0 28.4 14.4 12.5 2.5 2 0 5 1 1
1877.2 4100.9 -4.5 83 0 10.0 28.1 7.5 2.5 2 1 3 5 5
1891.6 4116.7 -4.5 353 0 28.1 10.0 10.0 2.5 2 0 4 1 1
1902.4 4118.3 -4.6 353 0 28.1 10.0 7.5 2.5 2 0 3 4 4
1892.8 4145.6 -4.7 91 0 9.7 12.5 5.0 2.5 2 1 2 3 3
1874.2 4170.0 -4.7 273 0 9.8 10.9 7.5 2.5 2 1 3 1 1
1862.1 4173.6 -4.6 273 0 11.0 11.5 7.5 2.5 2 1 3 3 3
1863.4 4188.0 -4.7 275 0 11.0 11.5 5.0 0.0 0 1 2 0 0
1840.0 4181.1 -4.6 273 0 11.0 11.4 7.5 2.5 2 1 3 2 2
-4824.5 -9346.4 -14.0 294 0 228.4 110.1 5.0 0.0 0 0 2 5 5
-4710.6 -10032.8 -10.5 292 0 180.7 111.0 12.5 0.0 0 0 5 3 3
-4720.9 -6405.3 -5.3 0 0 93.2 197.9 12.5 0.0 0 1 5 5 5
-942.1 -10425.6 -9.9 223 0 142.0 334.4 10.0 0.0 0 1 4 3 3
-4587.3 -9451.4 -14.1 294 0 221.1 108.3 7.5 0.0 0 0 3 3 3
-4865.4 -9908.9 -12.8 111 0 165.3 139.2 10.0 0.0 0 0 4 5 5
-4723.2 -6301.0 -5.3 359 0 68.0 194.0 10.0 0.0 0 1 4 5 5
-3502.1 -5244.0 -9.3 96 0 41.4 92.1 12.5 0.0 0 1 5 1 1
6061.9 11374.5 -13.1 194 0 23.7 83.5 12.5 0.0 0 1 5 3 3
5166.3 10852.7 -6.7 44 0 17.6 103.8 7.5 0.0 0 1 3 0 0
5887.5 11182.3 -11.1 195 0 45.4 86.3 7.5 0.0 0 1 3 1 1
6051.6 11338.1 -12.2 194 0 23.5 84.9 7.5 0.0 0 1 3 4 4
6925.7 10857.5 -12.7 280 0 48.1 57.5 10.5 0.0 0 1 3 4 4
5872.4 11126.0 -11.4 196 0 53.4 84.7 7.5 0.0 0 1 3 2 2
6107.8 11230.3 -11.3 14 0 35.0 81.4 7.5 0.0 0 1 3 0 0
6040.1 11298.8 -11.5 194 0 37.5 83.4 7.5 0.0 0 1 3 3 3
6047.6 11006.1 -11.9 15 0 56.4 85.0 10.0 0.0 0 1 4 0 0
6094.3 11182.7 -11.2 15 0 37.4 82.6 5.0 0.0 0 1 2 4 4
6330.2 11049.5 -13.3 17 0 44.2 80.8 5.0 0.0 0 1 2 3 3
6693.9 11670.1 -13.1 101 0 51.9 57.1 14.0 0.0 0 1 4 0 0
6126.4 8646.9 -8.3 106 0 22.4 109.5 12.5 0.0 0 1 5 5 5
6316.7 11245.3 -12.0 106 0 18.9 98.2 7.5 0.0 0 1 3 1 1
6220.4 11271.2 -12.3 106 0 47.6 81.8 12.5 0.0 0 1 5 3 3
6170.1 11476.5 -15.6 14 0 24.7 41.3 12.5 0.0 0 1 5 5 5
5486.3 10721.3 -9.8 291 0 39.1 123.2 7.5 0.0 0 1 3 1 1
5927.9 9862.2 -10.2 203 0 55.0 18.5 7.5 0.0 0 0 3 0 0
6316.1 10971.7 -13.1 16 0 97.9 76.2 10.0 0.0 0 0 4 3 3
6338.1 10097.8 -8.6 105 0 38.2 21.0 10.0 0.0 0 0 4 2 2
5991.0 11393.5 -13.5 285 0 83.9 48.5 12.5 0.0 0 0 5 2 2
5207.2 10695.3 -8.7 206 0 37.4 61.1 12.5 0.0 0 1 5 4 4
5135.0 10980.7 -6.6 219 0 73.0 99.9 7.5 0.0 0 1 3 5 5
6115.4 8207.9 -5.5 33 0 10.8 58.0 7.5 0.0 0 1 3 3 3
6861.8 7479.3 -7.0 315 0 53.2 19.8 12.5 2.5 2 0 5 5 5
6073.8 11416.2 -14.0 195 0 27.3 83.5 12.5 0.0 0 1 5 0 0
4940.3 10851.3 -7.4 129 0 33.0 130.2 12.5 0.0 0 1 5 2 2
5947.6 10960.7 -11.6 194 0 58.6 82.7 7.5 0.0 0 1 3 5 5
6745.5 10187.1 -9.0 9 0 27.2 17.1 12.5 2.5 2 0 5 4 4
6670.9 11389.2 -7.5 15 0 38.8 21.8 7.5 0.0 0 0 3 3 3
6697.7 10121.6 -9.1 100 0 24.6 53.3 10.0 2.5 2 1 4 2 2
1261.9 7866.6 -2.0 49 0 45.1 27.7 7.5 0.0 0 0 3 5 5
-6676.2 4787.3 -3.3 289 0 34.0 233.6 7.5 0.0 0 1 3 5 5
-6327.8 -11776.8 -13.1 116 0 30.0 50.2 12.5 0.0 0 1 5 3 3
