-5936.3 -6055.9 -13.9 273 0 32.2 14.8 5.0 2.5 2 0 2 1 1
-1658.1 -1692.9 8.7 176 0 205.5 120.0 14.0 0.0 0 0 4 4 4
-4421.2 -9707.2 -18.0 240 0 80.8 109.2 10.0 0.0 0 1 4 0 0
-6916.3 -8041.7 -17.8 155 0 22.5 29.3 17.5 0.0 0 1 5 5 5
-3124.3 8356.9 -13.4 295 0 12.3 6.0 10.5 3.5 2 0 3 2 2
-3647.5 3833.8 -4.7 12 0 39.3 27.5 7.5 0.0 0 0 3 5 5
295.7 -12654.2 -15.9 144 0 26.7 24.8 10.5 0.0 0 0 3 4 4
443.9 -12702.7 -13.3 226 0 24.4 49.2 14.0 3.5 2 1 4 4 4
559.0 -12631.0 -16.3 58 0 16.3 23.9 10.5 3.5 2 1 3 1 1
-2605.5 -9840.7 -7.1 309 0 29.0 94.6 14.0 0.0 0 1 4 1 1
-2638.3 -10227.2 -17.4 220 0 43.0 42.1 7.5 0.0 0 0 3 2 2
780.4 -2265.9 -1.5 247 0 42.6 79.0 10.5 0.0 0 1 3 1 1
-5423.0 -9111.4 -10.9 343 0 85.6 143.0 14.0 0.0 0 1 4 4 4
-5363.2 -9147.1 -9.2 163 0 32.1 29.7 14.0 0.0 0 0 4 4 4
-4817.4 -10253.6 -17.5 250 0 39.9 20.4 14.0 0.0 0 0 4 0 0
337.0 -12716.8 -13.7 141 0 27.4 29.0 10.5 0.0 0 1 3 4 4
-6824.3 -9964.8 -11.9 92 0 43.2 16.4 10.0 2.5 2 0 4 2 2
131.6 6891.0 -9.6 273 0 44.8 34.3 14.0 0.0 0 0 4 3 3
-2374.8 -6299.5 -2.8 51 0 32.7 32.2 10.5 0.0 0 0 3 0 0
