1475.4 -8242.6 -16.8 184 0 70.4 468.4 7.5 0.0 0 1 3 3 3
1623.2 -8150.1 -17.7 184 0 87.5 329.7 12.5 0.0 0 1 5 1 1
2123.0 -8151.4 -14.4 185 0 43.8 90.7 5.0 0.0 0 1 2 2 2
-371.2 -10176.1 -9.5 213 0 53.0 23.6 12.5 2.5 2 0 5 4 4
2001.7 -8405.0 -18.4 185 0 96.3 471.8 10.0 0.0 0 1 4 5 5
2153.5 -8218.0 -15.8 275 0 270.4 101.8 10.0 0.0 0 0 4 5 5
2025.9 -8105.1 -14.6 185 0 68.9 75.2 12.5 0.0 0 1 5 3 3
77.8 -8833.5 -15.8 249 0 228.7 17.8 10.0 0.0 0 0 4 0 0
1973.2 -8477.7 -18.0 5 0 29.3 58.1 12.5 0.0 0 1 5 0 0
-587.6 -7044.6 11.6 261 0 12.5 25.2 12.5 2.5 2 1 5 3 3
-598.7 -7145.9 8.3 330 0 12.2 10.6 7.5 2.5 4 0 3 1 1
-4392.1 -8022.9 -16.7 287 0 72.8 50.2 12.5 0.0 0 0 5 2 2
-6634.9 -5371.2 2.9 218 0 9.4 21.5 5.0 2.5 2 1 2 5 5
-6572.3 -5284.9 5.0 147 0 11.7 19.4 2.5 2.5 2 1 1 3 3
-661.3 -8976.3 -16.4 69 0 73.5 18.1 15.0 2.5 2 0 6 5 5
31.0 -8827.2 -15.6 159 0 9.6 156.4 7.5 2.5 2 1 3 1 1
139.1 -8874.0 -16.5 339 0 14.3 156.5 12.5 0.0 0 1 5 5 5
-58.5 -9017.3 -16.5 107 0 62.3 29.9 10.0 0.0 0 0 4 3 3
1913.4 -8495.0 -17.9 186 0 15.0 58.1 12.5 2.5 2 1 5 5 5
2335.1 -8187.5 -14.2 2 0 10.4 12.2 8.0 2.5 2 1 2 3 3
2390.8 -8334.2 -15.9 93 0 21.7 13.6 7.5 2.5 2 0 3 5 5
1261.3 -8399.0 -16.6 4 0 57.6 17.3 15.0 2.5 2 0 6 4 4
658.4 -8458.0 -11.4 250 0 38.5 11.0 10.0 2.5 2 0 4 2 2
623.2 -8471.5 -11.8 248 0 12.6 9.6 8.0 2.5 2 0 2 0 0
-249.8 -8919.3 -13.2 85 0 30.6 11.6 10.0 2.5 2 0 4 0 0
-621.2 -9044.6 -14.4 66 0 55.9 9.7 7.5 2.5 4 0 3 4 4
-709.7 -9040.3 -14.0 249 0 15.2 8.6 8.0 2.5 2 0 2 0 0
1180.9 -8389.8 -18.3 6 0 51.6 12.7 10.0 2.5 2 0 4 0 0
1082.8 -8430.0 -16.7 93 0 13.7 77.7 7.5 2.5 2 1 3 2 2
1465.3 -8458.3 -18.2 95 0 17.5 10.4 8.0 2.5 2 0 2 1 1
-310.1 -8958.1 -14.9 0 0 50.5 13.3 12.5 2.5 2 0 5 3 3
-362.5 -8947.4 -15.3 221 0 21.5 26.9 12.5 2.5 2 1 5 2 2
796.1 -8553.9 -16.7 249 0 29.6 11.4 7.5 2.5 2 0 3 4 4
1436.1 -8289.8 -15.1 96 0 21.3 11.7 4.0 0.0 0 0 1 5 5
2265.9 -8115.0 -13.6 182 0 21.7 12.7 5.0 2.5 2 0 2 4 4
1979.5 -8346.6 -16.7 5 0 7.3 41.9 7.5 0.0 0 1 3 5 5
2324.1 -8295.2 -15.8 4 0 60.0 20.0 12.5 2.5 2 0 5 5 5
547.1 -8543.8 -19.0 250 0 25.4 15.9 12.5 2.5 2 0 5 0 0
-5960.9 -11785.4 -26.0 131 0 18.9 120.8 17.5 0.0 0 1 7 0 0
-1990.7 10287.7 -19.8 65 0 18.2 103.9 10.0 0.0 0 1 4 2 2
-1987.3 10648.8 -20.4 64 0 102.1 26.0 7.5 0.0 0 0 3 4 4
-1964.5 10713.5 -20.6 336 0 25.4 100.2 10.0 0.0 0 1 4 4 4
-2096.4 10876.3 -21.5 245 0 25.0 96.3 10.0 0.0 0 1 4 3 3
-2064.2 10890.0 -21.3 245 0 25.1 96.1 12.5 0.0 0 1 5 2 2
-2145.1 10584.5 -20.4 66 0 62.8 25.9 7.5 0.0 0 0 3 3 3
-2134.9 10639.9 -20.8 337 0 25.7 57.0 5.0 2.5 2 1 2 5 5
-2103.5 10244.7 -19.4 69 0 107.6 25.3 12.5 0.0 0 0 5 2 2
-2170.9 10268.4 -19.3 159 0 24.6 106.2 12.5 0.0 0 1 5 1 1
-2185.5 10298.5 -19.2 159 0 24.6 106.0 10.0 0.0 0 1 4 4 4
-2199.1 10330.7 -19.1 159 0 24.5 105.3 10.0 0.0 0 1 4 0 0
-2169.2 10392.6 -19.1 249 0 105.7 25.1 12.5 0.0 0 0 5 4 4
-1979.8 10349.3 -19.9 336 0 100.1 16.9 7.5 0.0 0 0 3 1 1
-2033.6 10271.6 -19.8 68 0 30.7 14.1 10.0 2.5 2 0 4 2 2
-2026.9 10296.9 -19.8 66 0 11.2 38.9 10.0 2.5 2 1 4 1 1
-2075.9 10356.7 -19.5 248 0 10.3 26.7 10.0 2.5 2 1 4 4 4
-2089.6 10387.3 -19.4 247 0 9.2 23.9 8.0 2.5 2 1 2 3 3
-2104.3 10420.2 -19.3 248 0 9.5 25.8 8.0 2.5 2 1 2 2 2
-2082.7 10430.1 -19.7 245 0 13.1 42.9 10.0 2.5 2 1 4 3 3
-2103.1 10735.1 -21.2 154 0 36.2 35.5 10.0 0.0 0 0 4 1 1
-2024.8 10907.8 -20.8 244 0 25.0 93.2 12.5 0.0 0 1 5 0 0
-2227.6 10550.8 -19.9 67 0 42.3 19.0 7.5 2.5 2 0 3 2 2
-2304.6 10551.9 -20.0 157 0 26.4 51.9 7.5 0.0 0 0 3 5 5
-2233.6 10568.9 -20.1 68 0 40.8 23.8 5.0 0.0 0 0 2 4 4
-2294.7 10594.5 -20.8 157 0 44.7 75.4 12.5 0.0 0 0 5 3 3
-2308.2 10626.1 -21.1 156 0 25.0 74.7 7.5 0.0 0 0 3 1 1
-2318.4 10648.4 -21.4 154 0 24.2 74.7 7.5 0.0 0 0 3 2 2
-2149.1 10670.2 -21.2 337 0 20.8 38.7 7.5 0.0 0 1 3 0 0
-2160.7 10698.7 -21.5 333 0 20.3 38.0 7.5 0.0 0 1 3 2 2
-2161.4 10723.1 -21.6 336 0 17.5 66.0 7.5 0.0 0 1 3 0 0
-2180.9 10748.0 -22.2 335 0 29.0 52.4 10.0 0.0 0 1 4 1 1
-2377.5 10824.8 -23.6 76 0 17.3 37.2 7.5 2.5 2 0 3 3 3
-2360.0 10829.5 -23.6 74 0 19.4 37.6 10.0 0.0 0 0 4 2 2
-2335.4 10836.3 -23.4 74 0 31.3 37.6 7.5 0.0 0 0 3 5 5
-2349.2 10816.7 -23.3 78 0 67.1 15.4 10.0 2.5 2 0 4 2 2
-2444.8 10902.0 -23.8 162 0 82.4 20.9 10.0 0.0 0 0 4 3 3
-2407.2 10925.9 -23.4 255 0 17.8 54.6 12.5 2.5 2 1 5 2 2
-2379.2 10932.0 -23.5 254 0 19.5 54.1 10.0 2.5 2 1 4 2 2
-2336.0 10914.6 -23.4 346 0 55.7 17.2 12.5 2.5 2 0 5 4 4
-2246.9 10870.7 -22.9 346 0 34.8 29.4 12.5 0.0 0 0 5 2 2
-2358.1 10687.2 -21.9 154 0 57.4 19.6 10.0 2.5 4 0 4 4 4
-2328.9 10731.2 -22.1 246 0 20.1 56.1 12.5 2.5 2 1 5 2 2
-2578.9 10445.2 -19.0 157 0 31.6 110.2 12.5 0.0 0 1 5 3 3
-2594.2 10494.3 -19.6 156 0 63.2 113.6 12.5 0.0 0 1 5 1 1
-2569.8 10589.6 -20.3 157 0 56.4 70.4 10.0 0.0 0 1 4 2 2
-2625.0 10643.8 -19.8 156 0 56.6 18.5 10.0 2.5 2 0 4 5 5
-2533.6 10684.9 -20.8 336 0 56.1 71.9 10.0 0.0 0 1 4 3 3
-2374.3 10609.2 -20.6 336 0 35.8 124.1 15.0 0.0 0 1 6 1 1
-2368.9 10560.7 -20.0 337 0 45.2 107.3 7.5 0.0 0 1 3 4 4
-2387.3 10467.0 -19.3 67 0 108.0 46.2 7.5 0.0 0 0 3 5 5
-2486.8 10424.6 -18.6 68 0 93.3 32.0 15.0 0.0 0 0 6 5 5
-1935.1 10450.1 -19.7 245 0 65.3 10.9 7.5 2.5 2 0 3 3 3
-1856.9 10485.9 -19.3 242 0 77.7 10.4 10.0 2.5 2 0 4 0 0
-1872.3 10395.4 -19.3 334 0 73.8 34.5 5.0 0.0 0 0 2 1 1
-1921.3 10303.9 -19.4 158 0 17.1 67.5 10.0 2.5 2 1 4 1 1
-1771.4 10213.2 -22.6 68 0 57.4 118.7 12.5 0.0 0 1 5 0 0
-1896.6 10239.2 -20.8 156 0 103.9 18.7 10.0 0.0 0 0 4 1 1
-1558.0 9945.9 -20.9 335 0 131.4 63.5 12.5 0.0 0 0 5 1 1
-484.9 9765.5 -19.3 326 0 23.4 95.4 10.0 0.0 0 1 4 0 0
-1109.8 -1553.6 0.4 63 0 21.9 19.1 14.0 3.5 2 0 4 3 3
-1103.4 -1457.7 0.3 293 0 22.6 72.5 14.0 0.0 0 1 4 2 2
-5444.3 -12621.0 -23.0 169 0 170.7 23.4 10.0 0.0 0 0 4 1 1
-5783.0 -11631.2 -21.8 237 0 39.9 8.1 7.5 2.5 2 0 3 5 5
-5784.3 -11624.8 -22.0 57 0 39.9 8.1 7.5 2.5 2 0 3 3 3
-5800.0 -11607.3 -22.1 57 0 39.8 7.6 7.5 2.5 2 0 3 3 3
-289.5 276.7 -2.1 273 0 47.5 46.0 10.0 0.0 0 0 4 0 0
-2473.3 8691.6 -20.0 72 0 87.5 21.7 12.5 0.0 0 0 5 3 3
-531.8 9748.0 -19.3 56 0 99.6 19.6 10.0 0.0 0 0 4 0 0
-2430.8 8705.1 -18.6 253 0 48.5 17.2 10.0 2.5 2 0 4 3 3
1692.5 10708.7 -21.0 84 0 86.6 20.0 12.5 0.0 0 0 5 2 2
1710.8 10730.7 -20.7 84 0 51.4 21.2 10.0 2.5 2 0 4 5 5
5410.8 10102.5 -25.2 156 0 14.7 73.9 10.0 2.5 2 0 4 4 4
5463.5 10108.6 -24.7 246 0 52.5 19.5 10.0 2.5 2 0 4 3 3
-5950.5 -11404.8 -24.4 327 0 123.8 18.1 10.0 0.0 0 0 4 3 3
-5752.6 -6474.8 -11.4 267 0 16.7 124.9 12.5 0.0 0 1 5 3 3
-6448.2 -5198.4 0.2 129 0 16.6 124.5 15.0 0.0 0 1 6 0 0
-1666.1 -1914.7 -5.3 182 0 14.8 120.4 14.0 0.0 0 1 4 5 5
-5971.8 -10610.8 -26.2 147 0 34.2 45.2 12.5 0.0 0 1 5 1 1
-5989.1 -10496.4 -24.5 327 0 51.6 25.9 15.0 0.0 0 0 6 0 0
-6077.6 -10937.1 -24.6 234 0 95.6 40.1 12.5 0.0 0 0 5 2 2
-6745.0 -10859.3 -22.8 182 0 47.5 21.9 7.5 2.5 2 0 3 0 0
-6672.0 -10703.3 -22.7 292 0 32.6 31.2 7.5 0.0 0 0 3 1 1
-3986.0 -4923.0 10.0 168 0 314.5 292.4 12.5 0.0 0 0 5 2 2
354.4 9306.6 -20.6 159 0 18.9 11.6 2.5 0.0 0 0 1 1 1
346.0 9327.7 -20.5 159 0 18.9 11.6 5.0 2.5 2 0 2 1 1
371.0 9262.4 -20.8 159 0 18.9 11.6 2.5 2.5 2 0 1 5 5
410.2 9273.5 -20.7 159 0 18.9 11.5 5.0 2.5 2 0 2 4 4
392.9 9317.4 -20.6 159 0 18.9 11.6 5.0 2.5 2 0 2 2 2
385.1 9339.1 -20.5 159 0 18.9 11.5 2.5 2.5 4 0 1 4 4
398.7 9270.6 -20.8 338 0 18.9 11.5 5.0 2.5 2 0 2 5 5
410.5 9349.1 -20.5 338 0 18.9 11.6 5.0 2.5 2 0 2 4 4
341.8 9304.3 -20.6 338 0 18.9 11.5 5.0 2.5 2 0 2 1 1
372.5 9335.9 -20.5 338 0 18.9 11.6 5.0 2.5 2 0 2 4 4
421.5 9352.0 -20.5 158 0 16.2 11.6 5.0 2.5 2 0 2 0 0
294.1 9319.0 -20.6 338 0 16.2 11.6 7.5 2.5 2 0 3 4 4
308.4 9299.8 -20.6 314 0 18.9 11.6 2.5 2.5 2 0 1 4 4
290.1 9435.1 -20.2 340 0 22.4 11.1 2.5 2.5 2 0 1 1 1
299.2 9409.4 -20.3 340 0 22.4 11.1 2.5 2.5 2 0 1 3 3
306.9 9372.9 -20.3 70 0 11.2 22.5 2.5 2.5 2 1 1 0 0
286.5 9367.6 -20.4 160 0 22.4 11.1 5.0 2.5 2 0 2 1 1
277.8 9391.1 -20.3 160 0 22.5 11.1 2.5 2.5 2 0 1 3 3
267.8 9417.1 -20.2 160 0 22.4 11.1 5.0 2.5 2 0 2 5 5
255.4 9451.6 -20.1 160 0 22.5 11.1 2.5 2.5 4 0 1 0 0
245.5 9477.4 -20.1 161 0 22.5 11.1 5.0 2.5 2 0 2 2 2
270.1 9486.2 -20.0 340 0 22.4 11.1 2.5 2.5 2 0 1 0 0
280.8 9460.9 -20.1 340 0 22.4 11.1 5.0 2.5 2 0 2 2 2
330.7 9380.9 -20.3 70 0 11.2 22.5 5.0 2.5 2 1 2 5 5
315.1 9405.6 -20.3 161 0 22.5 11.1 5.0 2.5 2 0 2 5 5
305.1 9430.8 -20.2 160 0 22.5 11.1 2.5 2.5 4 0 1 0 0
293.3 9464.7 -20.1 161 0 22.5 11.1 5.0 2.5 2 0 2 3 3
286.0 9483.4 -20.0 160 0 22.4 11.1 5.0 0.0 0 0 2 2 2
335.9 9422.1 -20.3 340 0 22.4 11.1 2.5 2.5 2 0 1 4 4
343.6 9386.6 -20.3 70 0 11.2 22.5 2.5 2.5 2 1 1 0 0
325.9 9447.4 -20.2 340 0 22.4 11.1 5.0 2.5 2 0 2 2 2
316.6 9474.1 -20.1 340 0 22.4 11.1 2.5 2.5 2 0 1 1 1
297.8 9508.7 -20.0 250 0 11.0 22.5 5.0 2.5 2 1 2 0 0
263.2 9394.2 -20.3 340 0 22.4 11.1 5.0 2.5 2 0 2 0 0
272.3 9371.1 -20.4 340 0 22.4 11.1 2.5 2.5 2 0 1 3 3
253.2 9419.4 -20.2 340 0 22.4 11.1 2.5 2.5 2 0 1 5 5
243.9 9446.1 -20.2 340 0 22.4 11.1 5.0 2.5 2 0 2 5 5
234.1 9472.0 -20.1 340 0 22.4 11.1 5.0 2.5 2 0 2 3 3
241.6 9501.5 -20.0 70 0 11.2 22.5 2.5 2.5 2 1 1 3 3
224.3 9532.9 -19.9 161 0 22.5 11.1 5.0 2.5 2 0 2 5 5
248.6 9541.6 -19.9 340 0 22.4 11.1 2.5 2.5 2 0 1 2 2
255.4 9506.5 -19.9 70 0 11.2 22.5 5.0 2.5 4 1 2 4 4
262.9 9538.7 -19.8 160 0 22.5 11.1 7.5 2.5 4 0 3 5 5
277.7 9514.5 -19.9 70 0 11.1 22.5 5.0 0.0 0 1 2 0 0
334.0 9468.4 -20.1 161 0 22.5 11.1 5.0 2.5 2 0 2 2 2
344.7 9438.6 -20.2 160 0 22.4 11.1 5.0 2.5 2 0 2 0 0
350.3 9423.3 -20.2 161 0 22.5 11.1 5.0 2.5 2 0 2 5 5
367.6 9392.0 -20.3 70 0 11.2 22.5 5.0 2.5 2 1 2 4 4
366.6 9455.0 -20.2 340 0 22.4 11.1 5.0 2.5 2 0 2 3 3
374.8 9432.7 -20.2 340 0 22.4 11.1 5.0 2.5 2 0 2 2 2
381.6 9397.6 -20.3 71 0 11.2 22.5 7.5 2.5 2 1 3 5 5
394.3 9417.2 -20.3 161 0 15.2 11.1 7.5 2.5 2 0 3 5 5
-784.9 10722.3 -16.8 117 0 19.5 74.0 7.5 2.5 2 1 3 4 4
-700.9 9901.9 -19.8 333 0 140.2 106.5 12.5 0.0 0 0 5 1 1
-328.3 739.8 -7.7 93 0 13.9 23.8 17.5 0.0 0 1 5 1 1
5924.9 12095.7 -19.9 343 0 11.9 12.3 5.0 2.5 2 1 2 0 0
5927.2 12123.1 -20.1 166 0 11.6 13.2 5.0 2.5 4 1 2 5 5
5955.8 12158.4 -20.4 254 0 10.6 12.6 2.5 2.5 2 1 1 2 2
5951.1 12176.1 -20.4 255 0 10.9 14.8 7.5 0.0 0 1 3 2 2
5940.2 12165.8 -20.3 257 0 11.0 13.7 2.5 2.5 2 1 1 0 0
6032.9 12096.3 -20.6 346 0 9.2 10.7 5.0 2.5 2 1 2 5 5
6014.6 12136.5 -20.6 352 0 14.5 14.8 5.0 2.5 2 1 2 0 0
5985.6 12164.3 -20.6 257 0 8.6 12.7 2.5 2.5 2 1 1 4 4
5970.6 12161.5 -20.5 255 0 10.8 12.3 7.5 2.5 4 1 3 4 4
5968.5 12141.6 -20.4 261 0 11.3 11.0 2.5 2.5 4 0 1 3 3
6008.7 12113.6 -20.5 349 0 16.3 11.1 5.0 2.5 2 0 2 0 0
6012.0 11990.4 -20.1 267 0 14.3 10.9 5.0 0.0 0 0 2 3 3
5894.1 12048.5 -19.6 346 0 5.2 12.1 7.5 2.5 4 1 3 2 2
6022.7 11710.5 -20.3 175 0 5.8 7.2 5.0 2.5 2 1 2 1 1
6023.2 11719.7 -20.2 175 0 7.5 7.7 5.0 2.5 2 1 2 1 1
6021.5 11729.8 -20.1 178 0 9.5 7.7 5.0 2.5 2 0 2 3 3
5987.3 11857.9 -19.5 0 0 9.1 5.3 2.5 2.5 2 0 1 0 0
6004.3 11857.9 -19.6 174 0 7.2 7.1 7.5 0.0 0 0 3 0 0
6015.6 11886.7 -19.8 175 0 6.2 8.3 7.5 2.5 2 1 3 1 1
6005.2 11849.8 -19.6 174 0 6.4 7.6 5.0 2.5 2 1 2 1 1
6007.7 11817.1 -19.5 171 0 6.9 7.8 7.5 2.5 4 1 3 3 3
6049.7 11805.8 -19.7 182 0 12.3 11.5 5.0 2.5 2 0 2 3 3
6089.0 11759.5 -19.8 283 0 5.0 6.5 2.5 2.5 2 1 1 2 2
6112.6 11753.1 -19.9 284 0 8.5 6.9 5.0 2.5 2 0 2 5 5
6099.8 11756.6 -19.8 284 0 14.6 7.4 7.5 2.5 2 0 3 5 5
6095.8 11731.5 -19.8 81 0 14.6 10.9 7.5 2.5 2 0 3 1 1
6076.7 11724.6 -19.9 82 0 12.7 10.3 5.0 2.5 2 0 2 0 0
6075.1 11746.4 -19.8 263 0 12.2 9.5 5.0 2.5 2 0 2 2 2
6072.0 11757.2 -19.7 262 0 11.6 10.2 7.5 0.0 0 0 3 3 3
6055.5 11755.4 -19.8 263 0 9.8 10.2 5.0 0.0 0 1 2 3 3
6035.7 11734.6 -20.0 179 0 11.1 12.3 5.0 0.0 0 1 2 5 5
6059.4 11718.4 -20.0 81 0 10.9 11.3 2.5 2.5 2 1 1 2 2
6017.3 11994.2 -20.1 357 0 6.0 10.3 2.5 2.5 2 1 1 5 5
5990.9 12010.7 -20.1 270 0 7.6 7.2 2.5 2.5 2 0 1 4 4
5989.4 11979.8 -20.0 176 0 9.3 12.8 5.0 2.5 2 1 2 1 1
5994.0 11946.0 -19.9 180 0 7.8 6.4 7.5 2.5 2 0 3 2 2
6004.9 11947.4 -20.0 168 0 9.8 11.1 5.0 2.5 2 1 2 5 5
6028.7 11975.4 -20.2 271 0 11.4 10.1 5.0 2.5 2 0 2 0 0
6060.8 12009.1 -20.5 91 0 10.6 11.9 5.0 2.5 2 1 2 2 2
6063.5 12044.5 -20.6 355 0 10.1 11.5 7.5 0.0 0 1 3 4 4
6056.4 12063.1 -20.6 349 0 12.2 11.1 5.0 2.5 2 0 2 1 1
6050.0 12072.7 -20.6 348 0 4.9 7.7 7.5 2.5 2 1 3 3 3
5982.2 12036.9 -20.1 177 0 7.7 8.3 7.5 2.5 2 1 3 3 3
5990.4 12055.7 -20.3 178 0 8.2 12.2 7.5 2.5 2 1 3 3 3
5981.4 12046.7 -20.1 177 0 6.9 7.5 7.5 2.5 2 1 3 3 3
5981.3 12055.8 -20.2 180 0 7.3 7.3 2.5 2.5 2 1 1 2 2
5970.0 12076.0 -20.2 82 0 7.7 6.8 5.0 2.5 4 0 2 4 4
5950.0 12101.0 -20.1 172 0 7.5 8.3 5.0 2.5 2 1 2 4 4
5906.7 12175.6 -20.1 348 0 6.3 9.5 7.5 2.5 2 1 3 3 3
5917.3 12123.1 -20.0 347 0 9.1 8.5 5.0 2.5 2 0 2 0 0
-6893.7 -5169.4 -7.3 165 0 37.1 20.6 12.5 0.0 0 0 5 3 3
4685.5 4026.2 -11.6 71 0 14.7 14.6 5.0 2.5 2 0 2 2 2
-379.3 -10577.4 -17.5 242 0 11.8 19.3 5.0 2.5 2 1 2 4 4
-394.4 -10584.8 -17.5 244 0 11.5 19.4 5.0 2.5 2 1 2 1 1
-408.4 -10593.0 -17.4 243 0 11.5 19.2 5.0 2.5 2 1 2 3 3
-199.5 -10025.8 -14.9 312 0 8.8 10.3 7.5 0.0 0 1 3 5 5
-234.1 -10167.6 -11.0 312 0 13.9 17.2 7.5 2.5 2 1 3 3 3
-73.6 -10088.2 -14.5 228 0 13.8 10.9 5.0 2.5 2 0 2 0 0
14.3 -10031.8 -19.3 246 0 10.9 10.4 2.5 2.5 2 0 1 0 0
53.9 -10018.0 -19.9 253 0 12.1 10.0 5.0 2.5 2 0 2 4 4
-94.0 -10107.0 -13.0 226 0 13.1 11.9 5.0 2.5 2 0 2 2 2
-221.0 -10192.7 -11.1 46 0 15.3 11.8 5.0 2.5 2 0 2 3 3
-438.1 -10607.9 -17.4 242 0 11.2 19.4 5.0 2.5 4 1 2 5 5
-451.5 -10615.3 -17.3 245 0 11.2 18.1 7.5 2.5 2 1 3 1 1
-466.1 -10622.7 -17.3 246 0 10.9 17.7 5.0 2.5 2 1 2 5 5
776.9 -9774.6 -19.7 237 0 9.9 8.5 5.0 2.5 2 0 2 5 5
838.9 -9823.1 -17.2 147 0 10.6 9.5 5.0 2.5 2 0 2 5 5
-152.3 -10533.0 -18.1 134 0 11.0 10.8 5.0 2.5 2 0 2 1 1
-175.6 -10494.5 -17.8 154 0 9.2 9.3 2.5 0.0 0 1 1 3 3
-188.8 -10463.9 -17.5 156 0 10.1 8.8 5.0 2.5 2 0 2 4 4
28.0 -9838.5 -20.5 216 0 9.3 7.9 5.0 2.5 2 0 2 5 5
43.6 -9815.9 -20.8 218 0 8.8 7.3 2.5 0.0 0 0 1 5 5
67.6 -9817.2 -21.1 294 0 9.6 8.7 5.0 2.5 2 0 2 4 4
92.6 -9825.3 -21.4 292 0 8.7 9.6 7.5 2.5 2 1 3 0 0
121.5 -9835.1 -21.7 290 0 8.1 10.6 5.0 2.5 2 1 2 2 2
151.1 -9851.4 -22.1 199 0 8.2 8.0 5.0 2.5 2 0 2 3 3
213.0 -9869.1 -22.8 291 0 9.6 9.6 2.5 2.5 2 1 1 3 3
225.0 -9873.2 -22.9 292 0 8.1 10.3 5.0 2.5 2 1 2 0 0
-295.0 -10064.2 -14.0 216 0 19.0 14.9 12.5 2.5 2 0 5 3 3
18.3 -9855.8 -20.3 214 0 9.3 8.5 2.5 2.5 2 0 1 2 2
0.6 -9882.7 -19.9 211 0 9.7 7.4 5.0 2.5 2 0 2 1 1
-179.6 -10264.6 -13.4 346 0 14.1 14.1 10.0 2.5 2 0 4 1 1
-190.2 -10237.6 -12.5 338 0 14.2 13.3 10.0 2.5 2 0 4 5 5
-259.7 -10005.3 -17.8 206 0 24.2 10.9 10.0 2.5 2 0 4 2 2
-112.2 -10114.5 -13.3 217 0 14.5 15.1 7.5 2.5 4 1 3 1 1
-138.0 -10145.7 -17.4 281 0 18.3 17.5 12.5 2.5 2 0 5 4 4
-162.3 -10141.0 -17.4 295 0 19.0 16.6 12.5 2.5 4 0 5 3 3
-182.3 -10130.5 -17.2 301 0 19.0 16.8 10.0 2.5 2 0 4 2 2
-170.8 -10110.2 -16.7 123 0 12.1 12.8 7.5 2.5 2 1 3 4 4
-148.0 -10122.2 -16.0 95 0 10.4 15.0 7.5 2.5 2 1 3 0 0
-203.0 -10107.6 -17.0 332 0 19.8 13.8 10.0 2.5 2 0 4 4 4
-214.2 -10087.0 -17.4 330 0 19.1 14.4 7.5 2.5 2 0 3 0 0
-1637.1 -10958.0 -17.6 150 0 31.6 40.4 10.0 0.0 0 1 4 0 0
-1018.9 -10707.6 -15.1 181 0 11.4 9.8 2.5 2.5 2 0 1 4 4
-2174.3 -10959.0 -15.8 356 0 69.1 15.5 12.5 2.5 2 0 5 0 0
-6478.5 -4811.1 -3.2 328 0 219.2 231.1 10.0 0.0 0 1 4 4 4
-6760.3 -4669.7 1.3 327 0 55.3 42.0 10.0 0.0 0 0 4 3 3
-6757.4 -4736.9 1.7 144 0 37.1 20.7 12.5 0.0 0 0 5 3 3
-5948.0 -11389.5 -23.6 55 0 19.8 123.8 7.5 0.0 0 1 3 0 0
-3801.0 -4601.0 14.8 1 0 205.4 165.2 12.5 0.0 0 0 5 3 3
-3693.8 -4932.5 9.0 0 0 42.2 34.8 10.0 0.0 0 0 4 5 5
-3627.3 -5949.5 -11.5 88 0 256.0 63.4 10.0 0.0 0 0 4 5 5
-3597.5 -6599.8 -9.1 177 0 112.1 98.2 10.0 0.0 0 0 4 4 4
-4582.2 -4637.2 0.6 289 0 108.3 83.5 12.5 0.0 0 0 5 2 2
-3693.8 -5038.9 13.0 0 0 50.9 35.7 10.0 0.0 0 0 4 2 2
-3695.0 -4982.5 9.4 359 0 44.5 35.1 7.5 0.0 0 0 3 2 2
-1927.8 -3585.6 2.2 329 0 70.0 59.9 12.5 0.0 0 0 5 4 4
1684.7 -1680.0 -5.9 360 0 10.9 12.1 14.0 3.5 2 1 4 0 0
1684.4 -1666.7 -6.0 360 0 10.9 12.1 14.0 3.5 2 1 4 4 4
1723.0 -1707.7 -6.1 360 0 10.9 12.1 14.0 3.5 2 1 4 0 0
1722.7 -1680.6 -6.4 360 0 10.9 12.1 14.0 3.5 2 1 4 0 0
1722.5 -1666.9 -6.5 360 0 10.9 12.1 14.0 3.5 2 1 4 5 5
1697.0 -1707.0 -5.9 180 0 10.9 12.1 14.0 0.0 0 1 4 5 5
1696.7 -1667.2 -6.3 180 0 10.9 12.1 14.0 3.5 4 1 4 3 3
1697.1 -1720.6 -5.8 180 0 10.9 12.1 14.0 3.5 2 1 4 1 1
1696.5 -1653.2 -6.4 180 0 10.9 12.1 14.0 3.5 2 1 4 1 1
1658.5 -1720.6 -5.3 180 0 10.9 12.1 14.0 3.5 2 1 4 3 3
1658.3 -1693.7 -5.5 180 0 10.9 12.1 14.0 3.5 2 1 4 0 0
1658.0 -1653.9 -5.9 180 0 10.9 12.1 14.0 3.5 2 1 4 0 0
1646.7 -1769.6 -5.1 360 0 10.9 12.1 14.0 3.5 2 1 4 3 3
1647.1 -1821.9 -4.6 360 0 10.9 12.1 14.0 0.0 0 1 4 5 5
1641.2 -1840.6 -4.5 90 0 12.1 10.9 14.0 3.5 2 0 4 2 2
1646.7 -1756.8 -5.3 360 0 10.9 12.1 14.0 3.5 2 1 4 2 2
1620.4 -1769.6 -5.4 180 0 10.9 12.1 14.0 3.5 4 1 4 4 4
1620.5 -1756.9 -5.5 180 0 10.9 12.1 14.0 3.5 2 1 4 5 5
1685.3 -1794.8 -4.8 360 0 10.9 12.1 14.0 3.5 2 1 4 3 3
1685.4 -1808.0 -4.6 360 0 10.9 12.1 14.0 3.5 2 1 4 5 5
1659.1 -1795.3 -4.6 180 0 10.9 12.1 14.0 3.5 4 1 4 3 3
1659.2 -1808.5 -4.4 180 0 10.9 12.1 14.0 3.5 2 1 4 4 4
1658.8 -1769.4 -4.8 180 0 10.9 12.1 14.0 3.5 2 1 4 2 2
1659.0 -1782.7 -4.7 180 0 10.9 12.1 14.0 3.5 2 1 4 2 2
1723.8 -1819.5 -4.7 360 0 11.9 12.1 14.0 3.5 2 1 4 1 1
1717.8 -1839.6 -4.6 90 0 12.1 11.0 14.0 3.5 2 0 4 1 1
1723.4 -1757.9 -5.5 360 0 10.9 12.1 14.0 0.0 0 1 4 1 1
1723.7 -1789.2 -5.0 360 0 13.0 12.1 14.0 3.5 2 0 4 0 0
1697.7 -1782.4 -5.1 180 0 10.9 12.1 14.0 3.5 2 1 4 5 5
1697.7 -1795.0 -4.9 180 0 10.9 12.1 14.0 3.5 2 1 4 4 4
1697.8 -1821.5 -4.6 180 0 10.9 12.1 14.0 3.5 2 1 4 2 2
2124.8 -1510.3 -6.5 3 0 9.4 10.8 10.5 3.5 2 1 3 5 5
2101.8 -1507.6 -6.3 181 0 9.2 9.1 10.5 3.5 4 0 3 0 0
2102.8 -1482.8 -5.7 181 0 8.8 7.6 10.5 3.5 2 0 3 3 3
2104.4 -1471.4 -5.5 181 0 9.0 9.1 10.5 3.5 2 1 3 4 4
2105.5 -1459.3 -5.3 181 0 9.5 9.0 10.5 3.5 2 0 3 0 0
2068.4 -1323.5 -3.3 3 0 9.9 11.4 10.5 3.5 2 1 3 0 0
2062.0 -1398.8 -3.6 2 0 12.3 10.9 10.5 3.5 2 0 3 3 3
2093.7 -1459.6 -5.1 3 0 9.2 9.5 10.5 3.5 2 1 3 0 0
2093.0 -1483.7 -5.6 3 0 8.5 11.3 10.5 3.5 2 1 3 0 0
2091.3 -1495.6 -5.9 3 0 9.1 10.2 10.5 3.5 2 1 3 1 1
2073.2 -1433.1 -4.5 182 0 9.6 8.7 10.5 3.5 2 0 3 5 5
2072.8 -1444.5 -4.7 182 0 8.7 8.6 10.5 3.5 2 0 3 3 3
2070.9 -1469.1 -5.2 182 0 9.3 8.5 10.5 3.5 2 0 3 3 3
1978.2 399.1 -14.2 273 0 10.2 60.3 14.0 0.0 0 1 4 5 5
2019.4 281.1 -15.5 192 0 53.3 9.9 10.5 3.5 2 0 3 3 3
2016.4 217.1 -16.4 12 0 53.3 9.9 10.5 3.5 2 0 3 5 5
2003.5 155.7 -17.3 12 0 53.3 9.9 10.5 3.5 2 0 3 5 5
1990.4 94.5 -17.6 12 0 53.3 9.9 10.5 3.5 2 0 3 4 4
1977.9 34.2 -17.4 12 0 53.3 9.9 10.5 3.5 2 0 3 5 5
2061.6 -1432.9 -4.3 2 0 11.4 12.4 14.0 3.5 2 1 4 3 3
2056.8 -1463.0 -5.4 2 0 12.3 10.2 14.0 3.5 2 0 4 2 2
2057.0 -1478.4 -6.0 2 0 13.3 11.4 14.0 3.5 2 0 4 4 4
2041.7 -1425.3 -4.7 271 0 8.3 13.3 10.5 3.5 2 1 3 4 4
2355.7 -1287.7 -3.6 94 0 34.6 54.9 10.5 0.0 0 0 3 2 2
2320.1 -1285.1 -3.2 94 0 33.8 46.5 10.5 0.0 0 0 3 5 5
2285.8 -1282.5 -3.1 94 0 32.1 50.2 10.5 0.0 0 0 3 5 5
2250.7 -1278.9 -3.7 97 0 37.1 60.0 10.5 0.0 0 0 3 5 5
2192.8 -1246.2 -4.1 187 0 55.8 35.4 10.5 0.0 0 0 3 5 5
1999.8 267.9 -15.3 12 0 13.2 14.8 14.0 3.5 4 1 4 3 3
1995.8 249.2 -15.6 12 0 13.2 14.8 14.0 3.5 2 1 4 2 2
2003.5 286.8 -15.1 12 0 13.2 14.8 14.0 3.5 2 1 4 0 0
1984.2 193.0 -16.5 12 0 13.2 14.8 14.0 3.5 2 1 4 1 1
1980.2 174.4 -16.7 12 0 13.2 14.8 14.0 3.5 2 1 4 1 1
1987.9 212.0 -16.2 12 0 13.2 14.8 14.0 3.5 2 1 4 0 0
1968.3 118.4 -17.6 12 0 13.2 14.8 14.0 3.5 4 1 4 1 1
1955.8 94.7 -17.8 102 0 14.8 13.2 14.0 0.0 0 0 4 0 0
1972.1 137.3 -17.3 12 0 13.2 14.8 14.0 3.5 2 1 4 0 0
1976.1 156.0 -17.0 12 0 13.2 14.8 14.0 3.5 2 1 4 5 5
1959.0 276.9 -15.3 192 0 13.2 14.8 14.0 3.5 2 1 4 1 1
1955.0 258.2 -15.6 192 0 13.2 14.8 14.0 3.5 2 1 4 0 0
1962.7 295.8 -15.0 192 0 13.2 14.8 14.0 3.5 2 1 4 1 1
1943.3 201.5 -16.4 192 0 13.2 14.8 14.0 3.5 2 1 4 3 3
1947.1 220.4 -16.1 192 0 13.2 14.8 14.0 0.0 0 1 4 5 5
1927.6 126.4 -17.5 192 0 13.2 14.8 14.0 3.5 2 1 4 1 1
2080.1 -1339.9 -2.7 184 0 9.4 8.8 10.5 3.5 2 0 3 5 5
2078.6 -1364.3 -3.0 184 0 9.4 8.8 10.5 3.5 2 0 3 1 1
2076.9 -1388.2 -3.5 184 0 9.4 8.8 10.5 3.5 2 0 3 3 3
2076.1 -1400.3 -3.8 184 0 9.4 8.8 10.5 3.5 2 0 3 5 5
1910.6 110.3 -17.7 12 0 12.3 15.9 10.5 3.5 2 1 3 4 4
1934.1 222.8 -16.1 12 0 12.3 15.9 10.5 3.5 2 1 3 1 1
1937.8 240.7 -15.8 12 0 12.3 15.9 10.5 3.5 2 1 3 0 0
1926.2 185.2 -16.6 12 0 12.3 15.9 10.5 3.5 2 1 3 2 2
1950.0 297.9 -14.9 12 0 12.3 15.9 10.5 3.5 2 1 3 3 3
1907.5 307.4 -14.9 192 0 12.3 16.0 10.5 3.5 2 1 3 1 1
1891.6 232.4 -16.0 192 0 12.3 16.0 10.5 3.5 2 1 3 3 3
1895.3 250.3 -15.7 192 0 12.3 15.9 10.5 3.5 4 1 3 3 3
1883.6 194.7 -16.5 192 0 12.3 16.0 10.5 3.5 2 1 3 0 0
1879.7 175.5 -16.8 192 0 12.3 16.0 10.5 3.5 2 1 3 0 0
1871.8 137.8 -17.4 192 0 12.3 16.0 10.5 3.5 2 1 3 1 1
2047.5 -1303.7 -3.9 273 0 12.5 9.5 10.5 3.5 2 0 3 1 1
2044.2 -1322.8 -3.5 183 0 12.1 9.4 10.5 3.5 2 0 3 5 5
2042.8 -1352.3 -2.9 183 0 12.7 8.3 10.5 3.5 4 0 3 5 5
2040.6 -1382.6 -3.1 183 0 12.4 8.5 10.5 3.5 2 0 3 3 3
1984.1 -1313.4 -5.2 109 0 8.4 8.2 10.5 0.0 0 0 3 3 3
2026.4 -1379.3 -3.8 20 0 15.9 11.8 14.0 3.5 2 0 4 3 3
2015.6 -1391.9 -4.5 32 0 9.5 7.6 10.5 3.5 2 0 3 0 0
2258.6 -1493.2 -7.3 229 0 12.4 8.2 10.5 3.5 4 0 3 3 3
2246.3 -1503.2 -7.4 234 0 12.4 8.5 10.5 3.5 2 0 3 4 4
2233.2 -1511.3 -7.5 243 0 11.5 8.6 10.5 3.5 4 0 3 1 1
2168.5 -1523.7 -7.2 183 0 10.1 12.5 14.0 3.5 2 1 4 1 1
2302.6 -1466.8 -6.9 18 0 10.8 12.4 14.0 3.5 2 1 4 2 2
2294.5 -1480.5 -7.1 29 0 10.3 10.5 14.0 3.5 2 1 4 4 4
2276.6 -1507.5 -7.6 43 0 10.1 11.7 14.0 3.5 2 1 4 3 3
2265.6 -1515.5 -7.6 50 0 11.0 10.3 14.0 3.5 2 0 4 0 0
2235.2 -1536.1 -7.8 65 0 7.3 12.2 10.5 3.5 4 1 3 2 2
2281.9 -1552.0 -7.9 92 0 8.0 11.8 10.5 3.5 2 1 3 0 0
2302.6 -1520.6 -7.7 2 0 6.1 12.6 10.5 3.5 4 1 3 0 0
2299.4 -1532.6 -7.8 1 0 11.4 10.0 14.0 3.5 2 0 4 5 5
2293.3 -1553.2 -7.8 92 0 10.1 11.9 14.0 3.5 2 1 4 5 5
2518.7 -1095.7 -4.0 279 0 56.9 9.5 10.5 3.5 2 0 3 3 3
1492.6 -1705.8 -8.5 94 0 9.2 13.9 10.5 3.5 4 1 3 3 3
1514.2 -1705.9 -8.1 92 0 8.5 12.2 10.5 3.5 2 1 3 3 3
1478.1 -1714.5 -8.7 269 0 12.5 11.9 10.5 3.5 2 0 3 5 5
1459.2 -1714.7 -9.0 269 0 13.7 11.9 10.5 3.5 2 0 3 4 4
1498.3 -1715.1 -8.3 271 0 13.7 11.5 10.5 3.5 4 0 3 4 4
1522.1 -1739.7 -7.7 91 0 13.7 11.5 10.5 3.5 2 0 3 5 5
1517.2 -1715.0 -7.9 271 0 11.7 11.0 10.5 3.5 2 0 3 4 4
1765.8 -488.2 -5.0 102 0 135.3 16.3 10.5 0.0 0 0 3 2 2
1566.9 -1652.9 -7.7 360 0 12.3 12.1 14.0 0.0 0 0 4 0 0
1645.9 -1733.8 -5.5 360 0 10.9 12.1 14.0 0.0 0 1 4 3 3
1619.2 -1653.8 -6.5 180 0 10.9 12.1 14.0 3.5 2 1 4 3 3
1645.1 -1654.5 -6.2 360 0 12.5 12.1 14.0 3.5 2 0 4 3 3
1645.1 -1670.7 -6.1 360 0 12.4 12.1 14.0 3.5 2 0 4 4 4
1619.1 -1667.8 -6.4 180 0 10.9 12.1 14.0 3.5 2 1 4 4 4
1619.7 -1707.8 -6.0 180 0 10.9 12.1 14.0 3.5 2 1 4 5 5
1619.9 -1734.8 -5.7 180 0 10.9 12.1 14.0 3.5 4 1 4 4 4
1551.5 -1830.4 -6.2 179 0 6.5 14.3 10.5 3.5 2 1 3 5 5
1551.2 -1815.5 -6.3 179 0 17.7 14.3 14.0 3.5 2 0 4 3 3
1550.6 -1773.7 -6.7 179 0 12.2 14.3 14.0 3.5 4 1 4 1 1
1550.4 -1758.7 -6.8 179 0 12.2 14.3 14.0 3.5 2 1 4 5 5
1511.2 -1920.8 -6.2 180 0 12.5 13.7 14.0 3.5 2 1 4 0 0
1540.2 -1925.2 -5.9 360 0 12.4 13.7 14.0 3.5 2 1 4 4 4
1540.5 -1876.1 -6.3 360 0 12.5 13.7 14.0 0.0 0 1 4 0 0
1540.4 -1860.8 -6.4 360 0 12.4 13.7 14.0 3.5 2 1 4 3 3
1540.5 -1891.0 -6.2 360 0 12.4 13.7 14.0 3.5 2 1 4 4 4
1533.9 -1960.7 -5.6 90 0 13.7 12.5 14.0 3.5 2 0 4 2 2
1511.0 -1936.5 -6.1 180 0 12.4 13.7 14.0 3.5 2 1 4 4 4
1517.8 -1955.5 -6.0 90 0 13.7 10.2 14.0 3.5 2 0 4 0 0
1510.1 -1818.7 -7.1 180 0 12.4 13.7 14.0 0.0 0 1 4 2 2
1510.0 -1788.7 -7.3 180 0 12.4 13.7 14.0 3.5 2 1 4 5 5
1516.7 -1752.2 -7.6 270 0 13.7 12.4 14.0 0.0 0 0 4 3 3
1510.0 -1774.3 -7.5 180 0 12.4 13.7 14.0 3.5 2 1 4 3 3
1539.8 -1774.3 -7.2 360 0 12.4 13.7 14.0 3.5 2 1 4 0 0
1412.3 -1486.8 -12.5 358 0 41.0 25.4 14.0 0.0 0 0 4 3 3
1587.6 -1740.5 -6.5 90 0 12.1 12.2 10.5 3.5 2 1 3 4 4
1587.4 -1649.1 -7.2 270 0 12.1 12.2 10.5 3.5 2 1 3 5 5
1607.0 -1670.8 -6.8 360 0 10.9 12.1 10.5 3.5 2 1 3 2 2
1581.2 -1718.7 -6.6 180 0 10.9 12.1 10.5 3.5 2 1 3 3 3
1607.4 -1686.3 -6.6 360 0 13.4 12.1 10.5 3.5 2 0 3 5 5
1601.9 -1702.7 -6.5 360 0 10.9 6.6 10.5 3.5 2 0 3 3 3
1602.3 -1751.4 -6.0 270 0 12.1 10.9 14.0 3.5 2 0 4 0 0
1608.7 -1772.7 -5.8 360 0 14.7 12.1 14.0 3.5 2 0 4 1 1
1608.8 -1808.6 -5.5 360 0 10.9 12.1 14.0 3.5 2 1 4 2 2
1608.8 -1795.4 -5.6 360 0 10.9 12.1 14.0 3.5 2 1 4 5 5
1608.9 -1821.9 -5.4 360 0 10.9 12.1 14.0 3.5 2 1 4 1 1
1602.9 -1840.5 -5.2 90 0 12.1 10.9 14.0 0.0 0 0 4 3 3
1582.2 -1795.6 -5.9 180 0 10.9 12.1 14.0 3.5 2 1 4 2 2
1588.5 -1840.7 -5.5 90 0 12.1 10.9 14.0 3.5 4 0 4 3 3
1551.5 -1861.1 -5.9 180 0 13.5 15.3 10.5 3.5 2 1 3 1 1
1551.5 -1878.6 -5.8 180 0 13.5 15.3 10.5 3.5 2 1 3 4 4
1551.8 -1894.6 -5.6 180 0 13.5 15.3 10.5 3.5 2 1 3 1 1
1551.7 -1911.9 -5.5 180 0 13.5 15.3 10.5 3.5 2 1 3 4 4
1552.0 -1927.9 -5.4 180 0 13.5 15.3 10.5 3.5 2 1 3 5 5
1556.9 -1966.6 -5.3 90 0 9.9 13.0 10.5 3.5 2 1 3 2 2
2153.6 -829.1 -12.7 279 0 47.8 112.7 14.0 0.0 0 1 4 4 4
2207.0 -1046.6 -8.1 279 0 63.0 27.1 14.0 0.0 0 0 4 5 5
2177.6 -1410.2 -4.8 184 0 12.2 7.4 10.5 3.5 2 0 3 5 5
2175.7 -1439.2 -5.4 184 0 12.2 8.5 10.5 3.5 2 0 3 3 3
2186.4 -1470.1 -6.1 4 0 12.2 13.1 14.0 3.5 2 1 4 1 1
2179.4 -1506.6 -6.8 94 0 8.6 12.2 10.5 3.5 2 1 3 2 2
2172.6 -1311.9 -2.6 4 0 9.7 10.8 10.5 3.5 2 1 3 5 5
2170.2 -1348.0 -3.3 4 0 9.7 10.8 10.5 3.5 2 1 3 5 5
2169.3 -1360.4 -3.6 4 0 9.7 10.7 10.5 3.5 2 1 3 3 3
2147.3 -1345.4 -3.2 181 0 9.6 9.3 10.5 3.5 2 0 3 3 3
2144.7 -1381.3 -3.9 181 0 9.6 9.3 10.5 3.5 2 0 3 5 5
1589.7 -1976.8 -5.1 89 0 11.6 10.5 14.0 3.5 2 0 4 5 5
1583.1 -1875.0 -5.2 179 0 10.5 11.6 14.0 3.5 2 1 4 5 5
1583.2 -1888.0 -5.1 179 0 10.5 11.6 14.0 3.5 2 1 4 2 2
1583.4 -1900.7 -5.0 179 0 10.5 11.6 14.0 3.5 2 1 4 3 3
1583.7 -1927.6 -4.8 179 0 10.5 11.6 14.0 3.5 2 1 4 1 1
1583.9 -1952.8 -4.9 179 0 10.5 11.6 14.0 3.5 2 1 4 4 4
1609.1 -1936.6 -4.7 359 0 10.5 11.6 14.0 3.5 2 1 4 1 1
1609.4 -1950.1 -4.8 359 0 10.5 11.6 14.0 3.5 2 1 4 2 2
1603.8 -1980.6 -4.9 89 0 11.6 10.5 14.0 3.5 2 0 4 5 5
1609.4 -1962.9 -4.9 359 0 10.5 11.6 14.0 3.5 2 1 4 5 5
1602.6 -1853.6 -5.0 269 0 11.6 10.5 14.0 3.5 2 0 4 0 0
1609.0 -1910.1 -4.6 359 0 10.5 11.6 14.0 3.5 2 1 4 5 5
1182.2 -1371.6 -4.2 360 0 11.5 11.6 10.5 3.5 2 0 3 3 3
1182.2 -1382.8 -4.2 360 0 10.9 11.6 10.5 3.5 2 0 3 1 1
1182.3 -1395.9 -4.4 360 0 15.4 11.6 10.5 3.5 2 0 3 1 1
1182.4 -1421.1 -8.1 360 0 12.3 11.6 10.5 3.5 2 0 3 1 1
1182.5 -1430.7 -9.2 360 0 6.9 11.6 10.5 3.5 2 0 3 1 1
1182.5 -1438.3 -10.4 360 0 8.2 11.6 10.5 3.5 2 0 3 4 4
1161.2 -1365.8 -2.8 270 0 12.0 12.5 10.5 3.5 2 0 3 3 3
1161.3 -1378.2 -2.8 270 0 12.0 8.5 10.5 3.5 2 0 3 0 0
1167.4 -1391.6 -3.0 360 0 9.8 12.0 10.5 3.5 2 0 3 3 3
1167.4 -1399.6 -4.0 360 0 6.3 12.0 10.5 3.5 2 0 3 3 3
1167.5 -1419.2 -7.2 360 0 8.2 12.0 10.5 3.5 4 1 3 2 2
1167.6 -1440.3 -10.5 360 0 9.5 12.0 10.5 3.5 2 0 3 1 1
1161.6 -1452.1 -11.6 90 0 12.1 7.0 10.5 3.5 2 0 3 1 1
1144.7 -1364.8 -1.3 270 0 11.1 9.2 10.5 3.5 2 0 3 4 4
1144.8 -1384.2 -3.2 270 0 11.1 15.5 10.5 3.5 2 0 3 0 0
1150.6 -1422.9 -7.8 360 0 13.3 11.1 10.5 3.5 2 0 3 0 0
1145.1 -1450.8 -11.1 90 0 11.1 9.0 10.5 3.5 2 0 3 2 2
1129.5 -1371.0 -0.3 270 0 11.1 12.6 10.5 3.5 2 0 3 2 2
1129.6 -1396.0 -4.4 270 0 11.1 13.6 10.5 3.5 2 0 3 2 2
1124.1 -1415.7 -6.3 180 0 12.1 11.1 10.5 3.5 2 0 3 5 5
1129.8 -1433.5 -8.1 90 0 11.1 11.8 10.5 3.5 2 0 3 1 1
1129.8 -1451.8 -10.9 90 0 11.1 9.3 10.5 3.5 2 0 3 1 1
1161.7 -1466.8 -14.3 270 0 12.0 12.4 14.0 3.5 2 0 4 4 4
1167.9 -1504.5 -14.4 360 0 8.4 12.0 10.5 3.5 2 0 3 0 0
1167.9 -1512.4 -14.4 360 0 7.4 12.0 10.5 3.5 2 0 3 0 0
1168.0 -1522.7 -14.4 360 0 13.2 12.0 14.0 3.5 2 0 4 2 2
1168.0 -1536.8 -14.4 360 0 15.1 12.0 14.0 3.5 2 0 4 3 3
1168.2 -1578.7 -14.4 360 0 8.3 12.0 10.5 3.5 2 0 3 0 0
1145.2 -1466.5 -14.3 270 0 11.1 13.2 14.0 3.5 2 0 4 4 4
1145.3 -1479.7 -14.3 270 0 11.1 10.9 14.0 3.5 2 0 4 1 1
1145.3 -1490.6 -14.3 270 0 11.1 14.0 14.0 3.5 2 0 4 0 0
1151.1 -1528.0 -14.4 360 0 15.1 11.1 14.0 3.5 2 0 4 4 4
1145.7 -1569.2 -14.4 90 0 11.1 10.7 14.0 3.5 2 0 4 1 1
1145.7 -1582.1 -14.4 90 0 11.1 11.4 14.0 3.5 2 0 4 3 3
1124.5 -1509.8 -14.3 180 0 9.1 11.1 10.5 3.5 2 0 3 2 2
1130.4 -1568.3 -14.4 90 0 11.1 12.2 14.0 3.5 2 0 4 2 2
1130.5 -1593.7 -14.4 90 0 11.1 9.1 10.5 3.5 2 0 3 2 2
1161.7 -1461.0 -13.0 90 0 12.0 8.9 10.5 3.5 2 0 3 0 0
1182.6 -1453.1 -13.5 360 0 18.1 11.6 10.5 3.5 2 0 3 4 4
1182.7 -1492.5 -14.4 360 0 23.2 11.6 14.0 0.0 0 0 4 2 2
1114.0 -1366.8 0.8 270 0 11.1 11.5 10.5 3.5 2 0 3 1 1
1108.7 -1433.3 -8.9 180 0 15.0 11.1 10.5 3.5 2 0 3 5 5
1114.4 -1450.8 -10.5 90 0 11.1 10.0 10.5 3.5 2 0 3 4 4
1114.5 -1467.8 -14.3 270 0 11.1 11.1 14.0 3.5 2 0 4 4 4
1109.0 -1496.9 -14.3 180 0 8.0 11.1 10.5 3.5 2 0 3 5 5
1109.2 -1526.2 -14.4 180 0 11.5 11.1 14.0 3.5 2 0 4 0 0
1109.2 -1538.7 -14.4 180 0 9.5 11.1 10.5 3.5 2 1 3 5 5
1109.3 -1550.1 -14.4 180 0 9.1 11.1 10.5 3.5 2 1 3 0 0
1109.3 -1561.9 -14.4 180 0 10.3 11.1 14.0 3.5 2 0 4 3 3
1162.3 -1593.6 -14.4 90 0 12.0 10.7 14.0 3.5 2 0 4 3 3
1145.8 -1593.5 -14.4 90 0 11.1 11.4 14.0 3.5 2 0 4 0 0
1130.0 -1483.5 -14.3 270 0 11.1 12.7 14.0 3.5 2 0 4 0 0
1114.1 -1378.3 -2.4 270 0 11.1 20.5 10.5 3.5 2 0 3 4 4
1544.5 -1558.9 -8.9 90 0 12.7 11.3 10.5 3.5 2 0 3 4 4
1550.1 -1507.6 -9.4 360 0 11.4 12.7 10.5 3.5 2 1 3 0 0
1550.5 -1521.9 -9.2 360 0 11.3 12.7 10.5 3.5 2 1 3 4 4
1550.5 -1536.9 -9.1 360 0 11.4 12.7 10.5 3.5 2 1 3 0 0
1585.8 -1476.0 -8.8 270 0 11.3 11.3 10.5 3.5 2 1 3 4 4
1591.7 -1509.5 -8.6 360 0 11.3 11.3 10.5 3.5 2 0 3 0 0
1591.7 -1538.2 -8.3 360 0 11.5 11.3 10.5 3.5 2 0 3 1 1
1586.1 -1558.8 -8.2 90 0 11.3 11.6 10.5 3.5 2 1 3 5 5
1567.2 -1509.9 -8.8 180 0 11.4 11.3 10.5 3.5 2 0 3 0 0
1573.0 -1559.2 -8.4 90 0 11.3 11.6 10.5 3.5 2 1 3 1 1
1713.4 -2010.9 -5.5 268 0 11.3 6.0 10.5 3.5 2 0 3 2 2
1757.6 -1969.6 -5.7 359 0 58.6 14.6 14.0 3.5 2 0 4 1 1
1739.1 -1898.7 -4.9 178 0 79.9 16.3 14.0 3.5 2 0 4 5 5
1732.2 -1614.2 -7.5 178 0 49.4 14.2 14.0 0.0 0 0 4 2 2
2375.7 -1213.5 -3.5 102 0 11.1 49.6 14.0 3.5 2 1 4 5 5
2393.3 -1291.6 -4.0 98 0 39.5 53.9 10.5 0.0 0 0 3 3 3
2115.5 -1319.3 -2.8 184 0 9.0 9.2 10.5 3.5 2 1 3 4 4
2116.4 -1306.5 -3.1 184 0 9.0 9.2 10.5 3.5 2 1 3 3 3
2112.2 -1367.2 -3.4 184 0 9.0 9.2 10.5 3.5 2 1 3 5 5
2113.1 -1354.4 -3.1 184 0 9.0 9.2 10.5 3.5 2 1 3 0 0
2111.5 -1377.9 -3.6 184 0 9.0 9.2 10.5 3.5 4 1 3 1 1
2062.6 302.2 -15.1 281 0 11.9 26.3 14.0 3.5 2 1 4 5 5
1934.5 407.7 -14.1 283 0 13.0 60.0 14.0 0.0 0 1 4 2 2
1919.9 320.9 -14.5 102 0 13.4 25.0 14.0 0.0 0 1 4 2 2
1952.9 82.8 -17.9 282 0 9.5 17.2 10.5 3.5 2 1 3 1 1
1946.4 30.5 -16.9 12 0 17.2 9.5 10.5 3.5 2 0 3 0 0
1918.7 70.7 -17.8 192 0 16.6 11.1 14.0 3.5 2 0 4 1 1
1897.5 93.6 -17.9 282 0 19.7 14.4 14.0 3.5 2 0 4 3 3
1901.6 64.8 -17.8 12 0 14.4 19.7 14.0 3.5 2 1 4 3 3
1897.2 43.6 -17.3 12 0 14.4 19.7 14.0 3.5 2 1 4 0 0
1892.8 22.7 -16.8 12 0 14.4 19.7 14.0 3.5 4 1 4 1 1
1888.3 1.6 -16.2 12 0 14.4 19.7 14.0 3.5 2 1 4 3 3
1848.9 55.2 -17.5 192 0 15.6 11.9 14.0 3.5 2 0 4 2 2
1845.1 36.9 -17.0 192 0 15.7 11.9 14.0 3.5 2 0 4 2 2
1837.2 -0.0 -16.1 192 0 15.6 11.9 14.0 3.5 2 0 4 4 4
2460.7 -1060.1 -6.1 9 0 13.2 78.5 14.0 3.5 2 1 4 1 1
2260.1 -1113.5 -6.2 282 0 67.8 22.7 14.0 3.5 2 0 4 0 0
2293.6 -1058.2 -6.7 281 0 19.5 44.7 14.0 3.5 4 1 4 2 2
2330.4 -1063.9 -6.4 281 0 47.6 84.6 14.0 0.0 0 1 4 2 2
2314.8 -1208.8 -4.5 102 0 35.3 58.1 14.0 0.0 0 1 4 5 5
2163.3 -1453.3 -5.5 4 0 8.9 11.3 10.5 3.5 2 1 3 3 3
2161.8 -1465.4 -5.8 4 0 8.8 10.6 10.5 3.5 2 1 3 2 2
2161.1 -1489.2 -6.3 4 0 9.7 11.6 10.5 3.5 2 1 3 5 5
2158.3 -1525.2 -7.0 4 0 10.3 11.3 14.0 3.5 2 1 4 5 5
2139.8 -1449.6 -5.4 184 0 9.2 9.8 10.5 3.5 2 1 3 1 1
2134.9 -1521.6 -6.9 184 0 9.8 9.4 10.5 3.5 2 0 3 1 1
2134.1 -1534.0 -7.1 184 0 9.3 8.7 10.5 3.5 2 0 3 4 4
1659.7 -1897.5 -3.9 179 0 10.5 11.6 14.0 3.5 4 1 4 3 3
1660.0 -1911.0 -4.0 179 0 10.5 11.6 14.0 3.5 2 1 4 1 1
1660.6 -1968.6 -4.8 179 0 10.5 11.6 14.0 3.5 2 1 4 1 1
1660.9 -1983.8 -5.0 179 0 10.5 11.6 14.0 3.5 2 1 4 3 3
1666.9 -2001.5 -5.2 89 0 11.6 10.5 14.0 3.5 2 0 4 3 3
1685.2 -1874.2 -3.9 359 0 11.7 11.6 14.0 3.5 2 0 4 3 3
1685.7 -1931.8 -4.4 359 0 10.5 11.6 14.0 3.5 2 1 4 3 3
1685.4 -1888.3 -3.9 359 0 10.5 11.6 14.0 3.5 2 1 4 4 4
1685.6 -1917.6 -4.2 359 0 10.5 11.6 14.0 3.5 4 1 4 5 5
1621.8 -1942.7 -4.5 179 0 10.5 11.6 10.5 3.5 2 1 3 2 2
1621.0 -1864.3 -4.5 179 0 10.5 11.6 10.5 3.5 2 1 3 0 0
1621.9 -1968.5 -4.6 179 0 10.5 11.6 10.5 3.5 2 1 3 3 3
1621.5 -1929.7 -4.4 179 0 10.5 11.6 10.5 3.5 2 1 3 1 1
1621.3 -1890.4 -4.3 179 0 10.5 11.6 10.5 3.5 2 1 3 0 0
1627.8 -1988.9 -4.7 89 0 11.6 10.5 10.5 3.5 4 0 3 5 5
1646.6 -1857.8 -4.3 359 0 10.5 11.6 10.5 3.5 2 1 3 4 4
1647.5 -1949.7 -4.5 359 0 10.5 11.6 10.5 3.5 2 1 3 0 0
1646.7 -1884.0 -4.1 359 0 10.5 11.6 10.5 3.5 2 1 3 0 0
1647.6 -1975.4 -4.9 359 0 10.5 11.6 10.5 3.5 2 1 3 2 2
1647.0 -1897.4 -4.0 359 0 10.5 11.6 10.5 3.5 2 1 3 2 2
1728.2 -1953.0 -5.0 358 0 10.5 11.6 10.5 3.5 2 1 3 3 3
1726.0 -1882.0 -4.2 358 0 10.5 11.6 10.5 3.5 2 1 3 1 1
1729.0 -1981.3 -5.3 358 0 10.5 11.6 10.5 3.5 2 1 3 3 3
1726.9 -1909.7 -4.5 358 0 10.5 11.6 10.5 3.5 2 1 3 0 0
1723.6 -2000.9 -5.4 88 0 11.6 10.5 10.5 3.5 2 0 3 3 3
1700.5 -1883.3 -4.1 178 0 10.5 11.6 10.5 3.5 2 1 3 0 0
1701.7 -1925.2 -4.5 178 0 10.5 11.6 10.5 0.0 0 1 3 5 5
1701.3 -1911.0 -4.4 178 0 10.5 11.6 10.5 3.5 2 1 3 5 5
1702.6 -1954.2 -4.9 178 0 10.5 11.6 10.5 0.0 0 1 3 1 1
1709.9 -2001.6 -5.3 88 0 11.6 10.5 10.5 3.5 2 0 3 4 4
1874.6 841.6 -4.6 268 0 12.3 33.8 10.5 3.5 2 1 3 0 0
1818.8 730.7 -5.1 88 0 19.2 54.5 10.5 3.5 2 1 3 5 5
1756.6 818.5 -5.0 269 0 11.5 33.0 10.5 3.5 2 1 3 5 5
3601.1 -1255.5 -13.2 8 0 18.0 38.2 5.0 2.5 2 0 2 5 5
3015.8 -1116.6 -17.1 190 0 71.8 44.6 10.5 0.0 0 0 3 4 4
3060.0 -1001.1 -16.8 280 0 48.3 45.0 10.5 0.0 0 0 3 2 2
3025.2 -1061.6 -17.1 190 0 40.5 47.3 10.5 0.0 0 0 3 3 3
3197.7 -1018.1 -16.0 279 0 35.8 57.3 10.5 0.0 0 1 3 3 3
3240.8 -1083.1 -15.5 99 0 45.3 48.1 10.5 0.0 0 1 3 5 5
3335.1 -1154.5 -16.0 9 0 83.3 69.3 10.0 0.0 0 0 4 5 5
3178.5 -1124.6 -16.6 189 0 62.8 78.7 12.5 0.0 0 1 5 4 4
3105.8 -1181.8 -17.4 279 0 45.7 13.7 10.0 2.5 2 0 4 2 2
3117.2 -1245.4 -17.7 9 0 30.2 43.9 12.5 0.0 0 0 5 5 5
3112.3 -1276.4 -17.5 9 0 32.5 43.9 10.0 0.0 0 0 4 5 5
3106.8 -1311.6 -17.5 9 0 38.6 43.9 12.5 0.0 0 0 5 2 2
3122.0 -1214.5 -17.7 9 0 32.2 43.9 12.5 0.0 0 0 5 2 2
3215.4 -1288.4 -17.6 9 0 38.8 44.1 7.5 0.0 0 0 3 0 0
3180.6 -1364.7 -17.6 99 0 42.3 61.4 12.5 0.0 0 0 5 2 2
1777.1 -652.0 -2.7 287 0 11.7 11.1 14.0 3.5 2 0 4 4 4
1772.4 -672.0 -2.8 107 0 14.6 9.3 10.5 3.5 2 0 3 4 4
1820.3 -666.7 -3.8 286 0 9.5 11.6 10.5 3.5 2 0 3 1 1
1851.2 -700.1 -4.8 109 0 9.9 13.2 10.5 3.5 4 1 3 5 5
1837.1 -694.4 -4.4 111 0 10.3 11.5 14.0 3.5 2 1 4 3 3
1763.5 -625.3 -1.9 12 0 11.9 12.7 14.0 3.5 2 0 4 3 3
1774.6 -571.6 -2.2 12 0 10.0 12.7 10.5 3.5 2 0 3 5 5
1788.6 -596.0 -2.2 12 0 11.1 12.7 14.0 3.5 2 0 4 1 1
1786.3 -606.9 -2.2 12 0 10.9 12.7 14.0 3.5 2 0 4 4 4
1771.6 -615.6 -2.3 192 0 10.4 12.7 14.0 3.5 2 1 4 4 4
1780.5 -572.2 -2.3 192 0 9.9 12.7 10.5 3.5 2 0 3 4 4
1791.9 -608.1 -2.7 192 0 11.0 12.7 14.0 3.5 2 0 4 5 5
1787.3 -630.3 -2.8 192 0 10.6 12.7 14.0 3.5 2 0 4 3 3
1798.5 -576.0 -2.7 192 0 9.9 12.7 10.5 3.5 2 0 3 5 5
1785.1 -640.8 -2.9 192 0 10.9 12.7 14.0 3.5 2 0 4 2 2
1816.3 -657.8 -3.5 12 0 10.0 12.7 10.5 3.5 2 0 3 5 5
1819.4 -580.1 -3.3 192 0 9.9 12.7 10.5 3.5 2 0 3 3 3
1817.2 -590.4 -3.2 192 0 11.1 12.7 14.0 3.5 2 0 4 1 1
1847.7 -597.3 -3.7 12 0 11.1 12.7 14.0 3.5 2 0 4 2 2
1843.2 -619.0 -3.7 12 0 11.0 12.7 14.0 3.5 2 0 4 0 0
1838.7 -640.6 -3.8 12 0 11.9 12.7 14.0 3.5 2 0 4 0 0
1836.4 -651.8 -3.8 12 0 10.9 12.7 14.0 3.5 2 0 4 4 4
1834.3 -662.1 -3.9 12 0 10.0 12.7 10.5 3.5 2 0 3 2 2
1683.5 -608.3 -3.6 192 0 10.9 12.5 14.0 3.5 2 0 4 3 3
1688.0 -586.9 -3.2 192 0 11.3 12.4 14.0 3.5 2 0 4 5 5
1677.6 -608.7 -4.1 12 0 10.5 13.3 14.0 3.5 4 1 4 5 5
1667.9 -594.1 -3.9 192 0 11.4 12.4 14.0 3.5 2 0 4 5 5
1674.6 -561.7 -3.4 192 0 11.3 12.4 14.0 3.5 2 0 4 1 1
1672.3 -572.6 -3.4 192 0 10.9 12.4 14.0 3.5 2 0 4 4 4
1671.1 -549.8 -4.0 12 0 10.3 12.5 14.0 3.5 2 0 4 4 4
1668.9 -560.4 -3.8 12 0 11.3 12.4 14.0 3.5 2 0 4 2 2
1644.1 -588.7 -4.8 12 0 11.4 12.4 14.0 3.5 2 0 4 1 1
1650.7 -556.4 -4.2 12 0 11.3 12.4 14.0 3.5 2 0 4 0 0
1648.5 -567.3 -4.3 12 0 10.9 12.4 14.0 3.5 2 0 4 4 4
1631.4 -536.1 -4.7 282 0 12.5 10.3 14.0 3.5 2 0 4 4 4
1617.6 -571.9 -5.0 192 0 10.7 12.4 14.0 3.5 2 0 4 2 2
1615.4 -582.8 -5.2 192 0 11.4 12.5 14.0 3.5 2 0 4 4 4
1622.1 -550.5 -4.6 192 0 11.3 12.5 14.0 3.5 2 0 4 2 2
1599.6 -567.9 -5.5 192 0 10.7 12.4 14.0 3.5 2 0 4 5 5
1597.3 -578.8 -5.7 192 0 11.4 12.4 14.0 3.5 2 0 4 1 1
1604.0 -546.5 -5.0 192 0 11.3 12.4 14.0 3.5 2 0 4 0 0
1601.8 -557.3 -5.2 192 0 10.9 12.5 14.0 3.5 2 0 4 0 0
1586.3 -543.2 -5.5 192 0 11.3 12.5 14.0 3.5 2 0 4 4 4
1512.3 -578.1 -8.2 102 0 12.4 10.6 14.0 3.5 2 0 4 4 4
1582.9 -531.5 -5.8 12 0 10.3 12.5 14.0 3.5 2 0 4 2 2
1576.3 -563.5 -6.4 12 0 10.7 12.4 14.0 3.5 2 0 4 1 1
1578.4 -552.9 -6.2 12 0 10.9 12.4 14.0 3.5 2 0 4 2 2
1559.2 -559.7 -6.8 12 0 10.7 12.4 14.0 3.5 2 0 4 5 5
1561.4 -549.1 -6.6 12 0 10.9 12.5 14.0 3.5 2 0 4 3 3
1558.7 -531.4 -6.4 282 0 12.5 11.3 14.0 3.5 2 0 4 4 4
1543.2 -518.1 -6.6 282 0 12.5 10.3 14.0 3.5 2 0 4 0 0
1532.1 -571.6 -7.5 102 0 12.5 11.4 14.0 3.5 2 0 4 5 5
1525.5 -514.2 -7.1 282 0 12.5 10.3 14.0 3.5 2 0 4 0 0
1513.9 -539.5 -7.5 192 0 10.9 12.4 14.0 3.5 2 0 4 2 2
1523.4 -524.3 -7.3 282 0 12.5 11.3 14.0 3.5 2 0 4 2 2
1496.7 -535.6 -8.0 192 0 10.9 12.4 14.0 3.5 2 0 4 5 5
1498.9 -524.7 -7.7 192 0 11.3 12.4 14.0 3.5 2 0 4 4 4
1853.3 -598.3 -4.1 192 0 10.8 11.9 14.0 3.5 2 0 4 2 2
1851.1 -609.0 -4.1 192 0 11.0 11.9 14.0 3.5 2 0 4 0 0
1860.3 -623.0 -4.1 12 0 12.7 11.9 14.0 3.5 2 0 4 0 0
1858.0 -634.1 -4.1 12 0 10.0 11.9 10.5 3.5 2 0 3 5 5
1844.4 -641.7 -4.2 192 0 10.4 11.9 14.0 3.5 2 0 4 0 0
1839.4 -665.6 -4.4 192 0 17.3 11.9 14.0 3.5 2 0 4 3 3
2567.1 -1155.6 -2.3 11 0 9.1 25.7 10.5 3.5 2 1 3 2 2
2559.3 -1134.4 -3.3 10 0 18.8 56.2 14.0 3.5 2 1 4 4 4
1153.2 -1043.0 -12.1 105 0 9.7 83.4 10.5 0.0 0 1 3 5 5
1434.0 -1910.9 -7.8 180 0 11.1 12.0 14.0 3.5 2 1 4 0 0
1460.2 -1864.1 -7.9 360 0 14.0 12.0 14.0 3.5 2 0 4 3 3
1460.2 -1878.7 -7.8 0 0 11.6 12.0 14.0 3.5 2 1 4 2 2
1433.5 -1774.5 -9.0 180 0 11.9 12.8 14.0 3.5 2 1 4 1 1
1433.5 -1789.2 -8.8 180 0 11.3 12.8 14.0 3.5 2 1 4 5 5
1460.4 -1763.1 -8.8 360 0 6.5 12.8 10.5 3.5 4 1 3 4 4
1460.5 -1774.6 -8.7 360 0 12.9 12.8 14.0 3.5 2 0 4 4 4
1460.5 -1789.8 -8.6 360 0 11.3 12.8 14.0 0.0 0 1 4 5 5
1460.6 -1805.1 -8.4 360 0 10.1 12.8 14.0 3.5 2 1 4 5 5
1460.6 -1820.2 -8.3 360 0 11.4 12.8 14.0 3.5 2 1 4 5 5
1460.7 -1835.5 -8.2 360 0 12.3 12.8 14.0 3.5 4 1 4 4 4
1497.6 -1900.5 -6.9 360 0 10.3 11.4 14.0 3.5 2 1 4 4 4
1497.5 -1887.4 -7.0 360 0 10.0 11.4 10.5 3.5 2 1 3 1 1
1473.1 -1913.4 -7.0 180 0 10.3 11.4 14.0 3.5 2 1 4 2 2
1473.2 -1926.4 -6.9 180 0 9.9 11.4 10.5 3.5 2 1 3 2 2
1472.9 -1875.6 -7.4 180 0 11.1 11.4 14.0 0.0 0 1 4 2 2
1496.9 -1809.1 -7.7 360 0 10.3 11.4 10.5 0.0 0 1 3 5 5
1496.9 -1821.4 -7.6 360 0 11.1 11.4 10.5 0.0 0 1 3 5 5
1496.6 -1772.0 -8.0 360 0 11.1 11.4 10.5 3.5 2 1 3 4 4
1496.5 -1758.5 -8.1 360 0 11.1 11.4 10.5 3.5 2 1 3 5 5
1477.9 -1753.3 -8.3 270 0 11.4 11.1 10.5 3.5 2 0 3 1 1
1472.4 -1784.6 -8.1 180 0 10.0 11.4 10.5 3.5 2 1 3 5 5
1472.6 -1809.5 -7.9 180 0 10.3 11.4 10.5 3.5 2 1 3 3 3
1472.7 -1821.8 -7.8 180 0 11.1 11.4 10.5 3.5 2 1 3 4 4
1478.5 -1841.4 -7.7 90 0 11.4 11.1 10.5 3.5 2 0 3 5 5
1684.4 -1436.2 -8.6 115 0 12.7 20.7 10.5 0.0 0 1 3 1 1
2023.8 -1513.7 -8.0 143 0 15.3 8.8 10.5 3.5 2 0 3 0 0
2004.7 -1486.0 -7.9 143 0 11.5 10.4 14.0 3.5 2 0 4 2 2
2078.5 -1584.7 -8.0 143 0 10.8 9.4 10.5 3.5 2 0 3 4 4
2135.6 -1661.4 -9.4 143 0 23.9 7.5 10.5 3.5 2 0 3 4 4
2164.7 -1683.6 -9.2 323 0 31.1 6.5 10.5 3.5 2 0 3 1 1
2186.2 -1724.0 -9.0 143 0 44.9 7.4 10.5 3.5 2 0 3 2 2
2227.1 -1760.7 -9.2 323 0 52.7 6.8 10.5 3.5 2 0 3 3 3
2250.4 -1811.2 -9.2 143 0 46.3 7.2 10.5 0.0 0 0 3 0 0
2279.0 -1849.1 -9.1 143 0 32.8 6.8 10.5 0.0 0 0 3 1 1
2283.4 -1759.4 -9.7 107 0 8.8 24.7 10.5 3.5 2 1 3 5 5
2270.6 -1783.4 -9.6 107 0 8.8 24.7 10.5 3.5 2 1 3 3 3
2372.5 -1703.8 -10.5 289 0 8.8 24.7 10.5 3.5 2 1 3 3 3
2336.6 -1319.0 -4.2 275 0 9.1 10.2 10.5 3.5 2 1 3 0 0
2330.4 -1336.3 -4.4 185 0 7.7 9.6 10.5 0.0 0 1 3 0 0
2327.1 -1360.0 -4.9 185 0 9.1 11.1 10.5 3.5 2 1 3 0 0
2326.1 -1380.6 -5.4 185 0 15.0 10.1 14.0 3.5 2 0 4 3 3
2326.4 -1396.6 -5.7 185 0 8.0 9.6 10.5 3.5 2 1 3 1 1
2325.2 -1421.9 -6.3 185 0 12.1 8.4 10.5 3.5 2 0 3 3 3
1993.8 -1171.4 -8.6 283 0 15.2 66.8 14.0 3.5 2 1 4 1 1
1974.0 -1169.1 -9.0 283 0 13.6 33.3 14.0 3.5 2 1 4 3 3
2190.8 -1592.3 -8.7 19 0 9.1 9.3 10.5 3.5 2 1 3 0 0
2185.4 -1604.3 -8.9 13 0 9.7 8.5 10.5 3.5 2 0 3 2 2
2184.8 -1618.2 -8.9 359 0 11.0 8.9 10.5 3.5 2 0 3 5 5
2188.3 -1633.4 -8.9 345 0 11.4 9.5 10.5 3.5 2 0 3 4 4
2192.3 -1654.4 -8.9 61 0 10.1 10.9 14.0 3.5 2 1 4 3 3
2239.1 -1570.8 -8.3 183 0 11.1 6.9 10.5 3.5 2 0 3 4 4
2233.9 -1600.4 -8.4 201 0 11.8 8.2 10.5 3.5 2 0 3 4 4
2254.2 -1591.8 -8.2 21 0 10.3 7.6 10.5 3.5 2 0 3 4 4
2236.1 -1639.6 -8.4 111 0 7.3 10.9 10.5 3.5 2 1 3 3 3
2225.9 -1636.0 -8.5 111 0 10.0 10.9 14.0 3.5 2 1 4 2 2
2203.7 -1664.0 -8.7 201 0 11.3 9.3 10.5 3.5 2 0 3 4 4
2236.1 -1653.6 -8.5 291 0 5.6 10.9 10.5 3.5 2 1 3 3 3
2231.6 -1673.0 -8.5 21 0 11.1 5.9 10.5 3.5 2 0 3 5 5
2225.2 -1692.6 -8.6 21 0 10.9 8.5 10.5 3.5 4 0 3 3 3
2213.6 -1710.7 -8.7 111 0 9.2 10.1 10.5 0.0 0 1 3 3 3
2236.7 -1690.5 -8.5 21 0 10.1 8.1 10.5 3.5 2 0 3 5 5
2232.3 -1704.6 -8.6 21 0 10.9 7.9 10.5 3.5 2 0 3 3 3
2228.2 -1720.0 -8.7 21 0 11.4 9.2 10.5 3.5 2 0 3 5 5
2830.0 -1801.6 -14.0 79 0 13.3 70.3 10.0 2.5 4 1 4 3 3
2852.9 -1738.0 -14.2 349 0 32.5 13.8 5.0 0.0 0 0 2 1 1
2859.7 -1773.7 -14.1 349 0 32.5 13.8 7.5 0.0 0 0 3 1 1
2447.6 -1506.2 -6.3 4 0 12.6 9.5 10.5 3.5 4 0 3 4 4
2428.6 -1488.0 -6.4 184 0 11.8 8.5 10.5 0.0 0 0 3 1 1
2423.5 -1547.4 -7.0 184 0 11.5 8.4 10.5 3.5 2 0 3 3 3
2311.1 -1314.9 -4.0 271 0 11.3 12.9 14.0 3.5 4 1 4 5 5
2297.6 -1314.4 -3.8 270 0 9.3 11.0 10.5 3.5 4 1 3 3 3
2296.3 -1340.7 -4.1 93 0 9.5 12.1 10.5 3.5 4 1 3 1 1
2313.5 -1353.2 -4.6 0 0 11.1 11.4 14.0 3.5 4 1 4 5 5
2306.0 -1402.9 -5.6 351 0 11.6 11.3 10.5 3.5 4 0 3 4 4
2294.3 -1373.6 -4.9 333 0 11.6 9.5 10.5 0.0 0 0 3 4 4
2285.6 -1360.5 -4.6 325 0 11.1 8.6 10.5 3.5 2 0 3 0 0
2264.1 -1335.3 -3.9 306 0 12.0 9.8 10.5 0.0 0 0 3 5 5
2236.4 -1320.8 -3.4 293 0 11.9 8.1 10.5 3.5 2 0 3 1 1
2221.5 -1315.7 -3.2 285 0 11.5 7.7 10.5 3.5 2 0 3 3 3
2218.6 -1335.4 -3.4 107 0 10.6 9.7 10.5 3.5 2 0 3 3 3
1864.1 -1441.2 -10.0 284 0 21.0 18.4 14.0 0.0 0 0 4 0 0
1829.3 -1442.4 -10.1 248 0 21.0 18.4 14.0 0.0 0 0 4 5 5
1825.3 -1560.3 -8.4 123 0 21.0 18.1 14.0 0.0 0 0 4 1 1
1802.9 -1478.1 -9.8 148 0 13.8 23.7 14.0 0.0 0 1 4 4 4
1799.7 -1502.6 -9.4 180 0 21.1 18.9 14.0 0.0 0 0 4 2 2
1804.7 -1532.6 -8.9 162 0 21.1 18.7 14.0 0.0 0 0 4 0 0
3581.4 -3472.0 -10.7 142 0 27.1 10.5 12.5 0.0 0 0 5 4 4
3606.2 -3503.4 -9.8 142 0 32.0 10.5 7.5 2.5 4 0 3 3 3
3648.8 -3557.2 -10.2 141 0 45.8 10.5 10.0 2.5 2 0 4 0 0
3625.3 -3527.5 -10.0 142 0 18.1 10.5 5.0 2.5 2 0 2 0 0
3581.6 -3425.1 -12.1 232 0 10.0 9.1 7.5 2.5 2 0 3 2 2
3657.8 -3529.8 -10.8 142 0 9.1 10.0 2.5 2.5 2 1 1 4 4
3605.5 -3463.7 -11.2 142 0 9.1 10.0 5.0 2.5 2 1 2 2 2
3623.1 -3486.0 -10.3 142 0 9.1 10.0 7.5 2.5 2 1 3 0 0
3675.3 -3551.9 -10.8 142 0 9.1 10.0 7.5 2.5 2 1 3 4 4
3632.0 -3497.2 -10.4 142 0 9.1 10.0 7.5 2.5 2 1 3 1 1
3685.0 -3562.6 -10.9 142 0 9.1 10.0 2.5 2.5 2 1 1 0 0
3648.9 -3518.6 -10.7 142 0 9.5 10.0 7.5 2.5 2 1 3 2 2
3596.8 -3452.8 -11.7 142 0 9.1 10.0 7.5 2.5 2 1 3 2 2
3696.4 -3493.6 -12.1 142 0 9.1 10.0 2.5 2.5 2 1 1 2 2
3645.1 -3420.8 -13.4 232 0 10.0 9.1 7.5 2.5 2 0 3 2 2
3654.1 -3432.2 -13.1 232 0 10.0 9.1 7.5 2.5 2 0 3 2 2
3713.9 -3515.6 -12.3 142 0 9.1 10.0 7.5 2.5 2 1 3 3 3
3722.3 -3526.3 -12.3 142 0 9.1 10.0 7.5 2.5 4 1 3 0 0
3627.6 -3398.6 -13.0 232 0 10.0 9.1 5.0 2.5 2 0 2 1 1
3604.3 -3418.0 -12.8 232 0 10.0 9.1 5.0 2.5 2 0 2 1 1
3621.8 -3440.1 -12.3 232 0 10.0 9.1 5.0 2.5 2 0 2 4 4
3629.7 -3458.2 -11.9 142 0 9.1 10.0 5.0 2.5 2 1 2 3 3
3647.3 -3480.3 -11.0 142 0 9.1 10.0 7.5 2.5 2 1 3 0 0
3655.3 -3490.4 -11.1 142 0 9.1 10.0 2.5 2.5 2 1 1 2 2
3664.2 -3501.7 -11.2 142 0 9.5 10.0 5.0 2.5 2 1 2 2 2
3673.1 -3512.9 -11.4 142 0 9.1 10.0 7.5 2.5 2 1 3 1 1
3699.0 -3545.6 -11.5 142 0 9.1 10.0 2.5 2.5 2 1 1 1 1
1920.7 -1610.0 -8.6 143 0 14.3 14.8 14.0 3.5 2 0 4 5 5
1915.2 -1566.3 -8.8 233 0 8.5 18.6 10.5 3.5 2 0 3 3 3
1921.8 -1584.6 -8.8 233 0 11.1 35.0 14.0 3.5 2 0 4 0 0
2163.4 -1558.2 -7.9 274 0 10.0 9.1 10.5 3.5 2 0 3 0 0
2132.7 -1565.4 -7.7 94 0 11.0 9.0 10.5 3.5 2 0 3 4 4
2117.8 -1555.5 -7.5 274 0 10.4 8.7 10.5 3.5 2 0 3 2 2
2096.6 -1558.7 -7.4 184 0 9.0 10.4 10.5 3.5 2 1 3 0 0
2483.6 -1133.4 -3.5 191 0 40.3 17.9 14.0 3.5 2 0 4 0 0
2473.7 -1178.6 -3.0 101 0 38.4 26.2 14.0 0.0 0 0 4 3 3
2463.7 -1191.8 -3.2 283 0 32.1 44.0 14.0 0.0 0 1 4 3 3
2313.2 -1632.3 -7.7 111 0 8.7 12.8 10.5 3.5 2 1 3 4 4
2304.9 -1661.7 -7.8 111 0 10.0 10.3 10.5 3.5 2 1 3 2 2
2286.4 -1574.2 -7.8 201 0 9.9 9.3 10.5 3.5 2 0 3 4 4
2279.2 -1587.4 -7.9 201 0 10.6 8.7 10.5 0.0 0 0 3 3 3
2273.8 -1600.3 -8.0 201 0 10.0 9.2 10.5 3.5 2 0 3 2 2
2305.3 -1571.2 -7.7 291 0 7.7 12.9 10.5 3.5 2 1 3 3 3
2280.9 -1617.5 -7.9 201 0 10.6 8.9 10.5 3.5 2 0 3 3 3
2276.2 -1632.4 -8.0 201 0 9.7 9.3 10.5 3.5 2 0 3 5 5
2264.7 -1628.9 -8.1 201 0 10.8 9.9 10.5 3.5 2 0 3 4 4
2275.4 -1653.3 -8.1 111 0 9.6 10.1 10.5 3.5 4 1 3 1 1
2264.0 -1649.4 -8.2 111 0 10.0 9.6 10.5 3.5 2 0 3 1 1
2236.1 -1736.9 -8.5 201 0 11.5 8.7 10.5 3.5 2 0 3 4 4
2247.1 -1709.5 -8.4 201 0 10.1 9.1 10.5 3.5 2 0 3 5 5
2250.4 -1695.3 -8.3 201 0 9.9 10.0 10.5 3.5 2 1 3 3 3
2253.5 -1681.7 -8.3 201 0 11.5 9.7 10.5 3.5 2 0 3 3 3
2265.4 -1685.9 -8.2 201 0 10.9 9.1 10.5 3.5 2 0 3 5 5
2261.8 -1701.1 -8.2 201 0 9.4 8.6 10.5 3.5 2 0 3 3 3
2257.9 -1716.1 -8.3 201 0 10.9 8.1 10.5 3.5 4 0 3 1 1
2252.1 -1729.8 -8.4 201 0 10.6 8.7 10.5 0.0 0 0 3 5 5
2247.8 -1751.2 -8.5 111 0 8.7 11.9 10.5 3.5 2 1 3 2 2
2416.9 -1456.9 -6.6 4 0 10.8 9.9 10.5 3.5 2 0 3 0 0
2414.9 -1481.9 -6.6 4 0 9.0 9.7 10.5 3.5 2 1 3 4 4
2412.9 -1518.6 -6.7 4 0 9.2 10.8 10.5 3.5 2 1 3 5 5
2411.5 -1530.6 -6.7 4 0 8.4 10.3 10.5 3.5 2 1 3 4 4
2410.3 -1542.2 -6.7 4 0 7.7 9.8 10.5 3.5 2 1 3 3 3
2265.6 -1394.3 -5.1 338 0 12.3 8.6 10.5 3.5 2 0 3 3 3
2248.2 -1367.2 -4.5 314 0 11.7 9.4 10.5 3.5 2 0 3 1 1
2235.3 -1358.0 -4.2 306 0 11.0 8.1 10.5 3.5 2 0 3 3 3
2220.4 -1350.3 -3.9 293 0 11.3 8.7 10.5 3.5 2 0 3 2 2
2229.1 -1378.1 -4.4 128 0 10.7 8.9 10.5 3.5 2 0 3 4 4
2237.7 -1390.3 -4.8 146 0 10.5 10.0 10.5 3.5 2 0 3 0 0
2244.4 -1402.8 -5.1 154 0 10.2 10.2 14.0 0.0 0 0 4 5 5
2248.3 -1416.4 -5.5 174 0 10.5 10.6 14.0 0.0 0 1 4 3 3
2242.4 -1458.5 -6.4 209 0 11.3 8.5 10.5 3.5 2 0 3 5 5
2260.1 -1468.6 -6.6 31 0 10.5 8.2 10.5 3.5 2 0 3 2 2
2238.6 -1492.5 -6.9 52 0 11.0 8.8 10.5 3.5 4 0 3 5 5
2223.8 -1499.7 -6.9 60 0 10.5 7.7 10.5 0.0 0 0 3 0 0
2192.2 -1507.4 -6.9 87 0 11.1 9.9 10.5 3.5 2 0 3 1 1
2400.6 -1448.2 -6.7 274 0 8.1 12.1 10.5 3.5 2 1 3 5 5
2390.3 -1503.2 -6.8 184 0 9.2 9.9 10.5 3.5 2 1 3 0 0
2389.1 -1514.8 -6.8 184 0 9.1 10.2 10.5 3.5 4 1 3 4 4
2387.2 -1538.8 -6.9 184 0 7.2 10.2 10.5 3.5 2 1 3 5 5
2353.8 -1500.3 -7.1 185 0 9.3 10.7 10.5 3.5 2 1 3 5 5
2353.9 -1512.1 -7.1 184 0 9.1 9.7 10.5 3.5 2 1 3 2 2
2352.7 -1524.1 -7.1 185 0 8.8 9.8 10.5 3.5 2 1 3 4 4
2343.1 -1476.4 -7.3 5 0 8.8 10.5 10.5 3.5 2 1 3 5 5
2340.3 -1500.3 -7.3 5 0 9.4 9.8 10.5 3.5 2 1 3 0 0
2339.2 -1513.1 -7.4 5 0 8.3 9.6 10.5 3.5 2 1 3 5 5
2337.7 -1536.8 -7.4 5 0 8.7 9.8 10.5 3.5 2 1 3 4 4
2321.5 -1462.0 -7.1 185 0 9.1 9.8 10.5 3.5 2 1 3 0 0
2320.2 -1473.3 -7.3 185 0 7.5 10.6 10.5 3.5 2 1 3 1 1
2317.5 -1509.7 -7.5 185 0 8.1 9.8 10.5 3.5 2 1 3 4 4
2315.6 -1521.5 -7.5 185 0 8.4 11.0 10.5 3.5 2 1 3 4 4
2423.5 -1331.7 -5.0 4 0 11.6 7.3 10.5 0.0 0 0 3 4 4
2425.4 -1345.1 -5.3 4 0 8.9 10.6 10.5 0.0 0 1 3 0 0
2424.6 -1357.2 -5.5 4 0 8.6 10.7 10.5 3.5 2 1 3 4 4
2422.7 -1381.6 -6.1 4 0 8.9 10.7 10.5 3.5 2 1 3 4 4
2422.1 -1393.2 -6.3 4 0 7.8 10.6 10.5 3.5 2 1 3 1 1
2419.2 -1417.1 -6.5 4 0 8.9 9.6 10.5 3.5 4 1 3 3 3
2409.1 -1324.0 -4.9 274 0 8.7 10.3 10.5 3.5 2 1 3 4 4
2401.0 -1354.3 -5.4 184 0 8.0 10.9 10.5 3.5 2 1 3 0 0
2400.0 -1366.0 -5.6 184 0 8.3 10.9 10.5 3.5 2 1 3 0 0
2398.7 -1378.0 -5.9 184 0 8.0 11.6 10.5 3.5 2 1 3 5 5
2395.7 -1413.6 -6.5 184 0 7.6 11.9 10.5 3.5 2 1 3 4 4
2790.3 -2126.9 -13.0 256 0 10.7 47.6 12.5 2.5 4 1 5 1 1
2923.4 -2144.6 -13.4 76 0 11.0 47.6 7.5 0.0 0 1 3 0 0
2893.7 -2151.9 -13.3 76 0 9.9 47.8 5.0 2.5 2 1 2 2 2
2864.2 -2158.7 -13.2 76 0 10.7 47.2 10.0 2.5 2 1 4 1 1
2834.6 -2166.2 -13.1 76 0 10.7 47.5 10.0 2.5 2 1 4 1 1
2502.1 -1849.7 -10.9 76 0 14.5 16.4 14.0 3.5 2 1 4 5 5
2495.6 -1832.8 -10.9 76 0 14.5 16.4 14.0 3.5 2 1 4 4 4
2508.6 -1866.4 -10.9 76 0 14.5 16.4 14.0 3.5 2 1 4 3 3
2634.0 -1806.3 -12.1 346 0 16.4 14.5 14.0 3.5 2 0 4 0 0
2640.4 -1823.1 -12.1 346 0 16.4 14.5 14.0 3.5 2 0 4 4 4
2628.1 -1789.6 -12.1 346 0 16.4 14.5 14.0 3.5 2 0 4 4 4
2561.5 -1814.8 -11.5 76 0 14.5 16.4 14.0 3.5 2 1 4 2 2
2568.3 -1832.4 -11.5 76 0 14.5 16.4 14.0 3.5 2 1 4 3 3
2574.7 -1849.1 -11.5 76 0 14.5 16.4 14.0 3.5 4 1 4 4 4
2385.4 -1361.3 -5.4 2 0 18.1 8.2 10.5 3.5 2 0 3 0 0
2386.3 -1379.3 -5.7 4 0 8.8 10.2 10.5 3.5 2 1 3 3 3
2386.5 -1390.9 -6.0 4 0 7.9 11.5 10.5 3.5 2 1 3 0 0
2376.8 -1432.7 -6.7 94 0 10.4 11.4 14.0 3.5 2 1 4 2 2
2365.5 -1339.9 -4.8 184 0 8.2 10.6 10.5 3.5 4 1 3 3 3
2360.4 -1410.7 -6.3 184 0 8.6 9.8 10.5 3.5 2 1 3 1 1
2352.5 -1327.7 -4.4 5 0 11.3 9.3 10.5 3.5 4 0 3 3 3
2351.6 -1351.7 -4.8 5 0 8.5 10.2 10.5 3.5 2 1 3 0 0
2351.1 -1375.9 -5.4 5 0 8.7 10.8 10.5 0.0 0 1 3 4 4
2347.7 -1411.8 -6.1 5 0 8.8 9.9 10.5 3.5 4 1 3 2 2
2404.0 -1587.0 -7.7 291 0 9.6 9.3 10.5 0.0 0 0 3 3 3
2396.9 -1623.3 -8.5 21 0 10.2 9.7 10.5 3.5 2 0 3 2 2
2402.9 -1641.6 -9.2 21 0 10.6 8.7 10.5 3.5 2 0 3 0 0
2391.3 -1638.1 -8.8 21 0 11.5 9.6 10.5 3.5 2 0 3 0 0
2386.7 -1652.1 -9.1 21 0 10.8 10.2 14.0 3.5 2 0 4 0 0
2386.6 -1687.3 -10.3 21 0 13.0 9.3 10.5 3.5 2 0 3 4 4
2369.1 -1605.0 -7.3 291 0 9.1 9.8 10.5 3.5 2 1 3 1 1
2366.7 -1623.7 -7.6 21 0 10.7 9.2 10.5 3.5 2 0 3 2 2
2353.9 -1609.8 -7.3 291 0 7.8 12.9 10.5 3.5 2 1 3 1 1
2356.2 -1641.3 -8.0 111 0 9.1 10.9 10.5 3.5 2 1 3 1 1
2335.0 -1661.9 -8.0 111 0 9.3 10.5 10.5 3.5 2 1 3 2 2
2330.7 -1674.6 -8.4 111 0 9.6 10.6 10.5 3.5 2 1 3 0 0
-1046.6 -2241.8 -6.4 181 0 24.0 36.8 17.5 0.0 0 1 5 1 1
-468.2 -2083.4 9.3 278 0 21.9 62.3 14.0 3.5 4 1 4 2 2
-426.4 -2120.5 8.8 8 0 62.3 21.8 14.0 3.5 2 0 4 3 3
6456.9 -9447.5 -20.3 311 0 16.9 37.4 10.0 2.5 2 0 4 5 5
6326.6 -9552.6 -16.4 47 0 14.8 21.4 7.5 2.5 2 1 3 1 1
6232.4 -9362.2 -17.0 221 0 17.6 30.7 10.0 2.5 2 0 4 0 0
6301.5 -9442.3 -17.1 313 0 24.2 19.7 10.0 2.5 2 0 4 4 4
6297.1 -9183.2 -20.0 92 0 6.8 43.5 7.5 2.5 2 0 3 2 2
6247.6 -9319.2 -17.1 81 0 32.2 20.1 7.5 0.0 0 0 3 1 1
6226.1 -9280.8 -16.6 262 0 35.8 20.1 17.5 0.0 0 0 7 0 0
6389.3 -9443.4 -19.2 13 0 26.2 6.2 5.0 2.5 2 0 2 5 5
6416.8 -9459.5 -19.8 220 0 33.4 11.0 7.5 0.0 0 0 3 0 0
6299.3 -9316.2 -18.6 264 0 29.8 13.2 10.0 2.5 2 0 4 2 2
6280.1 -9321.8 -17.7 302 0 5.6 13.0 3.5 2.5 2 1 1 3 3
-3132.1 -12541.6 -21.7 34 0 65.0 125.1 7.5 0.0 0 1 3 0 0
-3086.3 -12491.3 -21.6 33 0 30.3 136.1 10.0 0.0 0 1 4 2 2
2015.4 -819.0 -9.9 287 0 9.6 10.4 10.5 3.5 2 1 3 1 1
1970.2 -833.7 -9.2 197 0 10.3 10.7 10.5 0.0 0 1 3 3 3
1958.1 -828.2 -8.7 197 0 6.1 6.7 10.5 3.5 2 1 3 2 2
1980.1 -820.9 -9.1 287 0 11.5 8.2 10.5 3.5 2 0 3 2 2
1959.6 -807.5 -8.7 197 0 9.4 12.7 10.5 3.5 2 1 3 3 3
1997.5 -762.9 -8.8 287 0 9.7 10.6 10.5 3.5 2 1 3 0 0
1985.9 -800.3 -9.0 107 0 11.6 10.0 10.5 3.5 2 0 3 0 0
2044.2 -786.4 -10.1 287 0 11.5 8.7 10.5 3.5 2 0 3 1 1
2011.6 -776.1 -9.3 287 0 11.5 8.7 10.5 3.5 2 0 3 1 1
2031.1 -770.8 -9.7 287 0 11.4 8.6 10.5 3.5 4 0 3 4 4
2020.3 -977.5 -11.7 10 0 10.3 40.0 12.5 2.5 2 1 5 4 4
2429.8 -396.5 -13.6 20 0 24.4 51.9 14.0 3.5 2 1 4 1 1
1999.1 -38.4 -16.0 13 0 92.6 12.6 10.5 3.5 4 0 3 3 3
2226.5 423.3 -4.4 280 0 19.7 16.0 10.5 3.5 2 0 3 4 4
2207.3 426.4 -4.7 280 0 11.1 19.6 10.5 3.5 4 1 3 4 4
2181.4 351.4 -8.4 100 0 5.4 46.9 10.5 3.5 2 0 3 3 3
2234.8 364.5 -8.0 10 0 62.0 19.7 10.5 3.5 2 0 3 0 0
2806.6 -1146.3 -4.5 8 0 18.1 41.3 10.5 3.5 2 0 3 2 2
2802.5 -1175.2 -5.6 8 0 40.3 34.5 10.5 0.0 0 0 3 0 0
2761.7 -1204.5 -5.0 8 0 11.4 22.3 10.5 3.5 2 0 3 2 2
2772.3 -1201.5 -5.4 8 0 20.4 8.3 10.5 3.5 2 0 3 3 3
2795.9 -1227.0 -6.9 8 0 23.6 8.7 10.5 3.5 2 0 3 4 4
2706.2 -1169.9 -4.0 188 0 62.7 30.7 10.5 0.0 0 0 3 3 3
2711.7 -1130.7 -3.0 188 0 16.4 44.6 10.5 3.5 2 0 3 0 0
2559.2 -1398.5 -6.0 196 0 12.1 8.7 10.5 3.5 2 0 3 3 3
2554.5 -1415.7 -6.4 197 0 12.8 7.9 10.5 3.5 2 0 3 0 0
2541.6 -1446.8 -7.2 197 0 9.8 11.5 10.5 3.5 4 1 3 3 3
2549.4 -1431.5 -6.8 197 0 10.7 8.3 10.5 3.5 2 0 3 5 5
2540.0 -1463.4 -7.6 197 0 11.6 8.3 10.5 3.5 2 0 3 1 1
2525.7 -1512.0 -8.8 197 0 13.3 8.3 10.5 3.5 4 0 3 0 0
2514.6 -1548.4 -9.7 197 0 10.7 9.5 10.5 3.5 2 0 3 2 2
2506.8 -1565.5 -9.8 155 0 9.7 9.3 10.5 3.5 2 0 3 4 4
2613.1 -1748.5 -12.1 344 0 13.9 13.6 14.0 3.5 2 0 4 4 4
2620.6 -1768.0 -12.1 344 0 8.6 15.9 10.5 3.5 4 1 3 5 5
2573.1 -1746.9 -11.8 254 0 13.6 19.6 14.0 0.0 0 1 4 0 0
2597.5 -1792.7 -11.8 344 0 11.2 14.7 14.0 3.5 2 1 4 1 1
2592.4 -1776.2 -11.8 344 0 8.6 15.9 10.5 0.0 0 1 3 4 4
2542.1 -1756.5 -11.5 254 0 13.6 19.6 14.0 3.5 4 1 4 5 5
2508.1 -1760.2 -11.2 254 0 13.6 19.6 14.0 3.5 2 1 4 1 1
1139.2 -845.9 -13.6 285 0 20.7 22.7 14.0 3.5 2 1 4 2 2
1087.5 -830.8 -13.2 285 0 89.1 22.6 14.0 0.0 0 0 4 4 4
1373.4 -2885.2 -8.9 93 0 11.3 80.7 10.0 2.5 2 1 4 3 3
1346.6 -2883.1 -8.6 93 0 11.3 82.6 12.5 2.5 2 1 5 3 3
2153.2 -2429.4 -14.1 241 0 69.4 17.2 10.0 2.5 4 0 4 0 0
2351.8 -2534.3 -12.7 53 0 18.2 74.3 10.0 2.5 2 1 4 5 5
2470.1 -1735.7 -10.9 324 0 9.9 24.6 10.5 3.5 2 1 3 4 4
2453.9 -1701.1 -11.1 237 0 12.0 33.5 14.0 3.5 2 1 4 1 1
2175.6 -1673.3 -9.0 148 0 10.6 6.9 10.5 3.5 4 0 3 1 1
2148.6 -1638.1 -9.2 143 0 10.1 8.9 10.5 3.5 2 0 3 2 2
2153.1 -1598.7 -8.7 208 0 10.9 8.7 10.5 3.5 2 0 3 4 4
2144.7 -1618.0 -8.9 127 0 8.7 11.1 10.5 3.5 2 1 3 1 1
2125.3 -1598.2 -8.5 212 0 10.2 9.4 10.5 3.5 2 0 3 1 1
2113.8 -1615.9 -8.6 140 0 8.7 11.1 10.5 3.5 2 1 3 4 4
1864.8 -1531.8 -8.9 104 0 17.7 12.4 14.0 3.5 4 0 4 3 3
1839.7 -1506.4 -9.0 222 0 12.4 19.4 14.0 3.5 2 1 4 4 4
1834.3 -1489.7 -9.4 181 0 18.6 12.9 14.0 3.5 2 0 4 3 3
1917.8 -1538.4 -9.1 56 0 25.6 18.9 14.0 0.0 0 0 4 0 0
1896.3 -1556.0 -8.8 43 0 25.6 18.9 14.0 0.0 0 0 4 0 0
1879.5 -1648.8 -8.0 163 0 24.6 18.8 14.0 0.0 0 0 4 3 3
1895.5 -1677.9 -7.9 144 0 24.6 18.8 14.0 0.0 0 0 4 4 4
1932.6 -1683.0 -8.0 303 0 21.0 19.7 14.0 0.0 0 0 4 2 2
2464.9 -1830.2 -10.7 76 0 13.2 17.3 14.0 3.5 2 1 4 5 5
2448.5 -1802.6 -10.7 166 0 8.6 14.0 10.5 3.5 2 1 3 1 1
2447.5 -1776.6 -10.7 256 0 13.5 19.6 14.0 3.5 2 1 4 0 0
2479.4 -1877.0 -10.7 76 0 14.4 39.7 14.0 0.0 0 1 4 0 0
2365.9 -1850.3 -9.7 257 0 7.6 47.2 10.5 3.5 2 1 3 3 3
2515.8 -1457.5 -6.7 274 0 9.9 9.0 10.5 3.5 2 0 3 2 2
2518.8 -1486.1 -7.4 4 0 8.9 10.2 10.5 3.5 2 1 3 4 4
2494.5 -1519.2 -8.1 184 0 8.7 9.6 10.5 3.5 2 1 3 2 2
2495.4 -1506.8 -7.7 184 0 9.0 9.6 10.5 3.5 2 1 3 5 5
2496.3 -1494.7 -7.3 184 0 8.4 9.6 10.5 3.5 2 1 3 3 3
2498.0 -1470.4 -6.6 184 0 8.5 9.6 10.5 3.5 2 1 3 2 2
2503.9 -1454.7 -6.2 274 0 9.6 9.1 10.5 3.5 2 0 3 5 5
2544.4 -1352.5 -5.2 274 0 8.9 7.9 10.5 3.5 2 0 3 1 1
2539.2 -1367.6 -5.2 184 0 8.4 8.3 10.5 3.5 2 0 3 4 4
2516.7 -1444.7 -6.0 94 0 9.5 8.4 10.5 3.5 2 0 3 4 4
2524.3 -1404.7 -5.5 4 0 9.1 9.5 10.5 3.5 2 1 3 2 2
2527.7 -1356.9 -5.4 4 0 8.2 9.5 10.5 3.5 2 1 3 0 0
2502.9 -1412.8 -5.6 184 0 8.3 8.9 10.5 3.5 2 1 3 1 1
2504.6 -1388.9 -5.6 184 0 8.1 8.9 10.5 3.5 2 1 3 5 5
2505.4 -1377.0 -5.5 184 0 8.1 8.9 10.5 3.5 2 1 3 4 4
2506.3 -1364.9 -5.5 184 0 8.2 8.9 10.5 3.5 4 1 3 4 4
2511.9 -1348.7 -5.5 274 0 8.9 8.6 10.5 3.5 2 0 3 0 0
2485.8 -1462.5 -5.9 4 0 10.9 9.0 10.5 3.5 4 0 3 2 2
2470.4 -1455.1 -6.0 274 0 7.8 9.4 10.5 3.5 4 1 3 0 0
2461.8 -1484.1 -6.1 184 0 8.4 10.4 10.5 3.5 2 1 3 3 3
2458.8 -1545.2 -8.0 184 0 11.3 8.6 10.5 3.5 2 0 3 5 5
2494.3 -1362.5 -5.7 4 0 8.7 9.6 10.5 3.5 2 1 3 0 0
2493.6 -1373.8 -5.7 4 0 9.0 10.2 10.5 3.5 2 1 3 1 1
2472.9 -1358.9 -5.8 184 0 9.1 8.7 10.5 3.5 2 0 3 5 5
2468.7 -1380.7 -5.9 184 0 4.8 11.4 10.5 3.5 2 1 3 4 4
2468.6 -1395.2 -5.9 184 0 8.3 10.5 10.5 3.5 2 1 3 2 2
2466.6 -1418.7 -6.0 184 0 8.4 10.9 10.5 3.5 2 1 3 3 3
2458.0 -1349.7 -5.7 4 0 10.3 8.9 10.5 0.0 0 0 3 1 1
2438.0 -1361.0 -5.8 184 0 12.4 8.3 10.5 3.5 2 0 3 4 4
2435.9 -1390.9 -6.2 184 0 11.7 8.3 10.5 3.5 2 0 3 4 4
2434.8 -1405.5 -6.2 184 0 11.6 8.3 10.5 3.5 2 0 3 2 2
2838.9 -1688.0 -14.3 349 0 70.3 9.2 7.5 2.5 2 0 3 5 5
1409.6 -11522.8 -25.5 62 0 169.3 113.8 10.0 0.0 0 0 4 2 2
-524.7 -12449.4 -19.6 334 0 181.8 100.7 10.0 0.0 0 0 4 5 5
3459.3 -2691.2 -11.1 54 0 30.1 60.8 10.0 0.0 0 1 4 2 2
-6275.2 -2893.2 0.1 338 0 38.7 91.6 15.0 0.0 0 1 6 5 5
-6413.8 -2924.6 -0.0 162 0 51.5 34.9 12.5 0.0 0 0 5 3 3
2214.0 -12451.8 -17.5 244 0 47.1 64.0 12.5 0.0 0 1 5 2 2
-6282.8 2959.3 1.3 68 0 23.8 36.8 10.0 0.0 0 1 4 1 1
2943.1 -2076.0 -13.7 258 0 14.6 58.0 10.0 2.5 2 1 4 5 5
2985.3 -2052.1 -14.0 237 0 13.3 65.9 7.5 2.5 2 0 3 2 2
3012.5 -2031.3 -14.4 235 0 12.9 61.5 12.5 2.5 2 0 5 2 2
3044.3 -2009.4 -14.8 236 0 13.6 72.7 7.5 2.5 2 0 3 1 1
2032.1 -605.3 -9.4 280 0 83.1 113.1 14.0 0.0 0 1 4 3 3
2037.9 -748.6 -9.5 104 0 14.0 23.1 14.0 3.5 2 1 4 4 4
2389.6 -814.3 -13.8 101 0 143.7 35.4 14.0 0.0 0 0 4 2 2
-837.9 -2225.4 -2.6 3 0 45.5 52.5 17.5 0.0 0 1 5 0 0
2361.7 -863.5 -10.4 279 0 53.7 185.2 14.0 0.0 0 0 4 5 5
2312.1 -855.2 -11.1 280 0 52.4 186.6 14.0 0.0 0 0 4 1 1
2342.5 -1815.3 -9.6 325 0 8.8 24.6 10.5 3.5 2 1 3 5 5
