2918.5 182.8 -8.3 18 0 182.0 98.6 10.5 0.0 0 0 3 2 2
2541.7 -491.3 -10.8 38 0 187.5 92.0 14.0 0.0 0 0 4 4 4
798.2 5787.4 0.8 136 0 17.6 81.6 10.5 3.5 2 1 3 3 3
-966.4 -2755.1 -12.3 245 0 47.4 25.2 7.5 0.0 0 0 3 4 4
-2620.9 -1718.8 -18.4 108 0 424.4 108.9 10.0 0.0 0 0 4 5 5
-2872.6 -1630.3 -18.2 108 0 108.9 85.2 12.5 0.0 0 0 5 1 1
6060.7 3118.9 -7.0 262 0 20.4 26.4 14.0 3.5 2 0 4 1 1
6074.9 3091.2 -7.2 352 0 6.1 20.4 10.5 3.5 2 0 3 1 1
471.8 5968.0 11.8 4 0 56.1 169.5 15.0 0.0 0 1 6 1 1
925.9 6046.4 5.7 46 0 46.7 26.4 10.0 0.0 0 0 4 3 3
-3713.0 7507.3 -1.0 76 0 16.2 25.9 7.5 2.5 2 1 3 0 0
-865.7 6964.2 13.7 106 0 96.0 20.9 14.0 0.0 0 0 4 1 1
-1868.1 7024.2 6.8 106 0 123.6 19.0 14.0 0.0 0 0 4 5 5
-5297.2 9492.5 4.0 229 0 40.6 124.6 14.0 0.0 0 0 4 2 2
-4776.3 8821.9 -11.0 228 0 9.7 147.2 10.5 0.0 0 0 3 3 3
-4817.8 8737.1 -12.9 148 0 23.3 14.6 14.0 3.5 2 0 4 5 5
-4755.3 8846.2 -10.6 228 0 53.1 144.8 14.0 0.0 0 0 4 5 5
-5353.1 9446.6 -1.2 229 0 81.4 129.4 14.0 0.0 0 0 4 1 1
-6315.4 2893.1 -18.7 139 0 25.9 208.6 17.5 0.0 0 1 5 2 2
-4095.2 7731.6 -7.1 4 0 56.4 20.1 10.0 2.5 2 0 4 1 1
-4074.4 7486.4 -7.5 3 0 79.0 19.5 12.5 2.5 2 0 5 5 5
-4227.2 7816.7 -8.8 305 0 37.7 19.9 10.0 0.0 0 0 4 0 0
-664.3 5101.1 -1.7 37 0 23.7 10.2 14.0 3.5 2 0 4 3 3
-475.2 4950.4 -3.6 322 0 12.4 73.8 17.5 3.5 2 1 5 0 0
-446.5 4979.4 -4.5 312 0 13.0 35.4 17.5 3.5 2 1 5 3 3
3338.1 2952.9 -3.9 9 0 20.9 128.7 14.0 0.0 0 1 4 1 1
3286.1 2991.9 0.8 99 0 28.4 17.5 14.0 3.5 2 0 4 1 1
2892.8 3052.5 -3.6 198 0 20.4 35.1 14.0 0.0 0 1 4 3 3
2893.7 3030.9 -3.9 206 0 13.8 24.0 14.0 3.5 2 1 4 2 2
4792.4 -3178.5 -13.4 60 0 16.3 17.9 14.0 3.5 2 1 4 2 2
4913.4 -3261.0 -11.7 231 0 114.1 37.7 14.0 0.0 0 0 4 1 1
4895.7 -3233.9 -13.8 53 0 184.1 87.1 14.0 0.0 0 0 4 1 1
-4812.7 177.3 -11.7 293 0 13.8 47.3 14.0 0.0 0 1 4 0 0
-4817.9 46.8 -9.9 110 0 15.9 42.8 14.0 3.5 2 1 4 5 5
-4779.4 153.4 -11.1 286 0 14.7 45.8 14.0 3.5 2 1 4 1 1
-4854.0 53.2 -10.2 113 0 14.4 43.7 14.0 3.5 2 1 4 3 3
-4962.3 89.3 -11.5 114 0 15.7 54.4 14.0 3.5 4 1 4 2 2
-4926.3 80.2 -10.9 119 0 12.5 45.2 14.0 3.5 2 1 4 2 2
-4886.5 70.2 -10.6 111 0 12.5 40.0 14.0 3.5 2 1 4 0 0
-4846.8 189.5 -12.1 295 0 15.4 40.8 14.0 3.5 2 1 4 2 2
-5095.3 238.3 -14.7 263 0 13.8 49.4 14.0 3.5 2 1 4 2 2
-5052.4 187.4 -14.4 173 0 43.2 32.7 17.5 0.0 0 0 5 5 5
-5078.0 154.8 -13.9 21 0 19.9 12.4 14.0 3.5 2 0 4 4 4
-5115.9 157.1 -14.8 115 0 14.4 34.6 14.0 3.5 2 1 4 3 3
-5130.1 236.5 -14.5 260 0 14.0 34.7 14.0 3.5 2 1 4 5 5
-5161.2 202.5 -13.7 24 0 47.5 15.1 17.5 3.5 2 0 5 4 4
-5192.0 213.8 -13.0 19 0 42.4 14.5 17.5 3.5 2 0 5 2 2
-5239.3 248.7 -11.8 295 0 13.0 36.6 17.5 0.0 0 1 5 0 0
-5280.5 248.1 -11.0 297 0 15.2 18.6 17.5 3.5 2 1 5 0 0
-5008.3 294.6 -15.5 354 0 53.8 61.6 17.5 0.0 0 1 5 2 2
-4014.1 -2.6 -12.7 101 0 8.2 4.3 10.5 3.5 2 0 3 1 1
-4018.0 -32.1 -12.6 277 0 8.3 4.4 10.5 3.5 2 0 3 4 4
-4456.6 -68.2 -10.1 11 0 9.9 14.4 10.5 3.5 2 1 3 2 2
-4423.8 -61.1 -10.1 278 0 37.7 13.5 14.0 3.5 2 0 4 0 0
-4385.2 -68.9 -10.1 283 0 6.7 13.0 10.5 3.5 2 1 3 0 0
-4431.2 5.9 -10.0 190 0 16.4 34.7 14.0 3.5 2 1 4 4 4
-4457.6 -36.8 -9.9 189 0 11.5 13.4 14.0 3.5 2 1 4 3 3
-4384.6 -14.4 -10.0 11 0 9.0 9.7 10.5 3.5 2 1 3 2 2
-4429.8 19.4 -10.0 99 0 7.6 14.0 10.5 3.5 2 1 3 5 5
-4394.4 13.6 -10.2 101 0 8.7 13.1 10.5 3.5 4 1 3 2 2
-4098.5 54.0 -13.3 182 0 11.4 23.8 10.5 3.5 4 1 3 3 3
-4066.2 67.2 -13.4 270 0 8.7 8.4 10.5 3.5 2 0 3 4 4
-4417.1 125.7 -11.3 191 0 15.7 36.9 14.0 3.5 2 1 4 4 4
