3081.6 -7785.3 -26.5 143 0 36.3 21.4 5.0 0.0 0 0 2 3 3
1452.2 -5026.9 -24.5 345 0 22.0 41.0 12.5 0.0 0 1 5 4 4
1335.4 -4894.6 -23.3 320 0 48.3 28.6 7.5 0.0 0 0 3 0 0
1020.4 -9220.5 -38.3 141 0 35.9 17.1 12.5 2.5 2 0 5 4 4
804.6 -8924.7 -30.7 242 0 67.0 17.9 12.5 2.5 2 0 5 1 1
879.9 -9355.9 -27.1 320 0 48.5 16.7 10.0 2.5 2 0 4 5 5
741.7 -9141.3 -31.0 320 0 35.6 17.4 10.0 0.0 0 0 4 3 3
-93.8 9193.3 -2.2 121 0 30.9 108.6 10.0 0.0 0 1 4 2 2
481.2 8772.8 -7.7 32 0 40.8 159.9 10.0 0.0 0 1 4 2 2
737.6 8783.2 -2.8 289 0 41.9 82.7 12.5 0.0 0 1 5 3 3
281.9 9007.0 -7.8 211 0 120.5 80.6 15.0 0.0 0 0 6 0 0
83.1 9035.7 -7.9 31 0 89.9 55.6 12.5 0.0 0 0 5 4 4
252.7 8937.0 -7.9 211 0 29.3 24.2 10.0 0.0 0 0 4 1 1
919.8 9032.4 2.1 312 0 98.4 61.6 12.5 0.0 0 0 5 4 4
197.7 8868.0 -8.4 211 0 145.7 103.5 7.5 0.0 0 0 3 2 2
2210.7 6212.0 -9.4 39 0 125.0 52.2 14.0 0.0 0 0 4 3 3
1667.7 6675.4 -17.8 88 0 60.0 94.1 10.0 0.0 0 1 4 2 2
5614.2 4548.3 -10.1 335 0 179.5 130.4 17.5 0.0 0 0 5 5 5
4284.3 6249.3 -12.5 359 0 53.8 54.5 14.0 0.0 0 1 4 2 2
4164.4 6127.0 -11.8 180 0 39.3 49.8 14.0 0.0 0 1 4 1 1
4186.9 6274.9 -17.0 269 0 49.1 53.5 14.0 0.0 0 1 4 0 0
3821.7 3120.7 -24.0 15 0 23.0 130.0 12.5 0.0 0 0 5 0 0
4157.2 1973.5 -18.8 241 0 153.6 140.3 14.0 0.0 0 0 4 5 5
4164.4 6182.1 -14.7 179 0 50.3 49.2 14.0 0.0 0 0 4 1 1
3861.9 3156.2 -24.2 15 0 65.9 174.6 12.5 0.0 0 0 5 3 3
4286.9 6186.2 -9.4 359 0 49.8 54.4 14.0 0.0 0 1 4 4 4
4190.1 6058.9 -9.5 90 0 50.0 39.5 14.0 0.0 0 0 4 3 3
4253.4 6092.2 -7.2 89 0 26.4 56.2 14.0 3.5 2 1 4 4 4
-1381.5 7619.5 -4.0 82 0 180.1 111.4 12.5 0.0 0 0 5 0 0
-450.8 10003.3 7.5 19 0 74.6 118.0 10.0 0.0 0 1 4 2 2
-507.9 9928.0 6.0 19 0 75.2 87.0 10.0 0.0 0 1 4 2 2
-670.4 9944.5 2.6 109 0 106.2 75.2 10.0 0.0 0 0 4 5 5
-465.1 10143.2 6.9 289 0 117.9 75.2 7.5 0.0 0 0 3 3 3
1279.4 5488.9 -12.9 53 0 76.2 64.5 10.0 0.0 0 0 4 1 1
1318.4 5655.9 -18.7 233 0 96.6 49.8 12.5 0.0 0 0 5 4 4
1130.6 5578.2 -10.9 233 0 32.0 102.2 10.0 0.0 0 1 4 2 2
1317.5 5458.8 -11.6 54 0 98.4 30.4 12.5 0.0 0 0 5 5 5
1191.5 5621.9 -15.5 232 0 97.5 80.2 12.5 0.0 0 0 5 3 3
1290.8 5698.2 -18.4 232 0 103.1 30.8 12.5 0.0 0 0 5 1 1
1412.3 5534.1 -18.3 53 0 96.7 74.8 10.0 0.0 0 0 4 0 0
1246.7 5399.9 -6.3 53 0 62.0 100.5 12.5 0.0 0 1 5 1 1
2631.8 5900.6 -15.6 336 0 32.4 85.1 12.5 0.0 0 1 5 0 0
3528.7 -8308.5 -35.5 270 0 22.8 90.4 12.5 0.0 0 1 5 3 3
5175.1 -7892.3 -27.3 22 0 92.5 38.6 10.0 0.0 0 0 4 1 1
-6158.3 -3510.8 1.4 206 0 28.3 96.0 7.5 0.0 0 1 3 5 5
-5845.9 -3986.0 10.6 296 0 99.4 82.1 15.0 0.0 0 0 6 3 3
-431.9 9566.7 6.2 110 0 30.7 21.8 10.0 0.0 0 0 4 0 0
-5859.2 -6201.4 29.0 170 0 67.6 34.3 12.5 0.0 0 0 5 5 5
-5881.3 -5836.8 20.7 341 0 17.2 16.9 10.0 2.5 2 0 4 2 2
-5879.8 -6134.1 21.6 352 0 17.3 17.6 12.5 2.5 2 1 5 5 5
-5824.5 -5960.1 22.3 72 0 11.3 62.6 10.0 2.5 2 1 4 2 2
-5806.9 -6018.0 19.5 73 0 12.3 39.8 12.5 2.5 2 1 5 5 5
-5779.7 -6009.1 19.1 74 0 15.6 36.7 10.0 2.5 2 1 4 0 0
-5796.4 -5951.6 21.1 72 0 11.9 64.0 10.0 2.5 2 1 4 4 4
-5769.7 -5941.5 20.1 73 0 14.2 60.3 17.5 0.0 0 1 7 4 4
-5848.2 -5844.5 20.2 338 0 50.0 15.4 12.5 2.5 4 0 5 2 2
-5869.7 -5790.3 18.8 339 0 48.8 13.9 10.0 2.5 2 0 4 2 2
1672.7 7096.0 -16.1 78 0 25.1 87.8 5.0 0.0 0 1 2 1 1
1721.6 7106.4 -16.6 78 0 24.7 87.6 10.0 0.0 0 1 4 5 5
1596.1 7223.1 -15.4 168 0 72.0 27.5 10.0 0.0 0 0 4 5 5
1782.9 7118.4 -16.2 78 0 24.3 87.8 10.0 0.0 0 1 4 5 5
1715.3 7248.2 -16.8 348 0 73.2 29.1 7.5 0.0 0 0 3 5 5
1638.7 7308.7 -16.0 258 0 117.7 30.1 10.0 0.0 0 0 4 1 1
2151.0 -8986.6 -32.5 93 0 76.2 56.4 12.5 0.0 0 0 5 2 2
2290.0 -10649.9 -32.8 9 0 37.6 50.6 12.5 0.0 0 1 5 4 4
1528.7 -12671.2 -28.0 92 0 14.4 73.3 10.0 2.5 2 1 4 1 1
-95.1 -1182.1 -19.1 179 0 54.2 65.6 12.5 0.0 0 1 5 0 0
3955.1 -10770.4 -30.9 15 0 27.1 42.3 7.5 0.0 0 1 3 1 1
546.3 1586.4 -13.0 360 0 57.5 34.4 7.5 0.0 0 0 3 1 1
1485.3 -5550.9 -21.5 2 0 24.3 82.4 12.5 0.0 0 1 5 1 1
-4604.1 -4514.3 17.3 301 0 19.3 24.1 12.5 2.5 4 1 5 3 3
2894.0 -2240.2 -33.3 271 0 57.1 13.6 10.5 3.5 2 0 3 0 0
6249.7 5309.9 -8.9 225 0 126.2 75.8 14.0 0.0 0 0 4 2 2
6309.5 5088.1 -9.5 45 0 124.9 77.9 17.5 0.0 0 0 5 4 4
-3614.3 11461.9 -13.9 115 0 97.3 301.7 12.5 0.0 0 1 5 4 4
6670.1 -1535.5 -17.8 181 0 382.1 134.0 12.5 0.0 0 0 5 2 2
-5620.8 -2322.1 10.1 51 0 30.8 62.3 12.5 0.0 0 0 5 3 3
-5583.4 -2290.1 8.4 48 0 52.6 81.0 10.0 0.0 0 1 4 4 4
-5547.6 -2258.4 8.2 50 0 32.5 80.9 12.5 0.0 0 0 5 1 1
-5547.4 -2225.5 7.4 47 0 13.2 66.0 7.5 2.5 2 0 3 4 4
-5532.4 -2194.6 8.8 31 0 23.7 20.9 10.0 2.5 4 0 4 0 0
-5558.6 -2102.3 7.3 323 0 5.8 15.3 7.5 2.5 2 1 3 0 0
-5521.1 -2098.5 8.8 325 0 13.9 22.1 7.5 2.5 2 0 3 2 2
3859.2 -11501.0 -28.6 191 0 63.8 24.5 12.5 2.5 2 0 5 3 3
3870.7 -11430.4 -30.2 191 0 63.3 23.9 15.0 2.5 2 0 6 5 5
3949.4 -11445.0 -29.6 11 0 58.8 24.6 10.0 2.5 2 0 4 5 5
3935.5 -11515.1 -30.4 11 0 64.7 23.2 12.5 2.5 2 0 5 3 3
3905.4 -11683.6 -34.6 11 0 60.7 9.5 7.5 2.5 2 0 3 4 4
3873.0 -11708.7 -34.6 101 0 10.2 56.9 10.0 0.0 0 1 4 3 3
3889.7 -11840.1 -37.1 191 0 34.0 7.6 7.5 0.0 0 0 3 3 3
3937.8 -11896.7 -37.0 297 0 21.1 50.7 12.5 2.5 2 1 5 4 4
4078.5 -11982.8 -38.1 297 0 22.6 42.9 7.5 0.0 0 1 3 0 0
4107.0 -11994.5 -38.3 297 0 19.4 46.2 15.0 2.5 2 1 6 1 1
4133.1 -12007.5 -38.3 297 0 19.3 45.8 7.5 2.5 2 1 3 2 2
4162.6 -12009.6 -38.4 296 0 23.5 55.5 10.0 2.5 2 1 4 5 5
4050.5 -11960.3 -37.9 297 0 14.7 39.6 5.0 2.5 2 1 2 0 0
4009.2 -11990.5 -37.1 297 0 17.6 33.7 10.0 2.5 2 1 4 3 3
4009.7 -11931.8 -37.6 297 0 17.9 47.9 10.0 2.5 4 1 4 3 3
3981.3 -11923.8 -37.3 297 0 16.9 46.8 12.5 2.5 2 1 5 5 5
4240.7 -12127.1 -36.0 297 0 19.9 17.9 10.0 2.5 2 0 4 4 4
4278.7 -12114.2 -36.3 297 0 24.9 29.0 12.5 0.0 0 1 5 2 2
4290.9 -12079.7 -38.2 296 0 19.7 32.3 12.5 0.0 0 1 5 1 1
4337.5 -12093.0 -38.2 297 0 34.4 10.4 7.5 2.5 2 0 3 4 4
4331.9 -12127.6 -36.9 27 0 13.9 29.8 10.0 2.5 2 1 4 5 5
4310.9 -12141.4 -35.8 27 0 13.5 18.4 5.0 2.5 2 1 2 4 4
4325.9 -12144.4 -35.3 297 0 10.2 38.2 10.0 2.5 2 1 4 1 1
4351.3 -12175.2 -34.6 27 0 7.8 29.2 5.0 2.5 2 1 2 1 1
4297.6 -12241.0 -33.7 117 0 14.5 51.1 12.5 2.5 2 1 5 3 3
4342.0 -12194.0 -33.6 27 0 10.2 29.2 10.0 2.5 2 1 4 4 4
4332.8 -12301.8 -32.9 117 0 38.6 9.7 7.5 2.5 4 0 3 0 0
4295.9 -12290.0 -33.7 117 0 19.2 18.8 7.5 2.5 2 0 3 0 0
4311.7 -12268.5 -33.4 117 0 27.8 67.0 12.5 0.0 0 1 5 4 4
4277.3 -12157.5 -35.4 27 0 13.1 34.3 12.5 2.5 2 1 5 1 1
4308.3 -12197.5 -34.6 27 0 12.9 44.1 10.0 2.5 2 1 4 2 2
4245.8 -12256.8 -35.5 117 0 29.9 68.9 7.5 0.0 0 1 3 1 1
4220.1 -12242.1 -36.3 117 0 22.0 69.3 12.5 2.5 2 1 5 1 1
4212.7 -12210.0 -36.4 117 0 11.4 39.5 10.0 2.5 2 1 4 2 2
4174.6 -12216.4 -37.7 117 0 17.6 61.6 12.5 2.5 2 1 5 5 5
4154.3 -12214.0 -38.3 117 0 14.6 85.6 12.5 2.5 4 1 5 1 1
4237.5 -12046.6 -38.9 297 0 18.1 85.6 12.5 2.5 2 1 5 2 2
4264.4 -12082.3 -37.7 297 0 19.6 44.5 10.0 2.5 4 1 4 4 4
4135.0 -12180.2 -39.1 117 0 26.9 12.5 7.5 2.5 2 0 3 2 2
4135.2 -12161.0 -39.4 117 0 43.2 11.1 12.5 2.5 2 0 5 0 0
4176.4 -12078.7 -38.6 297 0 43.1 30.4 10.0 0.0 0 0 4 2 2
4142.9 -12145.8 -39.2 117 0 43.2 32.0 10.0 0.0 0 0 4 1 1
3861.5 -12024.8 -35.5 190 0 81.9 29.5 10.0 0.0 0 0 4 5 5
3928.7 -12056.3 -36.2 100 0 60.3 40.9 10.0 0.0 0 0 4 4 4
3982.5 -12199.9 -36.8 297 0 10.8 43.8 10.0 2.5 4 1 4 2 2
3908.9 -12299.0 -36.9 117 0 47.4 40.2 10.0 0.0 0 0 4 1 1
3913.8 -12238.9 -36.7 207 0 11.1 46.9 15.0 0.0 0 1 6 5 5
3890.5 -12320.8 -37.3 116 0 76.0 11.3 12.5 2.5 2 0 5 2 2
3947.4 -12323.7 -38.1 117 0 18.6 67.6 7.5 2.5 2 1 3 4 4
3937.9 -12133.4 -34.8 297 0 32.8 82.1 15.0 0.0 0 1 6 4 4
4095.6 -12050.3 -38.7 297 0 109.9 19.4 12.5 0.0 0 0 5 0 0
4011.0 -12248.2 -39.5 296 0 67.4 13.7 10.0 2.5 2 0 4 4 4
4029.0 -12218.6 -39.4 297 0 60.4 27.6 10.0 0.0 0 0 4 5 5
4089.5 -12206.5 -40.3 297 0 20.7 50.9 7.5 2.5 2 1 3 1 1
4106.9 -12244.7 -40.6 297 0 23.1 42.5 10.0 2.5 4 1 4 4 4
4012.4 -12340.9 -41.0 117 0 48.7 53.7 12.5 0.0 0 1 5 4 4
4042.3 -12379.1 -41.5 117 0 17.6 73.3 7.5 2.5 2 1 3 1 1
4169.9 -12269.8 -38.3 297 0 13.6 57.8 12.5 2.5 2 1 5 1 1
4149.7 -12237.9 -39.0 297 0 25.6 44.7 10.0 0.0 0 1 4 5 5
4180.6 -12388.0 -37.3 117 0 27.8 30.4 15.0 0.0 0 1 6 4 4
4128.5 -12363.1 -39.6 117 0 69.2 28.3 10.0 0.0 0 0 4 5 5
4069.8 -12409.7 -40.9 117 0 38.6 49.3 15.0 0.0 0 1 6 4 4
4317.2 -12335.3 -34.0 297 0 69.9 22.1 10.0 2.5 4 0 4 2 2
4235.4 -12279.8 -37.1 297 0 97.2 20.1 10.0 0.0 0 0 4 4 4
4229.8 -12305.0 -37.0 296 0 62.9 50.4 12.5 0.0 0 0 5 0 0
4196.5 -12470.0 -37.3 116 0 54.2 87.8 10.0 0.0 0 1 4 0 0
3125.5 -12571.2 -34.8 284 0 10.0 52.5 7.5 0.0 0 1 3 0 0
3110.7 -12656.7 -38.9 14 0 55.2 11.6 12.5 2.5 2 0 5 0 0
3096.8 -12706.3 -41.4 14 0 36.4 11.5 12.5 2.5 2 0 5 5 5
3082.1 -12763.8 -48.2 14 0 38.0 11.1 10.0 2.5 2 0 4 4 4
3059.5 -12829.8 -48.0 104 0 11.2 44.3 10.0 2.5 2 1 4 2 2
3033.3 -12823.4 -46.6 104 0 12.0 45.5 10.0 2.5 2 1 4 5 5
3057.5 -12753.6 -45.4 14 0 44.3 13.5 10.0 2.5 2 0 4 1 1
3069.9 -12704.5 -38.3 14 0 43.9 11.6 12.5 2.5 2 0 5 4 4
3083.0 -12648.7 -34.8 14 0 52.9 11.6 12.5 0.0 0 0 5 3 3
3097.3 -12563.8 -33.9 284 0 10.5 51.9 12.5 2.5 2 1 5 4 4
3070.9 -12555.0 -34.6 284 0 9.6 55.2 7.5 2.5 2 1 3 5 5
3042.4 -12666.2 -32.2 104 0 10.3 54.6 12.5 2.5 2 1 5 0 0
3030.6 -12692.7 -34.1 194 0 45.6 11.7 10.0 2.5 2 0 4 3 3
3017.2 -12742.6 -40.2 194 0 45.4 12.1 12.5 2.5 2 0 5 5 5
3007.1 -12808.4 -47.4 104 0 11.5 36.1 10.0 2.5 2 1 4 4 4
2847.2 -12631.6 -34.9 194 0 73.1 13.0 10.0 2.5 2 0 4 2 2
2828.7 -12702.6 -41.7 194 0 62.5 12.3 12.5 2.5 2 0 5 5 5
2851.8 -12743.7 -42.5 104 0 13.5 61.6 10.0 2.5 2 1 4 2 2
2870.3 -12638.3 -34.4 194 0 73.6 12.6 12.5 2.5 4 0 5 3 3
2902.1 -12645.6 -33.7 194 0 74.4 12.4 10.0 2.5 2 0 4 1 1
2880.8 -12752.0 -41.0 104 0 12.1 64.4 12.5 2.5 2 1 5 5 5
2910.9 -12759.2 -37.6 104 0 12.5 63.5 10.0 0.0 0 1 4 3 3
2944.9 -12656.0 -33.0 14 0 71.9 12.5 12.5 2.5 2 0 5 2 2
2973.1 -12663.2 -32.5 14 0 74.3 13.0 10.0 0.0 0 0 4 3 3
2933.7 -12782.0 -39.2 104 0 14.0 80.5 15.0 2.5 2 1 6 0 0
3018.5 -12577.9 -34.1 284 0 13.8 68.8 12.5 2.5 2 1 5 5 5
3012.1 -12508.5 -38.1 14 0 50.5 12.2 12.5 0.0 0 0 5 0 0
2998.8 -12538.9 -36.1 284 0 13.2 71.5 12.5 2.5 2 1 5 1 1
2968.4 -12532.4 -36.7 284 0 12.1 71.2 10.0 2.5 4 1 4 3 3
2986.7 -12457.7 -39.3 284 0 12.0 68.1 12.5 2.5 2 1 5 3 3
2958.2 -12453.4 -39.9 284 0 13.8 65.4 10.0 2.5 2 1 4 3 3
2924.2 -12557.1 -37.4 194 0 73.1 12.8 17.5 2.5 2 0 7 3 3
2893.1 -12439.7 -41.7 194 0 28.9 41.3 12.5 0.0 0 1 5 1 1
2892.7 -12485.3 -40.2 194 0 37.0 30.6 10.0 0.0 0 0 4 2 2
2866.4 -12540.9 -38.7 194 0 72.1 30.9 10.0 0.0 0 0 4 4 4
2901.6 -10546.0 -27.3 179 0 50.1 52.0 10.0 0.0 0 1 4 1 1
2959.4 -10644.7 -30.6 86 0 43.5 27.8 12.5 0.0 0 0 5 2 2
3288.5 -10690.5 -37.2 279 0 11.2 40.9 12.5 2.5 2 1 5 5 5
3269.0 -10690.1 -37.5 279 0 11.9 37.9 10.0 2.5 2 1 4 2 2
3251.2 -10686.6 -37.8 279 0 11.9 39.6 7.5 2.5 2 1 3 5 5
3205.4 -10678.1 -38.7 279 0 48.6 77.5 12.5 0.0 0 1 5 2 2
3405.0 -10770.0 -35.4 99 0 40.7 23.2 10.0 0.0 0 0 4 3 3
3461.1 -10713.4 -34.1 279 0 21.5 28.8 7.5 0.0 0 1 3 1 1
3445.2 -10807.6 -35.2 99 0 18.5 60.4 7.5 2.5 2 1 3 2 2
3442.5 -10831.6 -35.6 99 0 22.3 15.0 10.0 0.0 0 0 4 4 4
3400.3 -10824.6 -35.6 99 0 47.2 50.9 12.5 0.0 0 1 5 4 4
3358.6 -10846.0 -34.3 279 0 51.1 33.0 10.0 0.0 0 0 4 0 0
3353.3 -10885.7 -33.0 279 0 49.6 30.2 10.0 0.0 0 0 4 2 2
3342.0 -10944.9 -31.8 99 0 44.5 22.1 15.0 2.5 2 0 6 1 1
3277.9 -10835.8 -34.6 279 0 15.6 91.1 12.5 2.5 2 1 5 3 3
3335.2 -11974.7 -36.4 101 0 10.3 146.9 10.0 2.5 2 1 4 0 0
3386.2 -12172.1 -34.2 191 0 19.1 26.2 7.5 2.5 2 1 3 2 2
3381.8 -12195.0 -34.3 191 0 20.1 26.0 10.0 0.0 0 1 4 3 3
3377.5 -12217.2 -33.6 191 0 18.3 25.8 5.0 2.5 2 1 2 1 1
3373.4 -12238.8 -32.9 191 0 20.9 25.6 10.0 2.5 2 1 4 1 1
3368.7 -12263.0 -33.1 191 0 20.7 25.4 10.0 2.5 4 1 4 0 0
3335.1 -12425.5 -40.0 191 0 17.6 27.2 10.0 2.5 4 1 4 0 0
3340.8 -12395.3 -38.6 191 0 35.3 28.0 10.0 0.0 0 0 4 2 2
3409.4 -12328.2 -34.3 117 0 22.5 72.1 7.5 0.0 0 1 3 3 3
3406.4 -12347.0 -34.8 117 0 36.0 12.9 10.0 2.5 2 0 4 4 4
3451.4 -12369.2 -35.2 117 0 35.5 10.6 7.5 2.5 2 0 3 3 3
3503.7 -12395.2 -35.7 117 0 32.6 88.5 10.0 0.0 0 1 4 1 1
3628.5 -12272.2 -32.3 27 0 37.4 59.5 10.0 0.0 0 1 4 1 1
3603.7 -12308.4 -31.9 27 0 44.5 75.9 12.5 0.0 0 1 5 2 2
3497.3 -12234.4 -33.2 297 0 83.5 39.4 7.5 0.0 0 0 3 4 4
3085.7 -11487.2 -40.0 275 0 7.8 66.6 7.5 2.5 2 1 3 5 5
3067.6 -11695.3 -41.8 101 0 17.7 58.6 12.5 2.5 2 1 5 2 2
3123.8 -11707.9 -40.7 102 0 50.1 58.2 15.0 0.0 0 1 6 1 1
3391.4 -9681.8 -32.7 351 0 161.3 12.5 10.0 0.0 0 0 4 1 1
3403.0 -9680.1 -32.4 172 0 161.1 13.3 10.0 0.0 0 0 4 3 3
3415.3 -9606.6 -27.5 172 0 16.4 49.0 10.0 2.5 4 1 4 4 4
3433.9 -9730.4 -31.3 172 0 13.3 47.8 12.5 2.5 2 1 5 3 3
3429.2 -9700.7 -30.2 172 0 30.2 47.8 10.0 0.0 0 1 4 3 3
3420.2 -9647.3 -28.3 172 0 44.2 49.3 7.5 0.0 0 1 3 2 2
3506.6 -9613.4 -28.4 262 0 49.8 43.2 7.5 0.0 0 0 3 3 3
3561.1 -9545.5 -27.7 262 0 24.7 47.7 10.0 2.5 2 1 4 0 0
3602.2 -9615.7 -28.1 331 0 33.6 54.9 10.0 0.0 0 1 4 0 0
3519.4 -9701.4 -29.5 82 0 50.9 29.5 7.5 0.0 0 0 3 3 3
3462.0 -9753.5 -32.4 82 0 48.0 18.5 10.0 2.5 2 0 4 4 4
3527.4 -9745.7 -31.9 82 0 52.1 21.0 10.0 2.5 2 0 4 3 3
3677.6 -9952.9 -28.7 84 0 24.1 42.5 10.0 2.5 2 1 4 1 1
3661.0 -9815.2 -32.2 349 0 51.7 6.8 7.5 0.0 0 0 3 1 1
3595.6 -9792.3 -34.1 265 0 29.1 119.9 12.5 0.0 0 1 5 4 4
3673.7 -10256.5 -30.1 10 0 48.0 11.0 10.0 2.5 2 0 4 2 2
3656.1 -10340.6 -30.9 10 0 109.0 19.2 12.5 0.0 0 0 5 0 0
3587.7 -10497.7 -32.4 99 0 33.6 23.9 7.5 0.0 0 0 3 0 0
3506.4 -10474.7 -32.3 190 0 13.9 58.7 7.5 2.5 2 1 3 2 2
3533.7 -10428.8 -31.6 191 0 31.3 77.9 10.0 0.0 0 1 4 3 3
4013.5 -10307.4 -26.1 11 0 19.9 64.0 7.5 2.5 2 1 3 4 4
3897.2 -10262.6 -26.5 10 0 52.8 21.8 10.0 2.5 2 0 4 5 5
3868.1 -10326.0 -27.4 102 0 39.6 34.5 7.5 0.0 0 0 3 5 5
3807.6 -10301.6 -29.5 101 0 61.7 16.7 10.0 2.5 2 0 4 3 3
3855.3 -10183.6 -34.0 276 0 111.3 26.9 10.0 0.0 0 0 4 2 2
3836.5 -10216.4 -32.0 281 0 69.0 64.4 12.5 0.0 0 0 5 4 4
3938.7 -10038.4 -28.3 281 0 100.6 98.9 7.5 0.0 0 0 3 0 0
4360.6 -10365.6 -25.7 280 0 100.3 37.3 12.5 0.0 0 0 5 0 0
3417.0 -10226.8 -25.5 95 0 119.3 51.4 10.0 0.0 0 0 4 3 3
4277.3 -11973.9 -38.0 26 0 35.2 104.0 10.0 0.0 0 1 4 1 1
-6177.4 -1634.8 6.7 359 0 22.0 26.0 12.5 0.0 0 1 5 2 2
-6177.1 -1695.9 7.2 360 0 25.3 23.3 10.0 0.0 0 0 4 5 5
-6191.0 -1768.7 9.5 122 0 20.9 21.6 7.5 2.5 2 1 3 2 2
-6254.0 -1779.1 9.1 124 0 20.9 24.1 12.5 2.5 2 1 5 3 3
-6319.0 -1771.1 7.6 137 0 30.8 25.7 10.0 0.0 0 0 4 2 2
-6346.9 -1694.6 3.9 175 0 71.9 14.6 10.0 0.0 0 0 4 0 0
-6313.0 -1692.4 4.3 173 0 76.5 12.1 12.5 2.5 4 0 5 3 3
-6281.9 -1690.8 4.7 172 0 75.9 10.8 15.0 2.5 2 0 6 0 0
-6242.7 -1728.1 5.4 83 0 11.7 76.7 10.0 2.5 2 1 4 4 4
-6352.2 -1633.2 2.9 127 0 19.4 21.6 7.5 2.5 2 1 3 4 4
-6332.8 -1594.3 2.2 211 0 22.0 19.3 15.0 0.0 0 0 6 1 1
-6293.1 -1592.8 3.2 204 0 16.9 17.1 10.0 2.5 2 1 4 2 2
-6281.7 -1557.2 1.9 270 0 10.9 20.0 5.0 0.0 0 1 2 4 4
-6239.6 -1594.4 3.8 21 0 19.7 18.4 7.5 2.5 2 0 3 2 2
-6245.9 -1554.3 2.7 272 0 13.3 20.3 10.0 0.0 0 1 4 0 0
-6212.6 -1495.9 2.0 237 0 14.9 39.1 10.0 2.5 2 1 4 3 3
-277.8 -6526.0 -24.1 178 0 232.1 171.5 7.5 0.0 0 0 3 4 4
393.8 -6163.6 -26.5 183 0 353.9 274.4 10.0 0.0 0 0 4 3 3
-6.9 -6045.3 -20.8 184 0 375.5 154.9 12.5 0.0 0 0 5 4 4
81.5 -6302.7 -16.3 96 0 142.5 60.4 12.5 0.0 0 0 5 2 2
3615.9 -4182.7 -17.5 158 0 11.0 7.3 5.0 2.5 2 0 2 4 4
3600.1 -4134.0 -17.0 162 0 28.3 28.3 10.0 0.0 0 0 4 5 5
4963.8 -3305.6 -18.8 57 0 20.7 80.8 10.5 0.0 0 1 3 4 4
-6199.0 -1940.2 -9.4 81 0 31.1 111.6 10.0 0.0 0 1 4 0 0
-6194.6 -1962.8 -13.8 260 0 30.3 122.0 10.0 0.0 0 1 4 1 1
-6117.0 -1948.7 -1.6 260 0 29.1 121.4 10.0 0.0 0 1 4 0 0
-6158.1 -2198.5 -14.6 42 0 20.2 92.7 12.5 0.0 0 1 5 3 3
-6804.5 343.9 0.5 0 0 60.7 25.8 10.0 2.5 2 0 4 2 2
-6803.8 442.6 2.6 3 0 56.9 23.7 10.0 2.5 2 0 4 2 2
-6856.2 271.7 -0.1 270 0 27.3 57.9 12.5 2.5 2 1 5 4 4
-6898.6 514.8 7.2 269 0 26.8 59.4 12.5 2.5 2 1 5 2 2
-167.6 -6807.9 -24.1 77 0 45.5 119.0 10.5 0.0 0 1 3 1 1
6791.8 5801.0 -2.0 157 0 41.6 36.9 17.5 0.0 0 0 5 1 1
6812.0 5886.2 1.4 359 0 12.5 22.9 17.5 3.5 2 1 5 4 4
6744.5 5918.9 0.7 271 0 39.7 15.1 17.5 3.5 2 0 5 4 4
6724.7 5857.7 -1.5 90 0 41.1 20.4 17.5 3.5 2 0 5 3 3
6658.8 5886.1 -2.5 204 0 40.9 13.5 17.5 3.5 2 0 5 4 4
6474.8 6276.8 -2.4 179 0 130.1 20.0 17.5 0.0 0 0 5 0 0
6477.9 6500.0 3.0 90 0 40.1 92.3 14.0 0.0 0 0 4 0 0
6485.4 6500.1 3.0 90 0 25.0 76.6 14.0 0.0 0 0 4 0 0
