1822.8 2327.4 -8.0 300 0 53.9 108.4 10.0 0.0 0 1 4 5 5
66.8 -4161.7 0.5 252 0 77.0 25.9 15.0 0.0 0 0 6 4 4
-1796.6 859.6 -9.1 224 0 55.4 105.1 10.0 0.0 0 1 4 4 4
-1649.2 754.3 -8.8 314 0 103.8 55.9 5.0 0.0 0 0 2 4 4
-4179.2 -8751.1 -15.4 154 0 233.7 61.6 10.0 0.0 0 0 4 2 2
-4190.3 -8404.5 -15.0 243 0 101.3 430.6 12.5 0.0 0 1 5 3 3
-4394.8 -8506.4 -15.2 243 0 99.8 431.0 10.0 0.0 0 1 4 4 4
-2152.2 -12509.4 -22.3 152 0 136.2 49.9 10.0 0.0 0 0 4 5 5
-2106.2 -12421.0 -22.0 152 0 135.4 31.6 10.0 0.0 0 0 4 4 4
-2189.9 -12415.5 -21.0 153 0 38.8 40.3 10.0 0.0 0 1 4 3 3
-1952.3 -12668.3 -24.0 326 0 88.8 90.5 7.5 0.0 0 1 3 4 4
-2017.1 -12867.3 -25.0 146 0 61.4 130.0 7.5 0.0 0 1 3 3 3
-5363.5 -9006.1 -15.3 76 0 22.9 17.5 10.0 2.5 2 0 4 1 1
1387.0 1839.3 0.5 1 0 60.9 11.7 10.0 2.5 2 0 4 5 5
1387.5 1756.4 0.3 360 0 59.8 11.7 10.0 2.5 2 0 4 3 3
1424.6 -48.5 -4.1 180 0 150.8 151.3 10.0 0.0 0 1 4 3 3
-1275.1 -1876.5 -8.1 337 0 34.0 47.1 10.0 0.0 0 1 4 2 2
-1247.6 -2406.6 -7.0 343 0 180.0 108.6 10.0 0.0 0 0 4 1 1
1855.4 1203.2 -7.6 268 0 58.7 76.0 17.5 0.0 0 1 7 5 5
-1885.7 12565.4 -18.1 282 0 44.8 30.9 12.5 2.5 4 0 5 2 2
-1823.9 12708.0 -7.0 359 0 54.9 28.8 12.5 0.0 0 0 5 4 4
-5990.3 11906.8 -21.0 84 0 44.0 54.7 10.0 0.0 0 1 4 3 3
2428.1 -4901.5 -11.4 233 0 65.2 100.9 10.0 0.0 0 1 4 5 5
511.6 -2890.0 -1.4 95 0 12.1 58.2 10.0 2.5 4 1 4 1 1
490.9 -2888.5 1.4 95 0 12.1 58.2 15.0 2.5 2 1 6 2 2
468.0 -2888.0 4.9 94 0 12.0 58.2 17.5 2.5 2 1 7 3 3
445.3 -2884.4 8.5 94 0 12.1 65.8 10.0 2.5 2 1 4 0 0
424.3 -2882.9 11.1 94 0 12.0 65.8 7.5 0.0 0 1 3 5 5
425.0 -2899.4 10.6 273 0 12.0 52.2 7.5 2.5 2 1 3 2 2
447.1 -2899.1 7.2 273 0 12.0 52.2 7.5 0.0 0 1 3 1 1
467.6 -2899.9 4.2 273 0 11.7 41.9 10.0 2.5 2 1 4 2 2
490.0 -2903.7 1.2 273 0 11.7 41.9 12.5 2.5 2 1 5 2 2
534.7 -2891.7 -1.4 93 0 12.0 36.6 12.5 2.5 2 1 5 2 2
1750.9 -3668.5 -10.0 0 0 48.0 52.9 12.5 0.0 0 1 5 4 4
2497.9 -5185.4 -10.9 326 0 68.9 108.2 10.0 0.0 0 1 4 0 0
2397.5 -5085.2 -11.1 234 0 27.1 66.6 7.5 0.0 0 1 3 1 1
2364.9 -5159.0 -11.0 144 0 66.6 27.1 10.0 0.0 0 0 4 1 1
2299.1 -5050.9 -11.3 234 0 27.1 66.6 10.0 0.0 0 1 4 1 1
2283.2 -4849.8 -11.5 234 0 27.1 66.6 10.0 0.0 0 1 4 3 3
2303.0 -4683.3 -9.7 324 0 66.6 27.1 7.5 0.0 0 0 3 5 5
2301.8 -4808.2 -10.7 54 0 27.1 66.6 5.0 0.0 0 1 2 1 1
2268.3 -4831.8 -11.0 54 0 27.1 66.6 10.0 0.0 0 1 4 5 5
2152.7 -4652.0 -9.9 234 0 27.1 66.6 10.0 0.0 0 1 4 1 1
2253.3 -4751.0 -10.3 54 0 27.1 66.6 7.5 0.0 0 1 3 0 0
2225.7 -4770.4 -10.6 54 0 27.1 66.6 7.5 0.0 0 1 3 3 3
2198.0 -4793.9 -10.9 54 0 27.1 66.6 7.5 0.0 0 1 3 3 3
2114.2 -4679.7 -10.2 234 0 27.1 66.6 10.0 0.0 0 1 4 2 2
2083.2 -4696.6 -10.5 234 0 27.1 66.6 10.0 0.0 0 1 4 4 4
2052.2 -4721.8 -10.8 234 0 27.1 66.6 10.0 0.0 0 1 4 3 3
2014.6 -4741.2 -11.1 234 0 27.1 66.6 10.0 0.0 0 1 4 3 3
1980.2 -4769.8 -11.5 234 0 27.1 66.6 7.5 0.0 0 1 3 0 0
1948.4 -4793.4 -11.8 234 0 27.1 66.6 7.5 0.0 0 1 3 1 1
1917.5 -4816.9 -11.9 234 0 27.1 66.6 10.0 0.0 0 1 4 3 3
1901.2 -4871.1 -11.9 144 0 66.6 27.1 12.5 0.0 0 0 5 3 3
1941.4 -4935.1 -11.6 144 0 66.6 27.1 12.5 0.0 0 0 5 4 4
1974.9 -4914.9 -12.1 144 0 66.6 27.1 12.5 0.0 0 0 5 5 5
2003.3 -4893.0 -12.0 144 0 66.6 27.1 10.0 0.0 0 0 4 0 0
2030.5 -4836.3 -11.9 234 0 27.1 66.6 10.0 0.0 0 1 4 4 4
2061.4 -4811.0 -11.8 234 0 27.1 66.6 10.0 0.0 0 1 4 3 3
2136.1 -4845.3 -11.6 54 0 27.1 66.6 10.0 0.0 0 1 4 3 3
2168.8 -4815.8 -11.2 54 0 27.1 66.6 7.5 0.0 0 1 3 0 0
2111.8 -5127.6 -11.1 56 0 34.8 65.4 7.5 0.0 0 1 3 2 2
2152.1 -5087.2 -11.6 56 0 34.8 65.4 7.5 0.0 0 1 3 2 2
2195.7 -4928.3 -12.0 326 0 72.7 149.1 10.0 0.0 0 1 4 3 3
2274.2 -4945.4 -11.9 54 0 27.1 66.6 10.0 0.0 0 1 4 3 3
2219.8 -4865.6 -11.6 53 0 27.2 58.0 7.5 2.5 2 1 3 4 4
1385.1 -3643.8 -9.1 345 0 108.1 18.3 12.5 0.0 0 0 5 5 5
1513.5 -3703.4 -9.9 252 0 16.6 64.0 10.0 2.5 2 1 4 5 5
1547.6 -3692.4 -9.9 252 0 16.6 64.0 7.5 2.5 2 1 3 4 4
1540.8 -3638.2 -9.5 342 0 64.0 16.6 7.5 2.5 2 0 3 4 4
1551.1 -3817.5 -9.8 91 0 16.2 22.8 10.0 2.5 2 1 4 1 1
1585.1 -3816.5 -9.8 91 0 16.2 22.8 12.5 2.5 2 1 5 3 3
1476.5 -3711.8 -9.7 252 0 22.1 42.1 10.0 0.0 0 1 4 1 1
1507.9 -3685.1 -9.4 74 0 22.1 42.1 10.0 0.0 0 1 4 2 2
