-3018.1 -11320.9 -54.2 28 0 37.0 25.5 14.0 0.0 0 0 4 4 4
-2958.7 -11437.6 -58.9 208 0 16.2 71.5 14.0 3.5 2 1 4 4 4
-2938.3 -11646.7 -68.1 90 0 66.5 21.5 12.5 2.5 2 0 5 0 0
-3048.5 -11306.1 -48.3 207 0 34.4 6.2 10.5 3.5 2 0 3 1 1
4998.4 6641.9 -54.9 84 0 24.6 67.4 12.5 0.0 0 1 5 1 1
5147.4 6932.0 -61.4 90 0 37.3 127.3 14.0 0.0 0 1 4 2 2
4953.6 6637.2 -53.7 87 0 43.5 68.7 7.5 0.0 0 1 3 3 3
5033.2 6645.2 -56.1 84 0 24.1 67.1 10.0 0.0 0 1 4 4 4
4905.1 6744.1 -52.0 175 0 53.6 30.4 10.0 0.0 0 0 4 2 2
5195.1 6932.0 -61.7 90 0 36.9 127.7 14.0 0.0 0 1 4 0 0
574.2 917.7 -38.1 23 0 92.0 90.5 14.0 0.0 0 0 4 4 4
677.4 1037.2 -47.1 24 0 85.9 30.6 14.0 0.0 0 0 4 3 3
435.4 1148.3 -49.2 204 0 85.9 115.3 14.0 0.0 0 1 4 0 0
224.3 938.1 -60.6 317 0 56.1 79.7 14.0 0.0 0 1 4 0 0
-228.7 1721.2 -53.2 304 0 64.8 46.0 10.5 0.0 0 0 3 3 3
-4006.4 -9533.1 -70.3 317 0 40.3 55.6 14.0 0.0 0 1 4 5 5
-6605.1 164.6 -56.5 186 0 31.0 20.5 12.5 0.0 0 0 5 2 2
-6608.3 192.7 -55.1 185 0 22.9 33.1 12.5 0.0 0 1 5 3 3
-6462.1 6736.7 -63.8 57 0 17.8 18.8 14.0 3.5 2 1 4 1 1
-6427.7 6762.8 -64.3 60 0 28.9 15.0 14.0 3.5 2 0 4 4 4
-6492.0 6791.0 -64.3 303 0 31.6 13.3 10.5 3.5 2 0 3 3 3
-6763.7 7170.2 -64.8 271 0 11.7 17.5 10.5 0.0 0 1 3 5 5
-6747.7 7170.2 -64.8 271 0 13.2 18.4 10.5 3.5 4 1 3 4 4
-6731.4 7169.5 -64.7 273 0 11.8 17.5 10.5 3.5 4 1 3 1 1
-6716.4 7169.3 -64.5 272 0 11.4 17.5 10.5 3.5 2 1 3 1 1
-6701.1 7169.2 -64.2 273 0 11.7 19.0 10.5 3.5 2 1 3 1 1
-6679.4 7159.7 -64.0 1 0 17.7 12.0 10.5 3.5 2 0 3 3 3
-6308.7 3237.7 -51.4 327 0 47.9 11.4 14.0 3.5 4 0 4 2 2
-6795.9 3029.3 -51.5 156 0 16.3 16.4 17.5 3.5 2 1 5 4 4
-6822.4 3036.5 -53.3 156 0 16.3 16.4 17.5 3.5 2 1 5 3 3
-6829.7 3052.0 -55.1 156 0 16.3 16.5 17.5 3.5 2 1 5 0 0
-6786.8 3080.9 -52.3 240 0 16.5 16.3 17.5 3.5 2 0 5 2 2
-6746.9 3009.6 -46.1 357 0 16.3 16.4 17.5 3.5 2 1 5 4 4
-6753.2 3028.4 -47.0 356 0 16.3 16.4 17.5 3.5 2 1 5 2 2
-6764.0 3067.1 -49.0 150 0 16.3 16.5 17.5 3.5 2 1 5 3 3
-6755.3 3051.2 -46.2 150 0 16.3 16.5 17.5 3.5 2 1 5 4 4
-6746.9 3035.8 -43.5 150 0 16.3 16.5 17.5 3.5 4 1 5 5 5
-6732.4 3085.0 -48.0 330 0 16.3 16.5 17.5 3.5 2 1 5 3 3
-6713.0 2998.6 -38.0 91 0 16.4 16.3 17.5 3.5 2 0 5 1 1
-6776.0 2961.6 -44.8 91 1 14.1 13.5 17.5 0.0 0 0 5 0 0
-6775.1 2989.3 -46.2 271 1 14.2 13.5 17.5 0.0 0 0 5 0 0
-6806.6 2957.3 -44.6 181 1 13.5 14.1 17.5 3.5 4 1 5 1 1
-6806.2 2971.9 -46.0 181 1 13.5 14.1 17.5 3.5 2 1 5 2 2
-6746.6 2982.2 -45.8 2 0 21.8 16.2 17.5 3.5 2 0 5 2 2
-6818.9 2949.0 -45.3 89 1 13.7 15.3 17.5 3.5 2 1 5 5 5
-6813.8 2983.9 -48.1 359 1 18.3 12.1 17.5 0.0 0 0 5 5 5
-6849.9 2986.0 -49.4 180 0 20.8 14.6 17.5 3.5 2 0 5 3 3
-6849.4 3013.4 -52.0 179 1 18.2 13.3 17.5 3.5 2 0 5 0 0
-6849.0 3039.0 -54.4 179 1 15.8 12.8 17.5 3.5 2 0 5 5 5
-6857.5 2976.4 -49.2 1 0 18.3 15.4 14.0 3.5 2 0 4 5 5
-6895.0 3000.2 -52.6 181 0 21.6 12.9 14.0 3.5 2 0 4 2 2
-6910.8 2956.0 -53.2 93 0 12.7 9.9 10.5 3.5 2 0 3 3 3
-6916.4 2971.6 -53.0 184 0 8.9 12.1 10.5 3.5 2 1 3 1 1
-6913.9 2993.7 -52.6 182 1 10.1 12.5 14.0 3.5 4 1 4 3 3
-6711.3 3391.5 -43.9 170 0 13.3 19.9 17.5 3.5 4 1 5 5 5
-6640.4 3385.7 -41.5 251 0 17.1 17.3 17.5 3.5 2 1 5 5 5
-5800.4 3872.3 -48.6 1 0 47.7 14.8 17.5 3.5 2 0 5 1 1
-5802.1 3928.1 -46.9 0 0 58.0 17.3 17.5 3.5 2 0 5 0 0
-6692.7 4637.7 -51.3 75 0 76.3 108.9 14.0 0.0 0 1 4 0 0
-6654.4 4689.4 -48.1 169 0 77.8 47.5 14.0 0.0 0 0 4 2 2
-6032.7 3978.5 -54.9 179 0 100.3 37.4 17.5 0.0 0 0 5 3 3
-6002.8 3867.1 -56.3 89 0 22.0 51.3 17.5 3.5 2 1 5 0 0
-5861.3 4055.2 -46.0 91 0 83.8 96.3 17.5 0.0 0 1 5 4 4
-5817.5 4211.1 -54.5 1 0 96.3 82.2 17.5 0.0 0 0 5 5 5
-5939.5 3868.8 -54.7 90 0 62.8 51.1 17.5 0.0 0 0 5 2 2
-5960.4 3984.9 -52.7 270 0 27.2 55.3 17.5 3.5 2 1 5 4 4
-5949.5 4009.1 -49.5 1 0 34.7 23.7 17.5 0.0 0 0 5 3 3
-5916.2 4018.8 -48.7 272 0 50.3 13.0 17.5 3.5 2 0 5 4 4
-5823.1 3870.8 -50.3 11 0 19.6 52.5 17.5 3.5 2 1 5 3 3
-5859.0 3925.3 -49.6 0 0 56.7 18.5 17.5 3.5 2 0 5 2 2
-5866.5 4032.4 -48.0 271 0 19.4 74.5 17.5 3.5 4 1 5 5 5
-5837.0 4028.2 -46.3 272 0 18.3 59.9 17.5 3.5 2 1 5 5 5
-5800.0 3999.5 -44.9 0 0 61.9 17.7 17.5 3.5 2 0 5 3 3
-5797.1 4321.8 -55.6 1 0 93.8 68.6 17.5 0.0 0 0 5 5 5
-5708.3 4219.1 -57.5 91 0 137.7 206.9 17.5 0.0 0 1 5 0 0
-5655.5 4543.9 -53.9 270 0 105.9 112.2 17.5 0.0 0 1 5 2 2
-5380.0 3744.0 -47.4 93 0 47.0 69.8 14.0 0.0 0 1 4 4 4
-5322.1 3764.1 -46.0 90 0 34.0 41.4 14.0 0.0 0 1 4 5 5
-5277.4 3727.9 -50.6 102 0 52.7 78.9 14.0 0.0 0 1 4 4 4
-5196.7 3802.8 -50.5 270 0 59.8 30.5 14.0 0.0 0 0 4 0 0
-5979.2 3763.0 -55.3 190 0 68.8 55.6 14.0 0.0 0 0 4 2 2
-5738.8 3069.5 -37.6 90 0 16.1 53.2 17.5 3.5 2 1 5 1 1
-5741.2 3163.8 -30.9 182 0 51.5 16.2 17.5 3.5 2 0 5 4 4
-5747.5 3229.1 -32.1 182 0 51.5 16.2 17.5 3.5 2 0 5 0 0
-5684.0 3097.2 -36.3 39 0 28.1 19.1 17.5 0.0 0 0 5 1 1
-5662.1 3135.9 -34.1 10 0 28.5 17.0 17.5 3.5 2 0 5 2 2
-5665.3 3180.6 -33.3 348 0 30.9 16.5 17.5 3.5 2 0 5 3 3
-5700.5 3222.1 -32.1 211 0 16.5 27.6 17.5 3.5 2 1 5 5 5
-5636.7 3228.1 -35.2 264 0 16.7 60.0 14.0 3.5 2 1 4 1 1
-5560.8 3154.2 -39.5 244 0 22.5 18.8 17.5 0.0 0 0 5 2 2
-5538.6 3166.9 -40.5 244 0 22.5 18.8 17.5 3.5 2 0 5 1 1
-5515.2 3180.3 -43.4 244 0 22.5 18.8 17.5 3.5 2 0 5 0 0
-5491.4 3193.0 -46.0 244 0 22.5 18.8 17.5 3.5 4 0 5 2 2
-5460.3 3213.0 -45.5 244 0 14.4 21.6 17.5 3.5 2 1 5 2 2
-5586.5 3124.2 -38.8 154 0 36.5 17.1 17.5 3.5 2 0 5 3 3
-5551.9 3205.6 -39.4 171 0 28.7 21.4 17.5 0.0 0 0 5 5 5
-5556.9 3234.6 -38.8 171 0 28.7 21.4 17.5 0.0 0 0 5 2 2
-5561.0 3267.8 -38.1 175 0 28.7 21.4 17.5 0.0 0 0 5 0 0
-5563.7 3297.0 -38.1 175 0 28.7 21.4 17.5 0.0 0 0 5 2 2
-5565.7 3331.5 -40.5 175 0 29.8 20.3 17.5 0.0 0 0 5 2 2
-5565.9 3371.2 -42.8 192 0 29.7 22.0 17.5 0.0 0 0 5 4 4
-5559.9 3401.0 -44.9 192 0 29.7 22.0 17.5 0.0 0 0 5 5 5
-5503.0 3366.7 -43.0 355 0 22.9 24.3 17.5 3.5 2 1 5 0 0
-5499.4 3337.8 -41.1 355 0 22.9 24.3 17.5 3.5 2 1 5 4 4
-5496.7 3310.4 -39.6 355 0 22.9 24.3 17.5 3.5 2 1 5 1 1
-5493.7 3283.0 -40.1 355 0 22.9 24.3 17.5 3.5 2 1 5 5 5
-5491.9 3254.7 -40.5 1 0 22.9 24.3 17.5 3.5 2 1 5 1 1
-5492.1 3226.7 -41.4 3 0 22.9 24.3 17.5 0.0 0 1 5 0 0
-5515.4 3431.1 -46.9 214 0 13.7 19.7 17.5 3.5 2 1 5 4 4
-5495.2 3406.9 -46.1 137 0 20.6 14.2 17.5 3.5 2 0 5 1 1
-5484.1 3389.0 -45.0 156 0 23.1 14.4 17.5 0.0 0 0 5 4 4
-5477.4 3365.5 -43.6 171 0 26.1 14.7 17.5 3.5 2 0 5 2 2
-5482.0 3330.0 -41.3 173 0 26.5 21.9 17.5 3.5 2 0 5 2 2
-5478.1 3301.1 -43.0 173 0 26.5 21.9 17.5 3.5 2 0 5 5 5
-5473.4 3268.4 -43.7 173 0 26.5 21.9 17.5 3.5 2 0 5 2 2
-5457.9 3227.5 -44.5 83 0 21.9 26.5 17.5 3.5 2 1 5 2 2
-5424.7 3330.6 -42.3 88 0 13.6 26.8 17.5 3.5 2 1 5 5 5
-5419.0 3373.3 -43.4 358 0 26.8 13.6 17.5 3.5 4 0 5 5 5
-5426.4 3404.7 -45.0 333 0 26.8 13.7 17.5 3.5 2 0 5 5 5
-5442.4 3429.4 -46.4 324 0 26.7 13.7 17.5 3.5 2 0 5 2 2
-5474.2 3452.0 -47.5 226 0 13.8 22.6 17.5 3.5 2 1 5 0 0
-5434.4 3258.8 -43.8 170 0 29.3 15.4 14.0 3.5 2 0 4 4 4
-5413.8 3321.8 -43.7 261 0 17.9 33.8 14.0 0.0 0 1 4 4 4
-5510.9 3443.8 -49.9 63 0 74.1 43.0 17.5 0.0 0 0 5 2 2
-5460.3 3612.3 -55.7 101 0 25.1 78.7 17.5 0.0 0 1 5 1 1
-5432.8 3589.9 -54.3 102 0 27.6 98.1 17.5 0.0 0 1 5 0 0
-5399.0 3573.8 -53.2 102 0 22.4 106.6 17.5 0.0 0 1 5 1 1
-5368.6 3556.7 -55.3 101 0 23.3 102.9 17.5 0.0 0 1 5 4 4
-5342.5 3535.0 -55.5 101 0 27.1 103.4 17.5 0.0 0 1 5 2 2
-5279.2 3466.4 -48.7 90 0 13.5 52.9 17.5 3.5 2 1 5 2 2
-5267.1 3548.0 -51.2 355 0 24.7 23.4 17.5 0.0 0 0 5 3 3
-5276.1 3621.7 -54.1 271 0 18.1 51.6 17.5 3.5 2 1 5 3 3
-5313.4 3505.5 -49.7 143 0 44.0 12.0 17.5 3.5 2 0 5 2 2
-5393.5 3435.1 -46.7 317 0 53.3 21.9 17.5 3.5 2 0 5 1 1
-5376.7 3390.7 -44.1 61 0 15.0 15.1 17.5 0.0 0 1 5 0 0
-5183.8 3468.8 -50.5 0 0 16.7 22.9 17.5 3.5 4 1 5 1 1
-5182.2 3528.7 -51.0 357 0 16.0 22.3 17.5 3.5 2 1 5 1 1
-5175.7 3457.5 -51.3 178 0 14.6 18.1 14.0 3.5 2 1 4 4 4
-5416.3 3777.7 -45.1 12 0 36.9 22.6 10.0 0.0 0 0 4 1 1
-5423.4 3825.6 -42.0 275 0 22.9 28.7 10.0 0.0 0 0 4 1 1
-5474.5 3769.9 -43.9 98 0 22.2 25.1 10.0 2.5 2 1 4 4 4
-5469.9 3823.5 -41.4 272 0 22.8 26.1 17.5 0.0 0 1 7 4 4
-5547.2 3782.7 -42.0 100 0 25.5 25.9 12.5 0.0 0 1 5 5 5
-5518.5 3776.9 -43.0 103 0 31.9 26.1 15.0 0.0 0 0 6 4 4
-5573.9 3827.8 -41.0 271 0 21.5 25.1 10.0 2.5 2 1 4 4 4
-6068.5 7469.8 -25.8 282 0 18.3 19.3 14.0 3.5 2 1 4 5 5
-6088.8 7482.6 -30.0 282 0 18.3 19.3 14.0 3.5 2 1 4 4 4
-6110.7 7472.2 -32.9 103 0 12.1 24.9 14.0 3.5 2 1 4 5 5
-6122.2 7477.4 -34.8 62 0 11.8 24.3 14.0 3.5 2 1 4 0 0
-6129.9 7466.6 -38.0 3 0 11.8 24.2 14.0 3.5 4 1 4 3 3
-6128.2 7452.6 -38.8 314 0 11.7 24.1 14.0 3.5 2 1 4 3 3
-6112.9 7442.6 -35.8 282 0 18.3 19.3 14.0 3.5 2 1 4 0 0
-6090.2 7439.2 -32.1 282 0 18.3 19.3 14.0 3.5 2 1 4 0 0
-6068.8 7434.2 -28.7 282 0 18.3 19.3 14.0 3.5 4 1 4 1 1
-6054.4 7427.6 -25.1 217 0 23.8 10.9 14.0 3.5 2 0 4 0 0
-6029.8 7425.2 -23.6 310 0 10.9 23.8 14.0 3.5 2 1 4 3 3
-6016.0 7416.9 -21.9 315 0 10.9 23.8 14.0 3.5 2 1 4 2 2
-5995.0 7386.5 -20.4 11 0 11.3 23.9 14.0 3.5 2 1 4 2 2
-5993.3 7371.6 -21.3 11 0 11.3 23.9 14.0 3.5 2 1 4 5 5
-5989.8 7356.1 -21.9 11 0 11.3 23.9 14.0 3.5 2 1 4 2 2
-5988.5 7340.0 -23.0 11 0 11.3 23.9 14.0 3.5 2 1 4 1 1
-5986.6 7323.2 -24.1 11 0 11.3 23.9 14.0 3.5 2 1 4 3 3
-5986.0 7307.5 -25.8 11 0 11.3 23.9 14.0 3.5 2 1 4 4 4
-5986.4 7292.7 -27.6 11 0 11.3 23.9 14.0 3.5 2 1 4 4 4
-5981.4 7276.4 -30.5 342 0 13.7 29.1 14.0 3.5 2 1 4 2 2
-5968.4 7262.7 -30.8 318 0 18.3 34.4 14.0 0.0 0 1 4 1 1
-5934.3 7226.3 -24.9 317 0 24.6 19.6 14.0 3.5 2 0 4 5 5
-5967.2 7284.5 -21.2 179 0 16.2 16.0 14.0 3.5 2 0 4 2 2
-5967.6 7301.5 -19.4 179 0 16.2 16.0 14.0 3.5 2 0 4 0 0
-5968.1 7318.5 -17.5 179 0 16.2 16.0 14.0 3.5 2 0 4 5 5
-5969.2 7340.0 -15.8 172 0 16.2 16.0 14.0 0.0 0 0 4 0 0
-5971.5 7356.9 -14.8 172 0 16.2 16.0 14.0 3.5 2 0 4 1 1
-5973.9 7373.7 -14.7 172 0 16.2 16.0 14.0 3.5 2 0 4 1 1
-5977.1 7393.0 -15.0 168 0 16.2 16.0 14.0 3.5 2 0 4 5 5
-5981.7 7409.5 -15.4 163 0 16.2 16.0 14.0 3.5 2 0 4 1 1
-5998.8 7428.9 -17.4 133 0 16.2 16.1 14.0 3.5 2 0 4 5 5
-6011.4 7440.7 -18.7 133 0 16.2 16.1 14.0 3.5 2 0 4 1 1
-5964.3 7453.2 -14.7 312 1 15.1 16.2 14.0 3.5 2 1 4 2 2
-5976.2 7464.4 -15.9 313 1 15.1 16.2 14.0 3.5 4 1 4 1 1
-5999.2 7474.5 -17.1 222 1 16.2 15.1 14.0 3.5 2 0 4 1 1
-5943.3 7432.3 -13.0 330 0 18.7 18.1 14.0 3.5 2 0 4 1 1
-5928.5 7345.7 -11.9 350 1 15.1 16.2 14.0 3.5 2 1 4 0 0
-5930.7 7361.7 -11.9 350 1 15.1 16.2 14.0 3.5 2 1 4 3 3
-5932.2 7378.6 -11.9 356 1 15.1 16.2 14.0 3.5 2 1 4 5 5
-5933.4 7394.1 -11.9 356 1 15.1 16.2 14.0 3.5 2 1 4 0 0
-5934.7 7409.7 -11.9 356 1 15.1 16.2 14.0 3.5 2 1 4 0 0
-5925.7 7295.3 -15.3 359 1 15.1 16.2 14.0 3.5 2 1 4 0 0
-5925.9 7311.1 -13.5 359 1 15.1 16.2 14.0 3.5 2 1 4 3 3
-5926.3 7326.6 -12.3 359 1 15.1 16.2 14.0 3.5 2 1 4 3 3
-5924.2 7276.8 -17.5 359 0 18.7 18.1 14.0 3.5 4 0 4 0 0
-5889.2 7246.2 -14.2 8 0 18.0 18.4 14.0 3.5 2 1 4 1 1
-5909.2 7271.7 -11.8 183 0 18.0 18.4 14.0 3.5 2 1 4 0 0
-5893.7 7293.4 -10.1 0 0 18.0 18.4 14.0 3.5 2 1 4 0 0
-5895.6 7315.4 -8.9 0 0 18.0 18.4 14.0 3.5 2 1 4 5 5
-5896.4 7344.9 -8.7 0 0 18.0 18.4 14.0 3.5 2 1 4 4 4
-5896.4 7367.5 -8.4 0 0 18.0 18.4 14.0 3.5 4 1 4 4 4
-5921.9 7387.5 -9.0 180 1 13.2 17.0 14.0 3.5 2 1 4 0 0
-5922.5 7401.7 -8.9 180 1 13.2 17.0 14.0 0.0 0 1 4 3 3
-5922.6 7415.9 -8.7 180 1 13.2 17.0 14.0 3.5 2 1 4 0 0
-5922.9 7429.8 -8.6 180 1 13.2 17.0 14.0 0.0 0 1 4 2 2
-5923.6 7443.9 -8.6 180 1 13.2 17.0 14.0 3.5 2 1 4 0 0
-5923.9 7458.0 -8.5 180 1 13.2 17.0 14.0 3.5 2 1 4 0 0
-5924.2 7472.1 -8.3 180 1 13.2 17.0 14.0 3.5 2 1 4 2 2
-5881.4 7401.6 -7.0 1 1 12.6 16.2 14.0 3.5 4 1 4 5 5
-5881.1 7416.1 -6.9 1 1 12.6 16.2 14.0 3.5 2 1 4 0 0
-5880.9 7430.5 -6.7 1 1 12.6 16.2 14.0 3.5 2 1 4 0 0
-5880.6 7444.7 -6.5 1 1 12.6 16.2 14.0 3.5 4 1 4 0 0
-5881.9 7458.2 -6.4 1 1 12.6 16.1 14.0 3.5 2 1 4 4 4
-5892.0 7478.3 -6.3 271 1 16.2 12.6 14.0 3.5 2 0 4 1 1
-6032.6 7519.4 -31.0 45 0 12.3 25.8 14.0 3.5 2 1 4 4 4
-6019.6 7528.0 -29.4 80 0 12.2 25.9 14.0 0.0 0 1 4 1 1
-6003.3 7512.7 -26.4 91 0 17.6 43.3 14.0 3.5 2 1 4 1 1
-5980.5 7503.7 -20.7 91 0 17.6 43.3 14.0 3.5 2 1 4 5 5
-5958.7 7496.0 -15.3 91 0 17.6 43.3 14.0 3.5 2 1 4 2 2
-5938.6 7495.6 -11.4 91 0 17.6 43.3 14.0 3.5 2 1 4 0 0
-5917.0 7495.0 -8.2 91 0 17.6 43.3 14.0 3.5 2 1 4 0 0
-5865.4 7501.8 -5.8 47 0 12.7 25.0 14.0 3.5 2 1 4 1 1
-5868.7 7531.8 -4.1 228 0 12.5 23.2 14.0 3.5 2 1 4 5 5
-5842.7 7490.5 -5.8 190 0 18.7 17.7 14.0 3.5 2 0 4 2 2
-5861.6 7470.6 -6.1 199 0 14.0 24.2 14.0 3.5 2 1 4 4 4
-5859.3 7449.0 -6.3 199 0 14.0 24.2 14.0 3.5 2 1 4 2 2
-5858.1 7430.5 -6.5 199 0 14.0 24.2 14.0 3.5 2 1 4 2 2
-5858.8 7412.6 -6.7 199 0 14.0 24.2 14.0 3.5 2 1 4 1 1
-5862.0 7398.3 -6.9 204 0 14.3 24.3 14.0 3.5 2 1 4 4 4
-5867.8 7384.2 -7.1 206 0 14.3 24.3 14.0 3.5 2 1 4 5 5
-5873.2 7370.5 -7.3 210 0 14.2 24.3 14.0 3.5 2 1 4 4 4
-5877.7 7355.5 -7.5 211 0 14.2 24.3 14.0 3.5 2 1 4 1 1
-5878.1 7318.6 -8.7 196 0 13.8 24.5 14.0 0.0 0 1 4 4 4
-5875.5 7300.3 -10.8 196 0 13.8 24.5 14.0 3.5 2 1 4 4 4
-5872.4 7281.3 -13.0 196 0 13.8 24.4 14.0 3.5 2 1 4 0 0
-5869.2 7263.2 -14.9 196 0 13.8 24.5 14.0 0.0 0 1 4 0 0
-5868.6 7245.3 -16.7 196 0 13.8 24.5 14.0 3.5 2 1 4 4 4
-5870.4 7228.5 -18.3 196 0 13.8 24.5 14.0 3.5 2 1 4 0 0
-6713.5 8247.9 -51.5 304 0 8.9 19.3 10.5 3.5 4 1 3 4 4
-6696.2 8237.8 -49.3 310 0 26.1 41.8 14.0 0.0 0 0 4 1 1
-6696.9 8234.2 -46.9 305 0 8.7 19.0 10.5 3.5 2 1 3 5 5
-6677.6 8222.5 -44.5 309 0 23.0 41.5 14.0 0.0 0 0 4 1 1
-6659.6 8207.0 -40.2 312 0 23.2 42.6 14.0 0.0 0 0 4 2 2
-6642.4 8190.2 -36.2 317 0 22.5 43.8 14.0 3.5 2 0 4 1 1
-6662.0 8145.5 -32.3 140 0 19.8 43.6 14.0 3.5 2 0 4 4 4
-6650.5 8131.1 -31.7 142 0 15.7 42.4 14.0 3.5 2 0 4 0 0
-6615.7 8148.8 -26.0 328 0 8.4 16.6 10.5 3.5 2 1 3 5 5
-6602.5 8134.0 -32.1 333 0 22.2 40.3 14.0 0.0 0 0 4 0 0
-6603.7 8128.9 -27.3 336 0 8.4 16.6 10.5 3.5 2 1 3 1 1
-6595.2 8107.3 -29.8 339 0 8.8 17.4 10.5 0.0 0 1 3 4 4
-6592.4 8111.0 -33.8 339 0 26.1 36.6 14.0 0.0 0 0 4 5 5
-6613.7 8025.3 -39.2 47 0 20.1 42.4 14.0 0.0 0 0 4 3 3
-6634.6 8013.5 -33.1 50 0 9.8 19.4 10.5 3.5 2 1 3 2 2
-6630.2 8011.9 -38.6 55 0 22.3 40.0 14.0 0.0 0 0 4 5 5
-6654.2 8004.3 -32.2 50 0 9.8 19.4 10.5 3.5 2 1 3 4 4
-6677.1 7999.2 -32.8 50 0 9.8 19.4 10.5 3.5 4 1 3 1 1
-6698.8 7992.7 -37.0 53 0 9.8 19.4 10.5 3.5 2 1 3 3 3
-6715.6 7981.6 -39.9 50 0 11.0 21.9 14.0 3.5 2 1 4 5 5
-6731.0 7968.8 -40.2 48 0 11.0 21.9 14.0 3.5 2 1 4 0 0
-6742.0 7952.6 -42.2 36 0 21.9 41.1 14.0 0.0 0 0 4 1 1
-6742.2 7956.3 -38.8 38 1 12.4 20.8 14.0 3.5 2 1 4 2 2
-6751.6 7935.8 -42.7 23 0 19.8 40.1 14.0 0.0 0 0 4 3 3
-6751.8 7939.8 -37.6 27 1 12.4 20.8 14.0 3.5 2 1 4 3 3
-6757.2 7917.7 -42.7 12 0 18.5 37.8 14.0 0.0 0 0 4 1 1
-6760.0 7916.4 -37.4 13 0 8.1 17.9 10.5 3.5 2 1 3 4 4
-6760.5 7898.7 -42.4 8 0 19.5 36.7 14.0 0.0 0 0 4 1 1
-6762.5 7895.7 -37.1 9 0 8.4 18.1 10.5 3.5 2 1 3 3 3
-6762.2 7877.7 -41.8 2 0 21.9 36.5 14.0 0.0 0 0 4 0 0
-6763.7 7875.2 -36.5 3 0 8.4 18.1 10.5 3.5 2 1 3 2 2
-6761.3 7857.1 -40.7 353 0 17.2 37.0 14.0 0.0 0 0 4 0 0
-6763.8 7860.1 -35.9 3 1 12.8 20.0 14.0 3.5 2 1 4 3 3
-6762.5 7840.1 -36.8 357 1 12.6 20.8 14.0 3.5 2 1 4 0 0
-6759.7 7822.0 -38.6 333 1 12.6 20.8 14.0 3.5 4 1 4 4 4
-6721.6 7826.9 -39.1 234 0 19.8 40.9 14.0 0.0 0 0 4 1 1
-6719.1 7827.0 -36.3 230 1 10.3 20.1 14.0 0.0 0 1 4 3 3
-6706.2 7839.2 -39.7 229 0 21.6 41.2 14.0 0.0 0 0 4 2 2
-6690.7 7852.8 -39.7 228 0 20.7 41.1 14.0 0.0 0 0 4 5 5
-6676.0 7866.7 -39.1 225 0 19.6 39.6 14.0 3.5 2 0 4 2 2
-6672.5 7867.3 -35.4 226 0 10.0 18.4 10.5 3.5 4 1 3 4 4
-6661.9 7880.1 -37.0 228 0 20.1 37.2 14.0 0.0 0 0 4 5 5
-6658.7 7881.1 -34.0 223 0 10.0 18.4 10.5 3.5 2 1 3 0 0
-6646.8 7895.0 -32.9 223 0 21.7 36.8 14.0 0.0 0 0 4 0 0
-6642.9 7898.0 -31.1 227 0 10.0 18.4 10.5 3.5 4 1 3 2 2
-6618.9 7912.0 -26.8 243 0 10.0 18.4 10.5 3.5 2 1 3 3 3
-6601.9 7921.3 -26.1 248 0 21.8 38.4 14.0 0.0 0 0 4 0 0
-6603.0 7918.6 -24.0 248 0 13.8 21.4 14.0 3.5 2 1 4 3 3
-6579.5 7930.0 -23.0 249 0 25.8 39.0 14.0 0.0 0 0 4 2 2
-6582.4 7926.7 -20.5 249 0 13.8 21.4 14.0 3.5 2 1 4 3 3
-6718.6 7863.9 -30.2 333 1 12.9 19.0 14.0 3.5 2 1 4 4 4
-6721.1 7876.4 -27.6 4 0 8.7 20.0 10.5 3.5 2 1 3 5 5
-6717.5 7904.4 -26.5 17 1 14.3 18.1 14.0 3.5 2 1 4 2 2
-6704.3 7972.5 -31.1 244 0 20.3 33.9 14.0 0.0 0 0 4 5 5
-6682.9 7874.6 -30.4 46 0 12.7 30.0 14.0 3.5 2 0 4 3 3
-6674.1 7884.4 -29.5 39 0 13.6 33.5 14.0 3.5 2 0 4 1 1
-6666.9 7984.3 -23.5 255 0 14.7 30.3 14.0 3.5 2 0 4 4 4
-6657.8 7959.9 -20.7 71 1 10.5 16.5 14.0 0.0 0 1 4 3 3
-6653.5 7987.9 -20.8 255 0 15.5 30.2 14.0 3.5 2 0 4 2 2
-6640.4 7992.2 -19.9 249 0 14.6 30.3 14.0 3.5 2 0 4 3 3
-6628.0 7997.8 -20.5 243 0 14.6 30.7 14.0 3.5 2 0 4 1 1
-6624.3 7990.5 -17.6 246 1 11.0 17.7 14.0 3.5 2 1 4 0 0
-6616.3 8005.4 -22.1 232 0 14.2 31.5 14.0 3.5 2 0 4 3 3
-6605.8 8014.8 -24.2 224 0 12.7 32.3 14.0 3.5 2 0 4 5 5
-6665.2 7894.4 -28.4 44 0 13.3 35.8 14.0 3.5 2 0 4 2 2
-6656.1 7903.5 -27.4 46 0 12.4 33.6 14.0 3.5 2 0 4 1 1
-6646.1 7911.7 -26.6 55 0 12.8 31.7 14.0 3.5 2 0 4 0 0
-6635.2 7918.4 -25.4 62 0 12.6 26.8 14.0 3.5 2 0 4 5 5
-6623.5 7923.5 -23.3 70 0 15.0 27.4 14.0 3.5 2 0 4 3 3
-6579.5 7959.8 -12.7 147 0 29.2 16.8 14.0 3.5 2 0 4 5 5
-6497.1 7967.6 -5.3 305 0 9.3 20.1 10.5 3.5 2 1 3 0 0
-6482.8 7956.0 -6.5 297 1 12.1 20.1 14.0 0.0 0 1 4 3 3
-6463.8 7953.1 -12.3 274 0 22.7 46.1 14.0 3.5 2 0 4 3 3
-6465.0 7950.2 -6.6 276 1 12.1 20.1 14.0 3.5 2 1 4 4 4
-6432.7 7953.0 -9.5 243 0 13.8 22.3 14.0 3.5 2 1 4 5 5
-6421.5 7971.1 -13.4 212 0 38.2 47.4 14.0 0.0 0 0 4 5 5
-6412.3 7972.2 -8.2 206 0 11.4 20.3 14.0 3.5 2 1 4 0 0
-6413.9 7992.4 -7.0 186 0 20.6 44.7 14.0 0.0 0 0 4 0 0
-6411.9 8014.5 -1.7 185 0 20.5 40.6 14.0 0.0 0 0 4 1 1
-6408.1 8036.7 5.1 189 0 10.6 21.8 14.0 3.5 4 1 4 3 3
-6409.4 8034.8 1.9 190 0 18.4 39.9 14.0 3.5 2 0 4 3 3
-6403.7 8054.4 7.7 189 0 10.6 21.8 14.0 3.5 4 1 4 5 5
-6396.3 8071.8 8.9 191 0 10.9 21.8 14.0 3.5 2 1 4 4 4
-6387.2 8093.7 9.7 192 0 7.7 18.9 10.5 3.5 4 1 3 0 0
-6386.8 8108.9 10.2 192 0 19.2 48.3 14.0 3.5 2 0 4 5 5
-6381.9 8111.9 10.4 192 0 7.7 18.9 10.5 3.5 2 1 3 1 1
-6443.5 8022.5 4.1 193 0 20.3 24.9 14.0 3.5 2 0 4 0 0
-6456.8 8002.7 2.7 264 0 16.3 23.5 14.0 3.5 4 1 4 2 2
-6496.6 8079.3 -2.6 186 0 15.2 33.5 14.0 3.5 2 0 4 1 1
-6495.0 8093.1 -1.7 187 0 15.6 33.5 14.0 3.5 2 0 4 2 2
-6493.9 8107.1 -0.8 182 0 14.0 34.0 14.0 3.5 2 0 4 1 1
-6493.6 8120.9 -0.2 180 0 13.7 35.1 14.0 3.5 2 0 4 4 4
-6466.3 8142.5 5.6 272 1 16.7 11.4 14.0 3.5 2 0 4 3 3
-6493.3 8137.0 0.3 182 0 18.6 35.8 14.0 0.0 0 0 4 0 0
-6515.6 8138.4 -5.9 273 0 10.1 11.1 10.5 0.0 0 1 3 1 1
-6509.7 8117.1 -7.3 2 0 7.5 10.1 10.5 0.0 0 1 3 3 3
-6511.0 8103.3 -8.2 2 0 7.5 10.1 10.5 0.0 0 1 3 5 5
-6513.6 8076.3 -9.8 4 0 7.5 10.1 10.5 3.5 2 1 3 3 3
-6538.0 8119.4 -12.3 181 0 13.0 32.9 10.5 3.5 2 0 3 2 2
-6537.9 8106.1 -12.7 178 0 13.1 32.1 10.5 3.5 2 0 3 5 5
-6538.0 8092.8 -13.3 182 0 13.0 31.3 10.5 3.5 2 0 3 4 4
-6538.6 8079.8 -13.9 184 0 12.2 30.8 10.5 3.5 2 0 3 4 4
-6539.9 8066.2 -14.9 187 0 14.7 30.0 10.5 3.5 2 0 3 2 2
-6541.7 8053.2 -15.7 189 0 12.5 29.2 10.5 3.5 2 0 3 5 5
-6555.3 8084.2 -20.7 3 0 7.7 9.4 10.5 3.5 2 1 3 3 3
-6586.6 8127.0 -20.5 168 0 14.7 35.5 14.0 3.5 2 0 4 2 2
-6584.0 8113.5 -22.5 171 0 12.8 33.5 14.0 3.5 2 0 4 3 3
-6581.9 8100.0 -24.6 170 0 14.6 31.4 14.0 3.5 2 0 4 5 5
-6580.3 8086.0 -24.8 177 0 13.5 30.4 14.0 3.5 2 0 4 4 4
-6579.0 8075.9 -24.8 165 0 20.3 26.1 14.0 3.5 2 0 4 3 3
-6660.4 8287.4 -47.3 26 0 11.8 29.1 14.0 3.5 2 0 4 3 3
-6656.1 8296.0 -47.1 27 0 7.4 28.8 10.5 3.5 2 0 3 4 4
-6652.4 8303.0 -46.9 28 0 7.9 28.3 10.5 3.5 2 0 3 2 2
-6656.9 8308.2 -45.1 31 0 7.5 13.0 10.5 3.5 2 0 3 1 1
-6654.9 8311.5 -45.0 31 0 4.1 13.1 10.5 3.5 2 0 3 3 3
-6648.7 8309.9 -46.7 28 0 7.1 27.9 10.5 3.5 2 0 3 0 0
-6645.2 8316.4 -46.0 29 0 7.3 27.6 10.5 3.5 2 0 3 0 0
-6641.5 8322.7 -45.2 31 0 6.9 27.8 10.5 3.5 2 0 3 2 2
-6637.6 8328.6 -44.4 36 0 8.2 28.3 10.5 3.5 2 0 3 3 3
-6633.3 8334.3 -43.6 38 0 9.2 29.3 10.5 3.5 2 0 3 3 3
-6641.8 8333.6 -43.1 34 0 7.1 13.2 10.5 3.5 2 0 3 1 1
-6624.0 8345.1 -41.1 44 0 6.6 29.6 10.5 3.5 2 0 3 5 5
-6619.2 8350.3 -40.2 42 0 7.4 29.0 10.5 3.5 2 0 3 1 1
-6604.6 8363.7 -38.3 50 0 6.8 28.3 10.5 3.5 2 0 3 0 0
-6599.4 8368.3 -37.6 48 0 7.6 28.3 10.5 3.5 2 0 3 0 0
-6593.7 8373.5 -36.9 48 0 8.2 28.1 10.5 3.5 2 0 3 5 5
-6587.8 8378.6 -36.1 49 0 8.2 28.3 10.5 3.5 2 0 3 0 0
-6581.8 8384.0 -35.3 48 0 7.6 28.4 10.5 3.5 2 0 3 0 0
-6576.1 8389.2 -34.6 46 0 6.6 28.3 10.5 3.5 2 0 3 3 3
-6628.8 8339.8 -42.6 40 0 7.3 29.8 10.5 3.5 2 0 3 5 5
-6622.6 8356.6 -39.8 48 0 6.9 16.7 10.5 3.5 2 0 3 0 0
-6619.7 8359.2 -39.2 48 0 3.8 16.7 10.5 3.5 2 0 3 1 1
-6609.6 8367.7 -37.9 49 0 4.0 16.7 10.5 3.5 2 0 3 3 3
-6570.7 8394.2 -33.0 49 0 7.5 28.5 10.5 3.5 2 0 3 4 4
-6565.4 8399.0 -31.7 48 0 6.5 28.7 10.5 3.5 2 0 3 5 5
-6555.2 8407.9 -28.7 49 0 7.1 28.9 10.5 3.5 2 0 3 2 2
-6549.2 8413.3 -27.0 47 0 8.6 28.9 10.5 3.5 2 0 3 1 1
-6542.8 8419.2 -25.2 47 0 8.7 29.1 10.5 3.5 2 0 3 2 2
-6537.0 8424.7 -23.5 46 0 7.3 29.2 10.5 3.5 2 0 3 4 4
-6531.5 8429.7 -21.9 48 0 7.6 29.4 10.5 3.5 2 0 3 4 4
-6526.1 8434.8 -20.3 47 0 7.3 29.4 10.5 3.5 2 0 3 0 0
-6520.7 8439.9 -18.9 47 0 7.5 29.4 10.5 3.5 2 0 3 0 0
-6515.4 8445.1 -17.4 44 0 7.0 29.1 10.5 3.5 2 0 3 5 5
-6509.6 8450.8 -16.4 47 0 8.7 29.0 10.5 3.5 2 0 3 4 4
-6503.4 8456.5 -17.7 46 0 8.2 29.0 10.5 3.5 2 0 3 3 3
-6497.1 8462.4 -19.1 49 0 9.1 29.5 10.5 3.5 2 0 3 3 3
-6490.8 8468.1 -19.5 46 0 7.4 29.5 10.5 3.5 2 0 3 1 1
-6485.2 8473.5 -19.5 46 0 7.7 29.3 10.5 3.5 2 0 3 2 2
-6479.1 8479.5 -18.4 46 0 8.9 29.0 10.5 3.5 2 0 3 5 5
-6472.0 8486.2 -17.2 48 0 9.9 28.8 10.5 3.5 2 0 3 3 3
-6465.3 8492.2 -16.0 48 0 8.1 28.6 10.5 3.5 2 0 3 3 3
-6459.6 8497.3 -14.9 47 0 7.2 28.3 10.5 3.5 2 0 3 4 4
-6454.2 8502.2 -13.9 50 0 7.4 28.5 10.5 3.5 2 0 3 2 2
-6568.9 8405.0 -29.4 49 0 6.8 16.0 10.5 3.5 2 0 3 4 4
-6565.7 8407.8 -27.8 49 0 4.3 16.1 10.5 3.5 2 0 3 2 2
-6558.7 8414.7 -26.4 51 0 6.8 15.8 10.5 3.5 2 0 3 4 4
-6555.2 8417.6 -24.8 52 0 4.6 15.9 10.5 3.5 2 0 3 4 4
-6545.8 8426.3 -22.7 52 0 6.9 15.9 10.5 3.5 2 0 3 0 0
-6542.2 8429.2 -21.1 52 0 4.7 16.1 10.5 3.5 2 0 3 0 0
-6523.5 8446.1 -16.3 51 0 6.7 16.0 10.5 3.5 2 0 3 3 3
-6512.2 8457.7 -13.8 51 0 6.8 15.9 10.5 3.5 2 0 3 0 0
-6496.1 8472.9 -17.2 50 0 4.8 16.1 10.5 3.5 2 0 3 3 3
-6488.7 8481.0 -17.9 52 0 6.7 16.0 10.5 3.5 2 0 3 3 3
-6484.8 8484.1 -17.7 52 0 5.1 16.2 10.5 3.5 2 0 3 2 2
-6474.9 8494.4 -16.4 52 0 7.1 16.0 10.5 3.5 2 0 3 3 3
-6471.0 8497.5 -15.4 51 0 5.1 16.2 10.5 3.5 2 0 3 3 3
-6459.4 8507.5 -13.3 51 0 4.9 16.2 10.5 3.5 2 0 3 3 3
-6452.1 8513.7 -12.4 52 0 6.8 16.0 10.5 3.5 2 0 3 0 0
-6448.3 8516.8 -11.4 51 0 5.0 16.2 10.5 3.5 2 0 3 0 0
-6650.3 8277.1 -38.6 204 0 9.7 39.4 10.5 3.5 2 0 3 1 1
-6646.7 8285.4 -38.6 204 0 7.7 38.6 10.5 3.5 2 0 3 4 4
-6643.6 8292.2 -38.6 204 0 7.4 38.0 10.5 3.5 2 0 3 5 5
-6637.0 8307.1 -37.7 206 0 7.1 38.0 10.5 3.5 2 0 3 2 2
-6625.2 8326.8 -35.2 215 0 9.2 36.3 10.5 3.5 2 0 3 5 5
-6619.8 8333.9 -33.4 220 0 8.0 35.5 10.5 3.5 2 0 3 1 1
-6614.6 8339.6 -32.1 225 0 7.1 33.8 10.5 3.5 2 0 3 3 3
-6609.6 8344.5 -30.7 226 0 6.1 32.0 10.5 3.5 2 0 3 3 3
-6631.3 8272.5 -34.5 119 0 11.3 6.7 10.5 3.5 2 0 3 1 1
-6628.4 8291.9 -33.3 206 0 6.4 11.3 10.5 3.5 2 0 3 2 2
-6618.1 8322.1 -32.1 223 0 6.4 12.4 10.5 3.5 2 0 3 5 5
-6613.7 8326.7 -30.7 224 0 6.2 12.4 10.5 3.5 2 0 3 3 3
-6607.9 8332.9 -28.9 226 0 6.5 12.4 10.5 3.5 2 0 3 3 3
-6603.4 8337.4 -27.3 226 0 6.2 12.5 10.5 3.5 2 0 3 0 0
-6594.0 8348.1 -24.7 228 0 6.8 12.6 10.5 3.5 2 0 3 4 4
-6571.3 8239.2 -25.3 15 0 23.0 45.9 14.0 0.0 0 0 4 5 5
-6566.8 8258.0 -24.6 11 0 17.5 43.9 14.0 3.5 2 0 4 3 3
-6563.6 8274.1 -24.0 11 0 15.3 41.3 14.0 3.5 2 0 4 5 5
-6560.9 8286.7 -23.1 14 0 10.3 39.1 14.0 3.5 2 0 4 4 4
-6567.8 8292.5 -17.5 18 0 8.4 16.1 10.5 3.5 2 0 3 5 5
-6557.8 8297.2 -22.1 19 0 11.6 37.5 14.0 3.5 2 0 4 4 4
-6566.6 8296.1 -17.0 19 0 4.6 16.1 10.5 3.5 2 0 3 4 4
-6554.7 8307.3 -20.8 15 0 8.8 35.4 10.5 3.5 2 0 3 3 3
-6552.3 8315.8 -19.3 16 0 7.9 33.2 10.5 3.5 2 0 3 3 3
-6561.7 8316.8 -14.6 17 0 4.1 12.1 10.5 3.5 2 1 3 4 4
-6550.2 8323.3 -18.2 15 0 6.8 32.0 10.5 3.5 2 0 3 1 1
-6548.1 8330.1 -17.6 19 0 7.3 31.6 10.5 3.5 2 0 3 4 4
-6557.1 8331.3 -13.6 18 0 4.0 12.0 10.5 3.5 2 0 3 0 0
-6554.4 8341.2 -13.2 17 0 6.8 12.0 10.5 3.5 2 0 3 3 3
-6538.3 8353.9 -16.6 28 0 9.5 34.2 10.5 3.5 2 0 3 2 2
-6549.9 8353.3 -12.2 22 0 6.6 12.0 10.5 3.5 2 0 3 3 3
-6534.9 8359.8 -16.4 32 0 7.0 35.1 10.5 3.5 2 0 3 4 4
-6531.0 8366.1 -15.2 32 0 7.0 34.6 10.5 3.5 2 0 3 3 3
-6540.7 8367.6 -10.9 40 0 6.3 13.7 10.5 3.5 2 0 3 4 4
-6527.0 8371.9 -14.0 35 0 6.7 34.0 10.5 3.5 2 0 3 5 5
-6523.1 8377.3 -12.8 37 0 6.5 33.6 10.5 3.5 2 0 3 2 2
-6519.2 8382.4 -11.7 36 0 5.7 32.7 10.5 3.5 2 0 3 2 2
-6515.1 8387.6 -10.3 40 0 6.9 32.0 10.5 3.5 2 0 3 2 2
-6510.3 8393.0 -8.9 42 0 7.6 31.4 10.5 3.5 2 0 3 0 0
-6505.1 8398.7 -7.4 43 0 7.8 30.6 10.5 3.5 2 0 3 0 0
-6499.1 8404.5 -5.2 49 0 8.5 30.5 10.5 3.5 2 0 3 4 4
-6493.4 8409.5 -2.9 49 0 6.5 30.7 10.5 3.5 2 0 3 0 0
-6488.1 8413.9 -1.2 51 0 7.4 31.1 10.5 3.5 2 0 3 1 1
-6482.5 8418.2 0.5 55 0 6.1 31.8 10.5 3.5 2 0 3 2 2
-6477.0 8422.2 -0.6 52 0 7.1 32.6 10.5 3.5 2 0 3 2 2
-6471.0 8426.9 -2.5 52 0 7.4 34.0 10.5 3.5 2 0 3 5 5
-6479.1 8465.5 -4.3 227 0 11.4 34.8 14.0 3.5 2 0 4 4 4
-6532.1 8379.0 -9.0 41 0 6.2 13.8 10.5 3.5 2 0 3 0 0
-6524.0 8389.4 -7.0 41 0 5.8 13.5 10.5 3.5 2 0 3 5 5
-6417.5 8542.7 -8.1 314 0 7.6 32.6 10.5 3.5 2 0 3 2 2
-6514.4 8400.2 -4.6 40 0 5.7 13.7 10.5 3.5 2 0 3 3 3
-6512.0 8403.0 -3.5 43 0 3.9 13.7 10.5 3.5 2 0 3 0 0
-6501.8 8412.5 -1.0 53 0 6.3 13.6 10.5 3.5 2 0 3 3 3
-6500.5 8433.9 1.7 231 0 6.8 13.7 10.5 3.5 2 0 3 2 2
-6488.8 8425.5 3.3 54 0 3.5 13.8 10.5 3.5 2 0 3 2 2
-6462.2 8446.0 1.0 63 0 4.2 14.8 10.5 3.5 2 0 3 3 3
-6449.7 8454.5 -0.0 63 0 3.8 14.8 10.5 3.5 2 0 3 2 2
-6448.1 8475.1 -1.4 243 0 7.1 14.6 10.5 3.5 2 0 3 0 0
-6423.1 8548.3 -9.2 316 0 8.3 31.5 10.5 3.5 2 0 3 5 5
-6412.1 8537.2 -7.1 317 0 7.7 33.4 10.5 3.5 2 0 3 1 1
-6404.1 8521.4 -3.5 318 0 4.0 16.5 10.5 3.5 2 0 3 1 1
-6407.0 8531.5 -6.2 319 0 8.0 33.7 10.5 3.5 2 0 3 1 1
-6384.2 8485.9 3.8 338 0 4.8 16.3 10.5 3.5 2 0 3 5 5
-6381.6 8489.0 3.7 336 0 8.3 33.3 10.5 3.5 2 0 3 2 2
-6388.3 8578.4 -3.9 313 0 15.4 35.1 14.0 3.5 2 0 4 4 4
-6355.8 8541.1 2.3 325 0 16.0 34.9 14.0 3.5 2 0 4 0 0
-6348.7 8530.4 4.0 331 0 16.7 35.1 14.0 3.5 2 0 4 5 5
-6340.5 8510.4 5.4 341 0 15.3 33.2 14.0 3.5 2 0 4 0 0
-6332.2 8477.7 11.0 348 0 16.4 30.9 14.0 3.5 2 0 4 2 2
-6329.4 8460.9 14.9 353 0 18.0 30.1 14.0 3.5 2 0 4 0 0
-6327.3 8443.2 19.0 353 0 17.7 29.7 14.0 3.5 2 0 4 2 2
-6393.9 8572.0 -2.0 311 0 9.5 14.8 10.5 3.5 2 1 3 1 1
-6383.0 8562.3 0.2 312 0 9.5 14.8 10.5 3.5 2 1 3 0 0
-6371.5 8550.1 2.5 317 0 9.5 14.8 10.5 3.5 2 1 3 4 4
-6352.1 8522.1 6.4 334 0 9.7 14.7 10.5 3.5 2 1 3 2 2
-6340.6 8492.7 10.4 344 0 9.8 14.6 10.5 3.5 2 1 3 0 0
-6460.2 8421.7 17.1 233 0 16.7 36.3 14.0 0.0 0 0 4 3 3
-6445.6 8431.7 16.1 238 0 18.6 37.3 14.0 3.5 2 0 4 5 5
-6429.4 8441.2 15.6 241 0 19.0 37.5 14.0 3.5 2 0 4 3 3
-6412.6 8449.2 15.2 247 0 18.3 37.7 14.0 3.5 2 0 4 4 4
-6396.1 8455.6 14.6 251 0 17.0 38.1 14.0 3.5 2 0 4 4 4
-6379.8 8460.2 14.6 258 0 17.1 38.6 14.0 3.5 2 0 4 3 3
-6456.9 8400.7 22.7 150 1 17.2 12.6 14.0 3.5 2 0 4 2 2
-6443.0 8421.9 20.6 242 1 12.6 17.8 14.0 3.5 4 1 4 0 0
-6427.4 8431.3 19.2 246 1 12.6 17.8 14.0 3.5 4 1 4 5 5
-6411.5 8439.8 17.9 251 1 12.6 17.8 14.0 3.5 2 1 4 3 3
-6395.6 8445.6 17.4 256 1 12.6 17.8 14.0 3.5 2 1 4 4 4
-6378.6 8450.1 17.3 258 1 12.6 17.8 14.0 3.5 2 1 4 0 0
-6475.6 8356.2 6.4 41 0 15.7 39.8 14.0 3.5 2 0 4 2 2
-6485.4 8343.2 2.9 34 0 14.8 39.8 14.0 3.5 2 0 4 3 3
-6494.0 8329.5 -0.1 30 0 15.7 39.8 14.0 3.5 2 0 4 4 4
-6500.8 8315.3 -1.8 21 0 15.8 39.2 14.0 3.5 2 0 4 3 3
-6505.8 8299.9 -3.1 15 0 16.7 39.0 14.0 3.5 2 0 4 2 2
-6510.2 8282.6 -4.0 13 0 17.6 39.1 14.0 0.0 0 0 4 4 4
-6514.2 8263.0 -4.0 11 0 20.5 39.2 14.0 0.0 0 0 4 0 0
-6517.5 8242.6 -4.0 7 0 20.1 39.5 14.0 0.0 0 0 4 3 3
-6519.1 8222.7 -3.3 2 0 19.8 41.4 14.0 3.5 2 0 4 0 0
-6520.6 8202.1 -3.3 7 0 21.6 42.8 14.0 0.0 0 0 4 5 5
-6525.8 8209.1 4.2 5 1 14.0 17.0 14.0 3.5 2 1 4 5 5
-6524.2 8228.3 3.2 6 1 14.0 17.0 14.0 3.5 4 1 4 1 1
-6522.8 8248.9 2.0 9 1 14.0 17.0 14.0 3.5 2 1 4 2 2
-6519.8 8269.5 1.5 13 1 14.0 17.0 14.0 3.5 4 1 4 3 3
-6517.7 8286.4 1.2 17 1 11.8 17.2 14.0 3.5 2 1 4 4 4
-6513.7 8303.8 1.8 19 1 11.8 17.2 14.0 3.5 2 1 4 5 5
-6508.2 8320.5 3.0 26 1 11.8 17.2 14.0 3.5 2 1 4 2 2
-6493.1 8350.5 7.3 35 1 11.8 17.2 14.0 0.0 0 1 4 1 1
-6483.6 8364.0 10.5 44 1 11.8 17.3 14.0 3.5 2 1 4 4 4
-6470.4 8384.6 14.5 318 0 9.4 11.8 10.5 3.5 2 1 3 2 2
-6510.5 8188.6 7.6 180 0 15.3 31.1 10.5 0.0 0 0 3 2 2
-6509.8 8206.3 12.0 184 0 18.4 29.7 10.5 3.5 2 0 3 3 3
-6508.4 8224.6 15.1 185 0 16.7 28.2 10.5 3.5 2 0 3 1 1
-6506.6 8242.0 14.4 187 0 17.5 27.6 10.5 3.5 2 0 3 3 3
-6503.6 8261.1 14.4 190 0 21.2 28.5 10.5 3.5 2 0 3 5 5
-6499.2 8282.3 14.6 193 0 20.0 30.6 10.5 0.0 0 0 3 0 0
-6492.8 8303.6 15.5 200 0 20.4 32.9 10.5 0.0 0 0 3 4 4
-6482.8 8186.6 10.1 360 0 11.8 17.2 10.5 3.5 2 1 3 1 1
-6483.6 8204.2 14.4 1 0 11.8 17.2 10.5 3.5 2 1 3 2 2
-6435.2 8380.6 26.7 236 0 17.0 35.6 14.0 0.0 0 0 4 2 2
-6353.0 8416.5 27.2 263 0 14.4 37.1 14.0 3.5 2 0 4 0 0
-6337.9 8418.0 27.6 265 0 14.3 37.0 14.0 3.5 2 0 4 2 2
-6320.9 8382.7 28.1 84 0 14.0 36.1 14.0 3.5 2 0 4 4 4
-6279.3 8433.9 23.1 360 0 16.0 33.1 14.0 3.5 2 0 4 3 3
-6279.2 8449.7 23.1 1 0 15.5 33.6 14.0 3.5 2 0 4 1 1
-6333.2 8202.5 16.6 270 0 16.7 38.4 14.0 3.5 2 0 4 4 4
-6316.3 8202.5 17.0 270 0 16.8 38.5 14.0 3.5 2 0 4 5 5
-6359.4 8257.8 28.3 280 0 24.9 28.7 14.0 0.0 0 0 4 0 0
-6338.7 8254.3 27.5 279 0 16.8 28.9 14.0 3.5 2 0 4 5 5
-6320.9 8251.8 26.6 278 0 18.1 29.1 14.0 3.5 2 0 4 4 4
-6308.8 8220.1 25.8 100 0 16.5 30.0 14.0 3.5 2 0 4 0 0
-6285.0 8247.0 24.9 279 0 17.2 30.7 14.0 3.5 2 0 4 4 4
-6266.3 8243.5 24.9 282 0 20.4 30.8 14.0 0.0 0 0 4 2 2
-6339.3 8251.9 29.3 278 1 12.6 16.2 14.0 3.5 4 1 4 2 2
-6321.4 8249.5 28.5 280 1 12.6 16.2 14.0 3.5 4 1 4 0 0
-6286.5 8243.2 26.7 280 1 12.6 16.2 14.0 3.5 2 1 4 4 4
-6377.2 8294.4 34.7 278 1 12.2 17.8 14.0 3.5 2 1 4 4 4
-6365.5 8268.9 34.9 95 0 16.2 31.0 14.0 3.5 2 0 4 3 3
-6348.4 8267.6 34.3 94 0 15.5 31.3 14.0 3.5 2 0 4 3 3
-6330.8 8266.1 33.6 96 0 17.0 31.3 14.0 3.5 2 0 4 1 1
-6308.7 8290.9 34.8 280 1 12.1 15.4 14.0 3.5 2 1 4 2 2
-6312.8 8263.5 32.6 101 0 18.1 32.0 14.0 3.5 2 0 4 0 0
-6295.7 8260.6 31.9 98 0 16.6 32.3 14.0 3.5 2 0 4 5 5
-6279.0 8257.5 31.9 103 0 17.6 31.8 14.0 3.5 2 0 4 2 2
-6257.1 8279.7 35.9 281 1 12.1 15.4 14.0 3.5 2 1 4 4 4
-6239.2 8280.5 37.8 285 0 18.0 33.1 14.0 3.5 2 0 4 2 2
-6240.8 8274.4 41.1 282 1 12.1 15.4 14.0 3.5 2 1 4 3 3
-6214.1 8270.9 45.2 281 0 38.0 18.4 14.0 0.0 0 0 4 5 5
-6199.2 8242.0 42.1 9 0 14.4 37.7 14.0 3.5 2 0 4 4 4
-6200.6 8226.7 38.8 2 0 17.4 37.9 14.0 3.5 2 0 4 2 2
-6199.3 8208.3 35.8 350 0 19.0 38.5 14.0 3.5 2 0 4 1 1
-6194.5 8189.9 33.9 341 0 19.2 40.1 14.0 3.5 2 0 4 3 3
-6187.1 8172.3 31.6 334 0 19.3 43.1 14.0 3.5 2 0 4 3 3
-6182.0 8156.3 31.6 354 0 15.5 51.1 14.0 3.5 2 0 4 2 2
-6179.8 8140.3 33.3 350 0 19.0 37.0 14.0 0.0 0 0 4 4 4
-6171.8 8123.5 37.0 313 1 11.6 17.6 14.0 3.5 2 1 4 4 4
-6120.3 8259.0 44.4 260 0 16.8 20.0 14.0 3.5 2 1 4 3 3
-6116.2 8265.2 44.2 150 0 12.6 18.5 14.0 3.5 2 1 4 5 5
-6182.9 8189.6 46.9 160 0 15.0 31.6 14.0 3.5 2 0 4 4 4
-6158.4 8191.3 47.5 355 1 12.0 20.2 14.0 3.5 2 1 4 1 1
-6187.6 8204.9 47.8 165 0 18.0 35.0 14.0 3.5 2 0 4 0 0
-6190.2 8222.6 48.9 178 0 18.2 39.2 14.0 3.5 2 0 4 5 5
-6154.3 8241.6 51.3 16 1 11.3 19.2 14.0 3.5 2 1 4 5 5
-6158.6 8281.1 51.4 229 0 13.6 20.8 14.0 3.5 2 1 4 4 4
-6139.5 8261.2 50.4 38 0 17.8 31.0 14.0 0.0 0 0 4 1 1
-6130.5 8279.4 50.4 48 0 13.6 20.8 14.0 3.5 2 1 4 4 4
-6128.4 8310.1 49.0 206 0 11.8 22.4 14.0 3.5 2 1 4 3 3
-6127.8 8327.2 50.2 204 0 11.9 22.4 14.0 3.5 2 1 4 1 1
-6133.3 8339.9 52.5 179 0 14.1 20.6 14.0 3.5 2 1 4 5 5
-6138.9 8361.0 55.0 186 0 14.1 20.6 14.0 3.5 2 1 4 5 5
-6144.6 8379.6 57.4 186 0 14.1 20.6 14.0 0.0 0 1 4 3 3
-6151.7 8402.2 62.9 172 0 12.0 22.4 14.0 3.5 4 1 4 2 2
-6155.9 8412.8 62.5 146 0 14.1 20.7 14.0 3.5 2 1 4 5 5
-6172.1 8439.3 61.3 149 1 10.1 16.9 14.0 3.5 2 1 4 4 4
-6182.7 8455.9 61.7 149 1 10.1 16.9 14.0 3.5 2 1 4 4 4
-6193.7 8475.4 58.1 149 1 10.1 16.9 14.0 3.5 2 1 4 3 3
-6202.9 8494.5 55.7 150 1 10.1 16.9 14.0 0.0 0 1 4 4 4
-6213.5 8513.1 51.1 148 1 10.1 16.9 14.0 3.5 2 1 4 5 5
-6237.6 8553.8 38.1 147 0 10.8 19.5 14.0 3.5 2 1 4 5 5
-6185.1 8449.9 55.5 147 0 22.5 54.6 14.0 3.5 2 0 4 0 0
-6196.2 8468.0 49.3 150 0 22.3 56.9 14.0 3.5 2 0 4 4 4
-6257.2 8570.4 22.4 135 0 27.6 51.6 14.0 0.0 0 0 4 1 1
-6275.2 8586.8 18.0 130 0 22.4 56.2 14.0 3.5 2 0 4 2 2
-6308.3 8613.7 14.9 128 0 21.8 39.0 14.0 0.0 0 0 4 3 3
-6324.9 8626.5 10.4 127 0 20.1 34.3 14.0 0.0 0 0 4 1 1
-6343.7 8642.9 3.1 133 0 31.8 32.1 14.0 0.0 0 0 4 1 1
-6336.2 8642.0 8.1 126 1 13.5 17.3 14.0 3.5 4 1 4 1 1
-6320.5 8628.3 13.5 128 1 13.5 17.3 14.0 0.0 0 1 4 5 5
-6303.7 8615.4 18.8 128 1 13.5 17.3 14.0 3.5 2 1 4 5 5
-6286.0 8603.0 24.0 126 1 13.5 17.3 14.0 3.5 2 1 4 2 2
-6274.0 8591.3 27.8 130 0 10.5 20.9 14.0 3.5 2 1 4 3 3
-6926.9 8399.0 -36.7 131 0 36.9 18.9 14.0 3.5 2 0 4 3 3
-6909.0 8446.1 -37.4 214 0 18.4 41.0 14.0 3.5 2 0 4 2 2
-6902.7 8455.7 -37.4 212 0 19.6 45.5 14.0 3.5 2 0 4 0 0
-6875.3 8478.8 -37.4 233 0 14.8 41.3 14.0 3.5 2 0 4 5 5
-6857.4 8491.3 -35.8 237 0 15.0 37.9 14.0 0.0 0 0 4 1 1
-6606.3 8728.5 1.4 220 0 13.2 41.7 14.0 3.5 2 0 4 3 3
-6609.8 8724.7 -0.7 224 0 9.8 40.3 10.5 3.5 2 0 3 2 2
-6620.9 8709.3 -2.8 220 0 12.3 36.5 14.0 3.5 2 0 4 2 2
-6651.5 8684.6 -13.6 232 0 13.2 38.5 14.0 3.5 2 0 4 5 5
-6679.0 8661.6 -22.6 219 0 14.2 40.8 14.0 3.5 2 0 4 1 1
-6684.6 8655.8 -27.3 229 0 11.6 40.2 14.0 0.0 0 0 4 2 2
-6697.7 8640.1 -27.2 226 0 12.1 37.6 14.0 0.0 0 0 4 5 5
-6719.5 8617.2 -22.3 228 0 22.4 36.0 14.0 0.0 0 0 4 4 4
-6730.8 8605.7 -19.8 223 0 21.7 36.1 14.0 0.0 0 0 4 1 1
-6746.0 8590.1 -19.0 226 0 23.2 35.6 14.0 0.0 0 0 4 3 3
-6760.3 8576.2 -18.1 225 0 19.9 35.6 14.0 0.0 0 0 4 1 1
-6773.3 8563.6 -17.3 227 0 19.4 35.1 14.0 0.0 0 0 4 0 0
-6786.8 8550.8 -19.6 226 0 19.6 34.6 14.0 0.0 0 0 4 1 1
-6800.6 8538.0 -24.0 229 0 20.3 34.2 14.0 0.0 0 0 4 1 1
-6813.6 8526.6 -28.4 229 0 17.7 34.2 14.0 0.0 0 0 4 0 0
-6917.4 8412.6 -31.0 309 0 15.6 13.6 14.0 0.0 0 0 4 1 1
-6917.3 8429.7 -31.6 221 0 11.6 21.8 14.0 3.5 2 1 4 2 2
-6905.8 8445.2 -30.6 219 0 11.6 21.8 14.0 3.5 2 1 4 3 3
-6894.0 8460.7 -29.6 219 0 11.6 21.8 14.0 3.5 2 1 4 3 3
-6877.9 8473.6 -30.6 221 0 11.6 21.8 14.0 3.5 2 1 4 4 4
-6861.0 8486.1 -32.1 221 0 11.6 21.8 14.0 3.5 2 1 4 3 3
-6670.3 1848.0 -63.2 295 0 8.0 18.1 10.5 3.5 2 1 3 3 3
-6680.6 1775.1 -63.0 115 0 8.0 18.1 10.5 3.5 4 1 3 5 5
-6671.6 1793.4 -63.3 120 0 8.0 18.1 10.5 3.5 2 1 3 0 0
-6646.2 1835.5 -63.3 300 0 8.0 18.1 10.5 3.5 4 1 3 1 1
-6640.5 1752.9 -62.8 115 0 8.0 18.1 10.5 3.5 2 1 3 1 1
-6606.1 1813.7 -63.4 298 0 8.0 18.1 10.5 3.5 2 1 3 2 2
-6600.8 1824.0 -63.5 299 0 7.6 10.5 10.5 3.5 2 1 3 1 1
-6591.3 1733.0 -62.6 96 0 9.1 16.7 10.5 3.5 2 1 3 0 0
-6576.9 1755.6 -62.8 29 0 15.2 9.2 10.5 3.5 2 0 3 2 2
-6593.6 1725.8 -62.5 29 0 6.5 8.7 10.5 3.5 4 1 3 2 2
-6638.1 1726.8 -62.5 117 0 18.0 8.0 10.5 3.5 2 0 3 5 5
-6655.3 1735.7 -62.6 117 0 18.0 8.0 10.5 3.5 4 0 3 4 4
-6673.8 1745.6 -62.6 117 0 18.0 8.0 10.5 3.5 2 0 3 1 1
-6690.9 1754.7 -62.7 117 0 18.0 8.0 10.5 3.5 2 0 3 5 5
-6708.9 1764.3 -62.6 117 0 18.0 8.0 10.5 3.5 2 0 3 0 0
-6664.2 1846.2 -63.3 295 0 22.8 20.9 14.0 3.5 2 0 4 5 5
-6643.1 1835.6 -63.4 299 0 24.0 20.3 14.0 3.5 2 0 4 3 3
-6633.4 1853.0 -63.4 309 0 24.9 19.7 14.0 3.5 2 0 4 0 0
-6612.1 1817.9 -63.5 25 0 19.2 24.0 14.0 3.5 2 0 4 0 0
-6601.7 1811.8 -63.4 298 0 24.0 19.9 14.0 3.5 2 0 4 0 0
-6700.3 1781.7 -63.2 117 0 22.6 22.8 14.0 3.5 2 0 4 2 2
-6690.1 1802.1 -63.3 117 0 22.2 20.4 14.0 3.5 2 0 4 4 4
-6680.0 1771.7 -63.1 115 0 22.5 22.3 14.0 3.5 2 0 4 2 2
-6669.6 1791.4 -63.3 118 0 22.6 20.2 14.0 3.5 2 0 4 0 0
-6659.4 1761.4 -63.0 117 0 23.1 21.3 14.0 3.5 2 0 4 3 3
-6648.8 1779.9 -63.2 120 0 23.7 20.7 14.0 3.5 2 0 4 2 2
-6637.6 1750.3 -62.8 117 0 24.7 20.4 14.0 3.5 2 0 4 5 5
-6628.0 1768.2 -63.1 119 0 24.0 20.4 14.0 3.5 2 0 4 5 5
-6616.6 1739.0 -62.7 120 0 23.0 20.0 14.0 3.5 2 0 4 0 0
-6592.7 1759.7 -62.9 28 0 19.4 22.4 14.0 3.5 2 0 4 3 3
-6578.9 1735.1 -62.6 29 0 19.7 18.6 14.0 3.5 2 0 4 5 5
-6569.3 1752.2 -62.8 29 0 19.8 18.9 14.0 3.5 2 0 4 1 1
-6559.9 1769.4 -63.1 29 0 20.4 19.0 14.0 3.5 2 0 4 1 1
-6850.0 1882.6 -65.4 101 0 11.6 35.3 17.5 3.5 2 0 5 0 0
-6800.2 1949.5 -65.7 302 0 15.6 17.7 17.5 3.5 2 0 5 4 4
-6914.7 1879.7 -62.6 160 0 15.9 32.0 17.5 3.5 2 0 5 5 5
-6767.9 1714.7 -59.4 119 0 5.8 18.5 10.5 0.0 0 1 3 4 4
-6791.6 1727.0 -59.2 119 0 5.9 18.5 10.5 3.5 2 1 3 0 0
-6815.7 1741.2 -58.8 119 0 5.9 18.5 10.5 3.5 2 1 3 4 4
-6852.4 1748.5 -62.3 114 0 8.2 20.6 10.5 3.5 2 1 3 5 5
-6829.4 1782.5 -61.6 319 0 12.3 22.7 17.5 3.5 4 1 5 4 4
-6879.8 1768.1 -65.2 23 0 17.3 15.6 17.5 3.5 2 0 5 4 4
-6809.6 1645.1 -55.1 50 0 15.1 28.3 17.5 3.5 2 1 5 2 2
-6846.4 1689.1 -59.1 230 0 15.1 28.3 17.5 3.5 4 1 5 3 3
-6913.4 1557.6 -65.0 149 0 16.0 32.4 14.0 0.0 0 1 4 0 0
-6905.9 4924.3 -48.7 165 0 40.4 14.2 17.5 3.5 2 0 5 1 1
-6918.8 4975.8 -50.2 165 0 40.4 14.2 17.5 3.5 2 0 5 4 4
-6910.6 4922.6 -49.1 165 0 53.6 23.7 17.5 3.5 2 0 5 0 0
-6919.4 5003.0 -50.5 255 0 23.7 53.6 17.5 3.5 4 1 5 2 2
-6831.9 7178.6 -65.2 272 0 15.6 30.6 10.5 3.5 2 0 3 2 2
-6847.4 7179.1 -66.6 271 0 15.1 30.4 10.5 3.5 2 0 3 4 4
-6862.6 7179.5 -66.9 272 0 14.9 30.2 10.5 3.5 2 0 3 5 5
-6878.0 7180.1 -67.1 273 0 15.8 30.4 10.5 3.5 2 0 3 3 3
-6893.5 7180.7 -67.3 272 0 15.3 30.7 10.5 3.5 2 0 3 5 5
-6920.6 7006.3 -68.2 113 0 23.5 21.7 14.0 0.0 0 0 4 5 5
-6698.6 6944.2 -56.7 354 0 16.6 27.1 14.0 0.0 0 0 4 1 1
-6803.8 6989.0 -62.0 269 0 25.5 17.2 14.0 0.0 0 0 4 3 3
-6773.0 6989.5 -58.5 269 0 25.4 17.2 14.0 0.0 0 0 4 1 1
-6779.0 7171.7 -64.9 272 0 11.3 18.5 10.5 3.5 2 1 3 1 1
-6793.1 7009.7 -60.9 90 0 25.8 16.9 14.0 0.0 0 0 4 0 0
-6753.2 7012.2 -57.1 85 0 25.8 16.9 14.0 0.0 0 0 4 1 1
-6720.9 7017.3 -57.3 101 0 17.0 28.2 14.0 0.0 0 1 4 1 1
-6901.5 7076.0 -67.8 160 0 8.7 30.5 10.5 0.0 0 1 3 2 2
-6876.3 7117.4 -67.3 90 0 24.2 17.1 10.5 0.0 0 0 3 3 3
-6843.3 7116.6 -66.6 92 0 24.2 17.1 10.5 0.0 0 0 3 3 3
-6794.4 7114.6 -62.7 95 0 24.3 17.1 10.5 0.0 0 0 3 2 2
-6745.9 7110.6 -62.4 92 0 24.2 17.1 10.5 0.0 0 0 3 4 4
-6712.7 7107.6 -62.1 95 0 24.2 17.1 10.5 0.0 0 0 3 0 0
-6908.5 7176.1 -67.3 272 0 11.3 16.6 10.5 3.5 2 1 3 3 3
-6908.6 7181.4 -67.4 274 0 15.5 30.6 10.5 3.5 2 0 3 4 4
-6862.7 7173.5 -66.8 272 0 11.3 16.6 10.5 3.5 2 1 3 2 2
-6831.6 7172.8 -64.9 272 0 11.3 16.6 10.5 3.5 2 1 3 5 5
-6779.8 7176.0 -65.1 273 0 16.1 29.6 10.5 3.5 2 0 3 0 0
-6664.7 3825.1 -63.5 340 0 65.0 128.4 14.0 0.0 0 1 4 2 2
-6809.9 7172.8 -64.9 272 0 11.2 17.4 10.5 3.5 2 1 3 4 4
-6794.6 7172.1 -64.9 272 0 11.2 17.2 10.5 3.5 2 1 3 3 3
-6810.4 7177.1 -65.2 273 0 16.2 29.5 10.5 3.5 2 0 3 3 3
-6795.0 7176.5 -65.1 272 0 14.6 29.4 10.5 3.5 2 0 3 5 5
-6763.9 7175.6 -65.1 270 0 15.6 29.9 10.5 3.5 2 0 3 1 1
-6747.4 7175.4 -65.1 271 0 17.1 30.1 10.5 3.5 2 0 3 2 2
-6731.1 7175.0 -65.0 271 0 15.1 30.1 10.5 3.5 2 0 3 1 1
-6715.8 7174.7 -64.8 272 0 15.0 30.3 10.5 3.5 2 0 3 2 2
-6700.9 7174.1 -64.5 272 0 14.8 30.4 10.5 3.5 2 0 3 3 3
-6685.3 7173.5 -64.3 273 0 16.3 30.3 10.5 3.5 2 0 3 5 5
-6656.1 7004.6 -59.2 280 0 9.4 27.4 10.5 0.0 0 1 3 2 2
-6589.1 6937.8 -63.6 32 0 13.2 26.2 14.0 0.0 0 1 4 2 2
-6587.2 6993.7 -63.3 288 0 8.5 27.1 10.5 0.0 0 1 3 0 0
-6426.0 6936.5 -63.0 30 0 15.0 26.2 14.0 0.0 0 0 4 5 5
-6359.9 6995.8 -62.6 197 0 15.8 28.2 10.5 0.0 0 1 3 4 4
-6453.3 7014.2 -51.9 68 0 23.5 16.8 10.5 0.0 0 0 3 0 0
-6537.4 7066.2 -57.4 167 0 9.0 30.1 10.5 0.0 0 1 3 5 5
-6551.2 7106.8 -57.3 178 0 14.2 30.0 14.0 0.0 0 1 4 5 5
-6494.7 7101.5 -56.2 92 0 26.9 17.2 14.0 0.0 0 0 4 0 0
-6454.8 7100.3 -55.8 92 0 26.9 17.2 14.0 0.0 0 0 4 5 5
-6422.5 7101.4 -57.5 92 0 12.3 20.5 14.0 3.5 2 1 4 5 5
-6368.5 7110.1 -61.2 312 0 9.2 19.1 10.5 3.5 2 1 3 1 1
-6357.4 7090.8 -61.1 338 0 9.2 19.0 10.5 3.5 2 1 3 2 2
-6423.9 7126.8 -58.0 272 0 19.5 30.7 14.0 3.5 2 0 4 4 4
-6408.3 7095.5 -59.4 91 0 14.1 30.2 14.0 3.5 2 0 4 3 3
-6396.4 7094.3 -61.3 102 0 11.8 31.1 14.0 3.5 2 0 4 2 2
-6387.5 7089.8 -61.8 129 0 14.4 33.6 14.0 0.0 0 0 4 5 5
-6346.5 7077.1 -61.3 338 0 17.4 30.7 14.0 3.5 2 0 4 5 5
-6557.8 7163.8 -60.9 272 0 12.1 17.6 10.5 3.5 2 1 3 2 2
-6542.4 7162.4 -60.5 272 0 12.1 17.6 10.5 3.5 2 1 3 5 5
-6526.5 7162.1 -60.2 272 0 12.1 17.6 10.5 3.5 2 1 3 0 0
-6511.3 7161.0 -59.8 272 0 12.1 17.6 10.5 0.0 0 1 3 4 4
-6496.0 7160.2 -59.6 271 0 12.1 17.6 10.5 3.5 2 1 3 1 1
-6479.7 7159.6 -59.6 274 0 12.1 17.6 10.5 3.5 2 1 3 3 3
-6464.1 7159.6 -59.6 272 0 12.1 17.6 10.5 3.5 2 1 3 3 3
-6448.8 7159.0 -59.5 272 0 12.1 17.6 10.5 3.5 2 1 3 0 0
-6433.2 7158.6 -59.5 272 0 12.1 17.6 10.5 3.5 2 1 3 3 3
-6418.8 7160.2 -59.8 273 0 9.2 19.1 10.5 3.5 2 1 3 2 2
-6386.7 7159.0 -62.5 275 0 9.2 19.1 10.5 3.5 2 1 3 2 2
-6369.5 7156.3 -63.4 284 0 9.2 19.1 10.5 3.5 2 1 3 0 0
-6559.6 7138.5 -61.4 92 0 15.9 31.0 10.5 3.5 2 0 3 1 1
-6543.9 7137.8 -61.0 92 0 15.5 30.7 10.5 3.5 2 0 3 2 2
-6528.1 7137.2 -60.6 93 0 16.2 30.5 10.5 3.5 2 0 3 1 1
-6512.4 7136.5 -60.2 92 0 15.2 30.4 10.5 3.5 2 0 3 1 1
-6496.7 7136.0 -60.1 91 0 15.8 30.3 10.5 3.5 2 0 3 3 3
-6481.2 7135.5 -60.1 92 0 15.0 30.3 10.5 3.5 2 0 3 5 5
-6465.7 7134.9 -60.1 92 0 15.7 30.4 10.5 3.5 2 0 3 2 2
-6450.3 7134.4 -60.0 91 0 14.8 30.1 10.5 3.5 2 0 3 5 5
-6434.8 7134.2 -60.0 90 0 15.2 29.8 10.5 3.5 2 0 3 3 3
-6419.1 7134.2 -60.5 90 0 14.9 29.6 10.5 3.5 2 0 3 0 0
-6403.5 7134.0 -62.0 91 0 15.8 29.3 10.5 3.5 2 0 3 2 2
-6388.5 7133.2 -62.9 94 0 13.9 29.4 10.5 3.5 2 0 3 0 0
-6375.2 7131.3 -63.1 103 0 13.3 31.8 10.5 3.5 2 0 3 3 3
-6364.4 7126.7 -63.8 125 0 17.0 33.7 10.5 3.5 2 0 3 3 3
-6915.0 3287.6 -61.0 250 0 14.7 59.3 17.5 3.5 2 1 5 5 5
-6903.5 3094.5 -56.8 163 0 4.4 11.9 10.5 3.5 2 1 3 3 3
-6861.6 3101.3 -57.5 340 0 7.1 12.4 10.5 3.5 2 1 3 2 2
-6863.7 3088.6 -57.3 71 0 12.2 7.4 10.5 3.5 2 0 3 5 5
-6857.9 3071.7 -56.9 70 0 12.0 8.6 10.5 3.5 2 0 3 3 3
-6919.7 3150.5 -58.4 173 0 7.2 12.4 10.5 3.5 2 1 3 0 0
-6918.8 3143.0 -58.2 173 0 7.1 12.4 10.5 3.5 2 1 3 1 1
-6891.1 3123.4 -58.0 172 0 4.4 13.4 10.5 0.0 0 1 3 5 5
-6884.3 3136.1 -58.3 261 0 9.7 9.0 10.5 3.5 2 0 3 2 2
-6859.5 3160.7 -59.3 251 0 8.8 11.1 10.5 0.0 0 1 3 4 4
-6817.8 3154.7 -57.6 160 0 18.6 17.2 17.5 3.5 2 0 5 0 0
-6684.2 3149.4 -50.6 90 0 16.1 38.1 17.5 0.0 0 1 5 2 2
-6747.4 3275.5 -52.8 340 0 22.8 17.5 17.5 0.0 0 0 5 3 3
-6853.6 3240.2 -58.9 159 0 17.6 17.0 17.5 3.5 2 0 5 4 4
-6785.6 3194.5 -56.5 160 0 16.5 15.6 17.5 3.5 2 0 5 5 5
-6794.4 3378.6 -49.6 250 0 11.9 25.0 17.5 3.5 2 1 5 4 4
-6756.4 3388.5 -46.4 188 0 13.1 18.7 12.5 2.5 2 1 5 5 5
-6865.2 3437.4 -48.3 161 0 18.4 27.2 10.0 0.0 0 1 4 2 2
-6172.8 3031.0 -48.7 327 0 22.3 26.4 14.0 0.0 0 1 4 3 3
-6266.2 3051.5 -46.5 147 0 84.8 15.0 14.0 3.5 2 0 4 5 5
-6310.8 3122.1 -47.9 147 0 57.3 14.6 14.0 3.5 2 0 4 0 0
-6344.0 3291.7 -50.8 327 0 47.9 11.4 14.0 3.5 2 0 4 0 0
-6851.8 4107.4 -63.5 274 0 57.7 36.7 14.0 0.0 0 0 4 5 5
-6591.4 3477.9 -48.7 195 0 17.4 16.1 17.5 3.5 2 0 5 5 5
-6590.2 3500.2 -50.4 171 1 16.7 15.3 17.5 0.0 0 0 5 1 1
-6593.1 3523.8 -52.2 165 1 16.4 15.6 17.5 3.5 2 0 5 5 5
-6600.9 3547.4 -54.1 154 1 16.6 15.4 17.5 3.5 2 0 5 3 3
-6612.9 3564.9 -55.6 125 1 16.9 14.7 17.5 3.5 2 0 5 5 5
-6669.6 3554.1 -54.6 335 0 9.0 17.9 10.5 3.5 2 1 3 1 1
-6669.1 3490.3 -49.6 335 0 8.9 17.9 10.5 3.5 2 1 3 0 0
-6664.8 3490.3 -50.3 351 0 24.0 25.8 17.5 0.0 0 0 5 3 3
-6647.4 3458.1 -46.9 309 0 28.0 32.6 17.5 0.0 0 0 5 1 1
-6631.0 3449.9 -46.2 281 0 23.0 30.0 17.5 0.0 0 0 5 5 5
-6614.3 3451.2 -46.5 251 0 27.5 35.0 17.5 0.0 0 0 5 2 2
-6601.3 3460.8 -47.4 214 0 23.0 31.9 17.5 0.0 0 0 5 2 2
-6594.1 3478.9 -49.0 193 0 24.0 31.2 17.5 0.0 0 0 5 4 4
-6592.5 3501.2 -50.7 174 0 22.5 26.1 17.5 0.0 0 0 5 0 0
-6596.2 3523.4 -52.6 167 0 23.3 26.5 17.5 0.0 0 0 5 0 0
-6603.5 3544.0 -54.6 153 0 23.6 28.1 17.5 0.0 0 0 5 1 1
-6654.8 3572.9 -56.8 84 0 19.7 28.1 17.5 0.0 0 0 5 1 1
-6604.5 3521.4 -53.4 350 0 25.4 39.4 14.0 0.0 0 0 4 4 4
-6725.6 3555.0 -55.0 171 0 18.6 14.3 14.0 3.5 2 0 4 5 5
-6713.0 3580.6 -56.7 340 0 10.0 21.3 10.5 3.5 2 1 3 5 5
-6745.4 3584.1 -57.7 112 0 11.6 20.9 14.0 3.5 4 1 4 1 1
-6770.3 3608.2 -56.7 154 0 10.1 21.3 14.0 3.5 4 1 4 4 4
-6774.4 3631.5 -55.7 177 0 9.6 20.1 10.5 0.0 0 1 3 5 5
-6779.1 3653.9 -54.2 167 0 9.7 20.1 10.5 3.5 2 1 3 3 3
-6784.6 3675.0 -52.8 159 0 9.9 20.1 10.5 3.5 2 1 3 2 2
-6803.6 3690.9 -50.5 140 0 11.2 16.8 14.0 0.0 0 1 4 3 3
-6815.1 3686.5 -49.5 332 1 16.0 16.0 14.0 3.5 2 1 4 3 3
-6795.8 3667.4 -51.2 336 0 8.7 20.2 10.5 0.0 0 1 3 5 5
-6788.4 3617.5 -53.5 348 0 17.7 17.9 14.0 3.5 4 1 4 1 1
-6780.3 3597.4 -54.7 331 0 11.0 19.1 14.0 0.0 0 1 4 2 2
-6748.7 3570.6 -54.6 294 0 18.3 17.7 14.0 3.5 4 0 4 1 1
-6825.0 3563.7 -52.3 148 0 18.0 15.0 14.0 3.5 2 0 4 5 5
-6835.3 3589.2 -51.6 170 0 18.0 15.0 14.0 3.5 2 0 4 4 4
-6839.1 3614.1 -50.6 168 0 18.1 14.9 14.0 3.5 2 0 4 2 2
-6844.5 3636.6 -49.6 160 0 17.4 14.9 14.0 3.5 4 0 4 2 2
-6862.9 3686.4 -53.8 233 0 15.6 16.9 14.0 3.5 2 1 4 1 1
-6909.5 3752.3 -55.7 136 1 10.6 19.2 14.0 3.5 2 1 4 0 0
-6814.7 3476.3 -45.5 106 0 16.2 16.8 17.5 0.0 0 1 5 3 3
-6788.9 3469.7 -45.7 105 0 15.2 17.7 17.5 3.5 2 1 5 2 2
-6762.6 3461.4 -45.8 103 0 9.8 19.3 10.5 0.0 0 1 3 1 1
-6735.0 3454.7 -46.0 105 0 8.3 21.1 10.5 0.0 0 1 3 3 3
-6896.9 3540.0 -48.1 159 0 12.3 24.3 14.0 0.0 0 1 4 3 3
-6854.8 3606.7 -48.3 338 0 9.7 24.8 10.5 3.5 2 1 3 4 4
-6866.5 3646.6 -52.5 327 1 10.0 18.0 14.0 0.0 0 1 4 1 1
-6920.2 3689.5 -51.6 238 1 12.2 16.5 14.0 3.5 2 1 4 0 0
-6898.6 3675.8 -52.8 306 1 10.3 18.6 14.0 3.5 2 1 4 0 0
-6891.1 3686.7 -56.0 121 0 8.7 19.7 10.5 3.5 2 1 3 4 4
-6900.6 3694.6 -55.0 126 1 12.1 20.4 14.0 0.0 0 1 4 5 5
-6839.1 3591.4 -52.6 172 0 18.7 30.6 14.0 0.0 0 0 4 4 4
-6842.7 3610.6 -51.6 168 0 25.3 29.9 14.0 0.0 0 0 4 5 5
-6856.5 3652.1 -50.5 153 0 23.7 28.2 14.0 0.0 0 0 4 1 1
-6864.1 3686.6 -54.2 229 0 26.7 22.0 14.0 3.5 2 0 4 0 0
-6885.6 3728.3 -58.3 125 0 16.7 25.9 14.0 3.5 2 0 4 3 3
-6898.7 3738.6 -57.3 132 0 15.8 26.4 14.0 3.5 2 0 4 1 1
-6916.2 3756.1 -56.5 142 0 12.8 27.6 14.0 3.5 2 0 4 2 2
-6924.2 3797.6 -55.1 242 0 27.0 16.9 14.0 3.5 2 0 4 5 5
-6878.5 3520.4 -46.5 281 0 22.6 30.3 17.5 0.0 0 0 5 1 1
-6856.1 3519.4 -47.3 264 0 20.7 39.4 17.5 0.0 0 0 5 0 0
-6818.3 3472.7 -45.9 106 0 25.3 24.7 17.5 0.0 0 0 5 3 3
-6787.1 3463.7 -46.0 106 0 39.5 25.7 17.5 0.0 0 0 5 4 4
-6775.7 3514.3 -48.7 279 0 33.6 26.0 17.5 0.0 0 0 5 3 3
-6718.3 3505.6 -49.3 281 0 28.1 28.9 17.5 0.0 0 0 5 4 4
-6702.6 3529.6 -53.1 359 0 29.1 26.9 14.0 0.0 0 0 4 2 2
-6704.9 3557.9 -55.5 352 0 28.8 26.3 14.0 0.0 0 0 4 1 1
-6759.6 3586.8 -57.8 132 0 18.3 47.4 14.0 3.5 2 0 4 0 0
-6774.7 3606.3 -57.8 162 0 22.6 54.2 14.0 3.5 2 0 4 2 2
-6791.1 3671.8 -53.4 148 0 23.9 29.2 14.0 0.0 0 0 4 1 1
-6764.8 3581.1 -55.2 306 0 27.6 28.8 14.0 0.0 0 0 4 4 4
-6782.6 3618.0 -54.1 353 0 26.1 30.8 14.0 0.0 0 0 4 0 0
-6786.7 3642.5 -53.2 348 0 24.4 31.5 14.0 0.0 0 0 4 0 0
-6791.7 3661.0 -52.1 339 0 13.2 33.6 14.0 0.0 0 0 4 5 5
-6808.1 3683.9 -50.1 323 0 16.1 29.2 14.0 0.0 0 0 4 4 4
-6899.5 3541.4 -47.9 157 0 18.8 31.1 14.0 0.0 0 0 4 3 3
-6907.6 3562.3 -47.8 160 0 32.2 32.1 14.0 0.0 0 0 4 3 3
-6919.9 3589.1 -50.8 151 0 29.5 33.8 14.0 0.0 0 0 4 5 5
-6856.0 3631.0 -50.8 333 0 36.4 42.1 14.0 0.0 0 0 4 3 3
-6844.3 3584.9 -50.2 349 0 37.4 35.0 14.0 0.0 0 0 4 0 0
-6836.9 3558.4 -50.2 338 0 28.6 33.2 14.0 0.0 0 0 4 1 1
-6890.9 3685.3 -56.1 124 0 14.1 27.8 14.0 3.5 2 0 4 5 5
-6904.0 3694.0 -55.5 123 0 17.1 28.3 14.0 3.5 2 0 4 1 1
-6919.4 3704.8 -54.2 127 0 19.9 29.1 14.0 3.5 2 0 4 1 1
-6758.3 3455.0 -45.9 107 0 22.1 25.1 17.5 3.5 2 0 5 2 2
-6640.7 3301.7 -45.6 249 1 17.0 12.1 17.5 3.5 2 0 5 2 2
-6621.2 3282.6 -45.7 331 1 12.6 18.6 17.5 3.5 2 1 5 5 5
-6609.6 3268.2 -44.6 314 1 12.9 18.4 17.5 3.5 2 1 5 3 3
-6593.2 3256.7 -42.7 304 1 12.9 18.4 17.5 3.5 2 1 5 3 3
-6574.1 3248.7 -40.0 287 1 12.9 18.5 17.5 3.5 4 1 5 1 1
-6569.2 3207.4 -39.9 13 1 12.9 18.4 17.5 3.5 4 1 5 3 3
-6549.7 3236.1 -36.3 181 1 16.5 10.6 17.5 3.5 2 0 5 1 1
-6522.1 3249.7 -33.9 263 0 7.3 20.4 10.5 3.5 2 1 3 4 4
-6627.3 3318.7 -44.5 25 0 7.1 20.7 10.5 3.5 4 1 3 1 1
-6618.8 3334.9 -42.7 43 0 7.6 19.6 10.5 3.5 2 1 3 2 2
-6605.6 3348.3 -41.2 52 0 8.2 19.8 10.5 3.5 2 1 3 5 5
-6590.0 3357.3 -40.5 61 0 8.1 19.8 10.5 0.0 0 1 3 5 5
-6573.5 3361.6 -41.2 81 0 8.1 19.8 10.5 3.5 2 1 3 1 1
-6554.6 3365.3 -41.3 87 0 8.1 19.8 10.5 3.5 2 1 3 3 3
-6537.1 3363.8 -41.9 99 0 8.1 19.8 10.5 3.5 2 1 3 1 1
-6507.8 3353.4 -44.5 124 0 8.5 18.9 10.5 3.5 2 1 3 3 3
-6521.3 3359.7 -43.5 113 0 6.3 19.7 10.5 3.5 2 1 3 1 1
-6482.0 3331.2 -44.7 136 0 6.1 17.6 10.5 3.5 2 1 3 0 0
-6478.0 3254.9 -38.7 179 1 11.0 20.7 17.5 0.0 0 1 5 2 2
-6476.3 3232.1 -37.0 169 1 12.5 19.1 17.5 3.5 2 1 5 2 2
-6472.4 3214.1 -35.7 164 1 12.3 19.1 17.5 0.0 0 1 5 1 1
-6361.6 3106.8 -46.8 141 0 6.2 19.9 10.5 3.5 2 1 3 4 4
-6602.1 3328.8 -42.2 231 1 11.9 19.0 17.5 0.0 0 1 5 3 3
-6538.1 3347.4 -40.1 272 1 11.9 19.3 17.5 3.5 2 1 5 1 1
-6514.9 3340.4 -41.3 287 1 11.9 19.3 17.5 3.5 2 1 5 2 2
-6492.6 3294.3 -39.3 359 1 14.0 15.6 17.5 3.5 2 1 5 4 4
-6492.1 3313.7 -41.0 360 1 13.3 15.2 17.5 3.5 2 1 5 5 5
-6547.8 3269.0 -36.7 178 1 14.2 12.2 17.5 3.5 2 0 5 5 5
-6595.1 3278.3 -42.4 136 1 12.6 15.6 17.5 3.5 2 1 5 3 3
-6609.2 3294.4 -43.4 147 1 12.8 15.6 17.5 3.5 2 1 5 0 0
-6554.1 3299.8 -40.0 5 0 14.4 18.7 17.5 0.0 0 1 5 0 0
-6570.7 3251.5 -40.3 282 0 23.6 33.3 17.5 0.0 0 0 5 3 3
-6606.2 3269.2 -46.1 309 0 24.4 40.2 17.5 0.0 0 0 5 1 1
-6622.9 3321.5 -45.2 25 0 26.2 42.0 17.5 0.0 0 0 5 2 2
-6614.4 3335.4 -42.9 36 0 17.3 40.7 17.5 0.0 0 0 5 5 5
-6601.7 3347.9 -41.4 55 0 18.5 31.7 17.5 0.0 0 0 5 3 3
-6586.6 3356.5 -42.0 66 0 18.2 31.4 17.5 0.0 0 0 5 5 5
-6569.2 3361.7 -42.6 80 0 19.5 36.2 17.5 0.0 0 0 5 1 1
-6551.4 3363.6 -42.6 88 0 17.1 36.3 17.5 0.0 0 0 5 5 5
-6534.4 3362.5 -43.0 99 0 17.4 30.2 17.5 0.0 0 0 5 3 3
-6519.4 3358.3 -44.5 115 0 14.9 28.0 17.5 3.5 2 0 5 5 5
-6504.8 3350.8 -46.0 119 0 18.6 29.5 17.5 0.0 0 0 5 3 3
-6492.1 3340.9 -46.3 140 0 18.6 35.3 17.5 0.0 0 0 5 5 5
-6482.5 3329.0 -46.3 142 0 15.6 34.0 17.5 0.0 0 0 5 4 4
-6476.3 3313.4 -45.8 174 0 22.8 36.4 17.5 0.0 0 0 5 2 2
-6477.1 3278.5 -42.0 185 0 17.4 35.1 17.5 0.0 0 0 5 0 0
-6478.8 3260.2 -39.9 186 0 18.7 33.1 17.5 3.5 2 0 5 0 0
-6478.7 3238.6 -38.3 174 0 21.4 32.4 17.5 0.0 0 0 5 4 4
-6475.0 3217.4 -37.1 165 0 18.7 32.3 17.5 3.5 2 0 5 0 0
-6551.8 3231.0 -36.5 182 0 33.5 21.7 17.5 0.0 0 0 5 0 0
-6522.5 3251.6 -34.4 254 0 20.7 33.3 17.5 0.0 0 0 5 2 2
-6497.3 3261.2 -35.8 273 0 15.1 33.4 17.5 0.0 0 0 5 1 1
-6559.5 3272.4 -40.5 16 0 22.5 21.5 17.5 3.5 2 0 5 3 3
-6603.2 3280.7 -43.2 136 0 17.3 29.0 17.5 0.0 0 0 5 2 2
-6612.2 3292.9 -43.6 149 0 18.0 27.5 17.5 3.5 2 0 5 4 4
-6605.9 3329.6 -42.8 223 0 22.1 27.8 17.5 3.5 2 0 5 5 5
-6534.1 3348.6 -40.8 280 0 23.6 29.3 17.5 0.0 0 0 5 4 4
-6503.3 3335.4 -41.4 311 0 14.0 28.4 17.5 3.5 2 0 5 5 5
-6487.8 3311.4 -41.4 355 0 13.6 29.2 17.5 3.5 2 0 5 5 5
-6496.1 3280.4 -40.0 52 0 21.0 26.4 17.5 0.0 0 0 5 0 0
-6520.5 3262.5 -36.3 68 0 15.0 28.7 17.5 0.0 0 0 5 0 0
-6457.3 3180.3 -35.4 144 0 20.5 31.6 17.5 0.0 0 0 5 2 2
-6398.9 3130.6 -38.8 112 0 19.1 31.7 17.5 0.0 0 0 5 4 4
-6372.5 3115.1 -47.5 127 0 15.2 33.0 17.5 3.5 2 0 5 4 4
-6485.4 3214.3 -32.7 351 1 12.2 17.9 17.5 3.5 2 1 5 3 3
-6484.2 3195.1 -31.2 356 1 12.3 17.9 17.5 0.0 0 1 5 2 2
-6485.2 3172.7 -29.7 10 1 12.2 17.9 17.5 0.0 0 1 5 3 3
-6489.0 3149.2 -29.4 7 1 10.2 14.2 17.5 3.5 2 1 5 5 5
-6490.7 3123.1 -29.2 359 1 10.2 14.2 17.5 3.5 2 1 5 2 2
-6488.1 3095.2 -28.2 351 1 10.2 14.2 17.5 0.0 0 1 5 1 1
-6457.6 3158.9 -29.6 316 1 10.9 20.4 14.0 0.0 0 1 4 4 4
-6444.8 3144.7 -29.4 315 1 10.6 19.6 14.0 3.5 2 1 4 0 0
-6433.3 3133.2 -29.3 317 1 11.3 19.1 14.0 3.5 2 1 4 4 4
-6401.2 3084.6 -36.6 339 1 11.1 19.0 14.0 3.5 2 1 4 1 1
-6392.7 3049.5 -34.3 345 1 11.1 19.0 14.0 3.5 2 1 4 2 2
-6311.4 3030.0 -45.6 153 1 10.8 21.2 17.5 0.0 0 1 5 1 1
-6305.8 3013.0 -45.4 169 1 11.6 20.9 17.5 3.5 2 1 5 4 4
-6303.9 2996.7 -45.2 179 1 11.6 20.9 17.5 3.5 2 1 5 3 3
-6301.9 2969.2 -44.7 190 1 11.6 20.9 17.5 3.5 2 1 5 2 2
-6305.8 2952.7 -44.4 193 1 11.6 20.9 17.5 0.0 0 1 5 3 3
-6313.8 2917.1 -41.7 195 1 11.6 20.9 17.5 3.5 2 1 5 1 1
-6310.2 2935.2 -43.5 193 1 11.7 20.9 17.5 3.5 2 1 5 0 0
-6262.8 3002.9 -45.5 352 1 19.5 10.4 17.5 3.5 2 0 5 2 2
-6261.9 2959.7 -45.0 8 0 21.4 9.9 10.5 3.5 4 0 3 5 5
-6272.0 2911.6 -44.3 16 1 20.7 10.2 17.5 3.5 2 0 5 4 4
-6283.3 2892.7 -42.5 289 0 9.8 20.2 10.5 3.5 2 1 3 3 3
-6320.2 2899.0 -40.5 204 1 11.6 20.9 17.5 3.5 2 1 5 1 1
-6331.7 2889.4 -37.0 258 1 11.6 21.0 17.5 3.5 2 1 5 2 2
-6319.6 3043.9 -45.7 144 1 10.7 21.2 17.5 3.5 2 1 5 0 0
-6327.9 3058.6 -45.8 144 1 10.8 21.2 17.5 3.5 2 1 5 2 2
-6335.6 3072.1 -45.8 144 1 10.7 21.2 17.5 3.5 2 1 5 0 0
-6364.8 2883.6 -32.4 258 1 11.6 21.0 17.5 3.5 2 1 5 1 1
-6380.1 2880.3 -30.3 258 1 11.6 21.0 17.5 3.5 2 1 5 3 3
-6349.5 2886.0 -34.5 258 1 11.6 21.0 17.5 3.5 2 1 5 2 2
-6395.9 2879.1 -28.0 261 0 11.8 22.5 17.5 3.5 2 1 5 5 5
-6413.6 2878.0 -25.6 261 0 11.8 22.5 17.5 0.0 0 1 5 2 2
-6429.1 2875.8 -23.3 261 0 11.9 22.5 17.5 3.5 2 1 5 3 3
-6481.3 3062.2 -23.4 345 0 12.3 21.2 17.5 3.5 2 1 5 2 2
-6477.8 3026.1 -19.3 3 0 12.3 21.2 17.5 3.5 2 1 5 2 2
-6483.5 2991.2 -18.0 16 0 12.2 21.2 17.5 3.5 2 1 5 4 4
-6492.4 2957.3 -15.9 16 0 12.2 21.2 17.5 3.5 2 1 5 2 2
-6464.3 3075.1 -26.3 160 0 16.5 22.1 14.0 3.5 2 1 4 4 4
-6457.9 3054.3 -25.8 165 0 16.5 22.1 14.0 3.5 4 1 4 2 2
-6454.6 3035.1 -25.8 175 0 16.4 22.1 14.0 0.0 0 1 4 3 3
-6454.5 3016.7 -25.4 185 0 16.4 22.1 14.0 3.5 2 1 4 1 1
-6311.8 2988.6 -44.6 5 1 11.6 20.9 17.5 3.5 2 1 5 2 2
-6312.5 2970.7 -43.3 7 1 11.6 20.9 17.5 3.5 2 1 5 5 5
-6316.5 2951.7 -39.9 11 1 11.6 20.9 17.5 0.0 0 1 5 3 3
-6320.2 2933.3 -38.6 15 1 11.6 20.9 17.5 3.5 2 1 5 1 1
-6325.1 2917.0 -37.6 18 1 11.6 20.9 17.5 3.5 2 1 5 4 4
-6350.9 2897.4 -34.0 81 0 9.1 18.6 10.5 3.5 2 1 3 5 5
-6314.6 3006.1 -44.8 3 1 11.6 20.9 17.5 3.5 2 1 5 5 5
-6321.9 3023.2 -44.9 351 1 11.4 19.7 17.5 3.5 2 1 5 3 3
-6381.6 3058.7 -42.7 172 1 13.3 16.4 17.5 3.5 2 1 5 0 0
-6379.3 3041.9 -40.9 174 1 13.2 16.4 17.5 3.5 2 1 5 1 1
-6378.9 3023.1 -38.5 177 1 13.2 16.4 17.5 3.5 2 1 5 1 1
-6378.6 3005.2 -36.1 180 1 13.2 16.4 17.5 3.5 2 1 5 0 0
-6379.2 2985.3 -34.0 183 1 13.2 16.4 17.5 3.5 2 1 5 1 1
-6380.5 2966.0 -33.4 190 1 13.2 16.4 17.5 0.0 0 1 5 1 1
-6391.1 2909.8 -30.5 192 1 13.2 16.4 17.5 3.5 2 1 5 0 0
-6387.0 2927.8 -31.5 192 1 13.2 16.4 17.5 3.5 2 1 5 3 3
-6383.9 2945.9 -32.4 192 1 13.2 16.4 17.5 3.5 2 1 5 2 2
-6391.5 2966.0 -29.7 12 1 11.1 19.0 14.0 3.5 2 1 4 1 1
-6395.3 2951.1 -28.8 15 1 11.1 19.0 14.0 3.5 2 1 4 5 5
-6404.1 2904.4 -26.4 3 1 11.0 18.8 14.0 3.5 4 1 4 3 3
-6338.6 3069.5 -46.0 141 0 14.1 32.1 17.5 3.5 2 0 5 3 3
-6330.3 3057.3 -45.9 150 0 17.2 31.8 17.5 3.5 2 0 5 0 0
-6321.6 3043.4 -45.9 146 0 17.1 31.4 17.5 3.5 2 0 5 3 3
-6308.8 3013.7 -45.6 165 0 20.6 30.1 17.5 3.5 2 0 5 0 0
-6305.3 2995.8 -45.3 173 0 20.9 30.4 17.5 0.0 0 0 5 3 3
-6258.4 3000.7 -45.6 342 0 27.7 16.6 17.5 3.5 2 0 5 2 2
-6305.0 2974.4 -45.1 185 0 23.9 31.2 17.5 0.0 0 0 5 5 5
-6307.6 2953.9 -44.6 190 0 17.8 31.1 17.5 3.5 2 0 5 4 4
-6310.6 2935.8 -44.3 189 0 16.3 30.1 17.5 3.5 2 0 5 3 3
-6314.7 2918.3 -42.9 197 0 18.8 30.1 17.5 3.5 2 0 5 3 3
-6256.0 2955.1 -45.3 9 0 41.2 20.3 17.5 3.5 2 0 5 3 3
-6261.5 2918.7 -44.7 7 0 38.5 22.8 17.5 0.0 0 0 5 0 0
-6321.2 2902.1 -42.1 207 0 20.9 38.1 17.5 3.5 2 0 5 5 5
-6363.6 2886.7 -33.0 261 0 16.0 53.8 17.5 3.5 2 0 5 1 1
-6380.1 2884.1 -30.4 261 0 17.1 54.3 17.5 3.5 2 0 5 0 0
-6396.3 2881.8 -28.1 263 0 16.4 55.1 17.5 3.5 2 0 5 2 2
-6412.8 2880.0 -25.9 264 0 17.5 56.3 17.5 3.5 2 0 5 0 0
-6429.4 2878.2 -23.5 264 0 16.1 57.4 17.5 3.5 2 0 5 1 1
-6470.6 2881.2 -17.9 301 0 37.1 49.7 17.5 0.0 0 0 5 2 2
-6484.1 2955.6 -17.4 11 0 37.4 33.9 17.5 0.0 0 0 5 1 1
-6477.8 2991.9 -19.2 9 0 37.2 30.3 17.5 0.0 0 0 5 1 1
-6475.5 3028.8 -20.0 358 0 36.5 28.6 17.5 0.0 0 0 5 5 5
-6480.4 3065.1 -24.3 346 0 36.7 26.7 17.5 0.0 0 0 5 4 4
-6487.4 3097.8 -29.6 350 0 32.7 26.6 17.5 0.0 0 0 5 2 2
-6489.5 3125.9 -30.6 3 0 28.3 28.0 17.5 0.0 0 0 5 4 4
-6486.6 3150.4 -31.3 11 0 24.9 34.7 17.5 0.0 0 0 5 5 5
-6482.2 3172.1 -31.3 12 0 20.7 34.5 17.5 0.0 0 0 5 4 4
-6352.6 2895.5 -36.7 84 0 23.7 26.1 17.5 0.0 0 0 5 1 1
-6324.2 2915.1 -38.0 21 0 17.6 34.1 17.5 3.5 2 0 5 4 4
-6318.8 2932.3 -38.9 13 0 16.1 34.0 17.5 3.5 2 0 5 0 0
-6315.0 2950.1 -40.7 11 0 18.4 33.6 17.5 0.0 0 0 5 4 4
-6311.6 2969.3 -44.1 9 0 19.5 34.4 17.5 0.0 0 0 5 4 4
-6310.7 2988.3 -44.7 356 0 18.6 34.0 17.5 3.5 2 0 5 1 1
-6312.7 3005.9 -44.9 350 0 16.9 31.3 17.5 3.5 2 0 5 3 3
-6317.4 3022.6 -45.0 338 0 17.9 25.3 17.5 3.5 2 0 5 0 0
-6394.2 2907.2 -31.8 191 0 23.1 29.4 17.5 0.0 0 0 5 1 1
-6389.9 2928.0 -33.4 193 0 19.0 33.3 17.5 3.5 2 0 5 3 3
-6385.8 2947.1 -34.7 191 0 19.1 34.7 17.5 0.0 0 0 5 5 5
-6382.2 2966.0 -35.8 190 0 19.7 35.4 17.5 0.0 0 0 5 0 0
-6380.5 2985.2 -37.8 181 0 19.0 35.7 17.5 0.0 0 0 5 2 2
-6380.5 3004.5 -40.7 179 0 19.0 35.9 17.5 0.0 0 0 5 0 0
-6380.9 3022.8 -42.8 178 0 17.0 36.0 17.5 3.5 2 0 5 2 2
-6381.8 3040.7 -44.8 177 0 19.0 34.6 17.5 0.0 0 0 5 5 5
-6384.4 3058.0 -45.2 165 0 16.9 32.9 17.5 0.0 0 0 5 5 5
-6432.0 3133.7 -29.5 319 0 16.9 32.1 14.0 3.5 2 0 4 0 0
-6419.8 3119.7 -32.8 319 0 19.4 33.4 14.0 3.5 2 0 4 3 3
-6408.4 3103.5 -36.3 330 0 19.3 34.2 14.0 0.0 0 0 4 2 2
-6467.8 3074.3 -28.3 165 0 23.1 34.7 14.0 0.0 0 0 4 4 4
-6470.4 2891.3 -22.3 119 0 23.2 38.4 14.0 0.0 0 0 4 0 0
-6474.9 2929.6 -23.3 189 0 23.9 42.5 14.0 0.0 0 0 4 2 2
-6470.4 2953.2 -24.4 193 0 23.0 43.0 14.0 0.0 0 0 4 1 1
-6465.3 2975.4 -25.6 193 0 22.0 42.6 14.0 0.0 0 0 4 0 0
-6461.2 2997.2 -26.6 189 0 22.3 42.3 14.0 0.0 0 0 4 0 0
-6459.3 3016.8 -27.1 181 0 19.0 39.4 14.0 0.0 0 0 4 3 3
-6460.0 3034.5 -27.1 175 0 20.3 38.0 14.0 0.0 0 0 4 5 5
-6462.8 3053.5 -28.1 169 0 22.2 35.8 14.0 0.0 0 0 4 5 5
-6399.4 2919.8 -27.5 10 0 16.4 33.6 14.0 3.5 2 0 4 3 3
-6396.5 2935.0 -28.4 12 0 16.1 33.0 14.0 3.5 2 0 4 3 3
-6393.3 2950.2 -29.2 12 0 14.5 33.0 14.0 3.5 2 0 4 5 5
-6389.9 2965.6 -30.1 13 0 16.2 33.3 14.0 3.5 2 0 4 2 2
-6387.1 2981.8 -30.7 6 0 15.0 33.3 14.0 3.5 2 0 4 4 4
-6386.4 2998.2 -31.1 359 0 16.7 33.0 14.0 3.5 2 0 4 5 5
-6386.8 3015.1 -31.8 358 0 15.4 33.2 14.0 3.5 2 0 4 0 0
-6387.8 3032.2 -33.7 355 0 16.2 33.7 14.0 3.5 2 0 4 2 2
-6390.4 3049.7 -35.3 348 0 16.9 34.0 14.0 3.5 2 0 4 0 0
-6394.6 3067.8 -36.6 346 0 18.2 33.9 14.0 3.5 2 0 4 5 5
-6869.7 6830.9 -69.4 269 0 43.5 21.0 14.0 3.5 2 0 4 4 4
-6704.6 6826.5 -64.7 269 0 20.5 11.6 14.0 3.5 2 0 4 3 3
-6671.9 6820.9 -64.2 359 0 11.6 20.5 14.0 3.5 2 1 4 2 2
-6693.2 6541.6 -66.3 113 0 8.9 68.7 10.5 3.5 2 1 3 5 5
-6656.2 6605.5 -65.5 127 0 25.5 37.4 17.5 0.0 0 1 5 5 5
-6627.7 6651.2 -65.1 40 0 24.7 10.6 17.5 3.5 2 0 5 4 4
-6762.6 1808.0 -63.1 208 0 19.3 18.5 14.0 0.0 0 0 4 1 1
-6753.3 1825.6 -63.6 208 0 19.3 18.5 14.0 3.5 2 0 4 1 1
-6744.2 1843.3 -63.6 208 0 19.3 18.5 14.0 3.5 2 0 4 0 0
-6736.5 1783.6 -63.1 118 0 18.5 19.3 14.0 3.5 2 1 4 5 5
-6727.1 1801.2 -63.2 118 0 18.5 19.3 14.0 0.0 0 1 4 2 2
-6721.6 1831.8 -63.2 208 0 19.3 18.5 14.0 3.5 4 0 4 2 2
-6732.7 1864.6 -63.5 208 0 19.3 18.5 14.0 3.5 2 0 4 0 0
-6723.4 1882.2 -63.4 208 0 19.3 18.5 14.0 3.5 2 0 4 5 5
-6714.3 1899.9 -63.4 208 0 19.3 18.5 14.0 3.5 2 0 4 0 0
-6710.4 1852.7 -63.2 208 0 19.3 18.5 14.0 3.5 2 0 4 4 4
-6701.1 1870.3 -63.2 208 0 19.3 18.5 14.0 3.5 2 0 4 4 4
-6679.2 1892.2 -63.2 298 0 18.5 19.3 14.0 3.5 2 1 4 3 3
-6185.4 -2869.1 -67.1 228 0 170.6 88.8 17.5 0.0 0 0 5 0 0
-5961.7 -3024.8 -74.0 38 0 147.9 111.3 17.5 0.0 0 0 5 3 3
-5803.6 -3113.0 -74.8 36 0 119.9 153.1 17.5 0.0 0 1 5 2 2
-5897.1 -2751.2 -66.2 125 0 191.7 125.7 14.0 0.0 0 0 4 1 1
-5576.6 -2865.3 -67.4 32 0 123.9 205.3 17.5 0.0 0 1 5 1 1
-5878.9 -2826.2 -66.3 213 0 63.4 50.5 17.5 0.0 0 0 5 3 3
-5932.4 -2887.9 -66.1 33 0 62.7 31.4 17.5 0.0 0 0 5 0 0
-5632.0 -2659.0 -67.0 34 0 114.9 51.1 17.5 0.0 0 0 5 0 0
-5550.0 -2647.3 -66.7 306 0 104.0 114.4 14.0 0.0 0 1 4 1 1
-5213.0 -2003.8 -69.4 303 0 58.7 85.1 14.0 0.0 0 1 4 1 1
-5161.9 -2312.2 -67.1 166 0 119.7 101.8 14.0 0.0 0 0 4 3 3
-5187.1 -2469.1 -66.4 260 0 106.8 47.3 14.0 0.0 0 0 4 3 3
-5420.6 -2674.3 -63.8 217 0 83.6 54.4 14.0 0.0 0 0 4 2 2
-4750.3 -1872.6 -50.4 79 0 72.2 79.3 17.5 0.0 0 1 5 5 5
-3903.1 -2062.4 -46.8 57 0 62.3 29.9 14.0 0.0 0 0 4 5 5
-6785.8 -1914.8 -68.0 351 0 44.0 19.7 10.0 2.5 2 0 4 1 1
-6832.4 -1890.3 -67.3 81 0 15.0 40.2 10.0 2.5 4 1 4 0 0
-6842.1 -1924.5 -67.1 181 0 38.7 19.6 17.5 0.0 0 0 5 2 2
-6793.8 -1861.6 -67.9 351 0 44.1 19.7 7.5 2.5 2 0 3 3 3
-6863.6 -1896.7 -66.5 86 0 13.5 22.7 17.5 3.5 2 1 5 3 3
-6879.2 -1863.1 -66.5 176 0 22.7 13.6 17.5 0.0 0 0 5 5 5
-6871.3 -1924.3 -66.3 184 0 34.8 13.5 17.5 3.5 2 0 5 2 2
-6888.0 -1931.1 -65.4 1 0 21.9 14.6 17.5 3.5 2 0 5 5 5
-6896.6 -1908.0 -65.5 270 0 21.1 34.9 17.5 0.0 0 1 5 4 4
-6829.6 -2102.0 -65.6 356 0 16.2 15.9 17.5 0.0 0 0 5 1 1
-6777.0 -2053.4 -68.7 3 0 22.1 19.0 17.5 0.0 0 0 5 2 2
-6777.2 -2080.6 -68.8 1 0 22.1 19.0 17.5 0.0 0 0 5 5 5
-6778.4 -2114.6 -68.8 1 0 22.1 19.0 17.5 0.0 0 0 5 0 0
-6793.7 -2154.3 -68.8 91 0 9.9 25.0 10.5 0.0 0 1 3 2 2
-6905.1 -1990.0 -65.0 179 0 22.1 19.0 17.5 0.0 0 0 5 4 4
-6828.0 -2123.3 -65.9 356 0 16.2 15.9 17.5 0.0 0 0 5 1 1
-6838.2 -2156.5 -66.2 86 0 9.0 20.9 10.5 0.0 0 1 3 3 3
-6888.0 -2159.6 -63.9 86 0 9.0 20.9 10.5 0.0 0 1 3 3 3
-6898.6 -2069.4 -64.3 177 0 25.5 10.1 17.5 3.5 2 0 5 3 3
-6900.1 -2041.0 -64.5 177 0 25.5 10.1 17.5 3.5 2 0 5 3 3
-6852.0 -2187.9 -65.9 179 0 24.4 17.6 14.0 0.0 0 0 4 2 2
-6851.8 -2212.8 -65.9 179 0 24.4 17.6 14.0 0.0 0 0 4 4 4
-6851.2 -2254.2 -65.6 179 0 24.4 17.6 14.0 0.0 0 0 4 4 4
-6850.7 -2279.0 -65.9 179 0 24.4 17.6 14.0 0.0 0 0 4 3 3
-6850.4 -2303.9 -66.2 179 0 24.4 17.6 14.0 0.0 0 0 4 0 0
-6917.5 -2563.5 -71.1 201 1 17.0 10.4 14.0 3.5 2 0 4 3 3
-6903.1 -2545.4 -70.2 3 1 14.9 10.1 14.0 3.5 2 0 4 2 2
-6911.3 -2480.5 -67.8 175 1 14.0 10.7 14.0 0.0 0 0 4 4 4
-6912.5 -2466.1 -67.2 175 1 14.0 10.7 14.0 3.5 2 0 4 1 1
-6914.1 -2451.7 -66.7 172 1 14.0 10.7 14.0 3.5 4 0 4 3 3
-6923.3 -2401.1 -65.6 250 0 14.0 26.4 14.0 3.5 4 1 4 5 5
-6883.0 -2612.8 -72.5 17 0 13.0 21.9 17.5 3.5 2 1 5 3 3
-6898.3 -2589.5 -71.7 197 0 12.8 22.0 17.5 3.5 2 1 5 0 0
-6892.7 -2570.4 -70.9 192 0 12.8 21.9 17.5 3.5 4 1 5 0 0
-6888.1 -2549.7 -70.1 186 0 12.8 21.9 17.5 3.5 2 1 5 4 4
-6880.9 -2497.6 -68.0 182 1 10.5 13.0 17.5 0.0 0 1 5 2 2
-6880.6 -2484.2 -67.5 180 1 10.7 13.0 17.5 3.5 2 1 5 3 3
-6899.2 -2382.0 -63.8 157 1 11.3 18.7 17.5 0.0 0 1 5 5 5
-6889.3 -2408.3 -64.7 162 1 11.3 18.7 17.5 3.5 2 1 5 1 1
-6854.8 -2605.9 -71.8 20 0 11.9 9.1 10.5 3.5 2 0 3 5 5
-6838.7 -2484.0 -67.1 0 0 11.9 9.1 10.5 3.5 2 0 3 5 5
-6844.4 -2406.2 -64.3 346 0 11.9 9.1 10.5 3.5 2 0 3 5 5
-6848.8 -2389.3 -63.9 346 0 11.9 9.1 10.5 3.5 2 0 3 1 1
-6853.8 -2371.5 -64.0 343 0 11.9 9.1 10.5 3.5 2 0 3 3 3
-6842.2 -2626.2 -72.6 197 0 16.2 15.5 17.5 0.0 0 0 5 4 4
-6836.6 -2607.8 -71.8 195 0 16.2 15.5 17.5 3.5 2 0 5 5 5
-6831.5 -2587.9 -71.0 195 0 16.3 15.5 17.5 3.5 2 0 5 5 5
-6824.8 -2560.5 -69.8 190 1 10.7 14.2 17.5 3.5 2 1 5 4 4
-6823.3 -2548.5 -69.3 185 1 10.7 14.2 17.5 3.5 2 1 5 0 0
-6822.1 -2535.8 -68.8 182 1 10.7 14.2 17.5 3.5 2 1 5 2 2
-6821.6 -2522.5 -68.3 182 1 10.7 14.2 17.5 3.5 2 1 5 3 3
-6824.9 -2424.6 -65.3 169 1 10.7 14.2 17.5 3.5 2 1 5 3 3
-6822.1 -2438.9 -65.3 169 1 10.7 14.2 17.5 3.5 2 1 5 0 0
-6821.1 -2453.3 -65.7 177 1 10.7 14.2 17.5 3.5 2 1 5 3 3
-6666.5 6226.8 -53.9 181 0 7.5 11.9 10.5 3.5 2 1 3 2 2
-6542.9 6246.2 -56.3 1 0 18.6 15.1 17.5 3.5 2 0 5 1 1
-6660.8 6238.5 -54.8 180 0 10.9 8.1 10.5 3.5 2 0 3 1 1
-6671.1 6238.8 -54.8 181 0 11.2 7.4 10.5 3.5 2 0 3 5 5
-6631.9 4596.4 -45.9 169 0 72.3 17.2 14.0 3.5 2 0 4 2 2
-6451.7 4642.2 -46.6 49 0 12.2 33.0 14.0 3.5 2 1 4 1 1
-6468.1 4627.5 -47.0 49 0 16.3 38.6 14.0 3.5 2 1 4 4 4
-6510.7 4668.5 -44.8 243 0 16.1 66.3 14.0 3.5 2 1 4 3 3
-6534.4 4663.6 -42.1 242 0 17.0 73.4 14.0 3.5 2 1 4 2 2
-6569.2 4654.2 -41.6 260 0 28.1 52.5 14.0 0.0 0 1 4 4 4
-6582.6 4378.3 -50.1 88 0 17.7 21.8 14.0 3.5 2 1 4 0 0
-6558.1 4428.7 -45.7 344 0 19.9 10.7 14.0 3.5 2 0 4 4 4
-6571.3 4421.5 -47.2 346 0 28.7 13.0 14.0 3.5 2 0 4 0 0
-6599.9 4415.9 -47.7 165 0 25.3 16.0 14.0 3.5 2 0 4 0 0
-6603.3 4441.7 -44.6 163 0 13.0 34.1 14.0 3.5 2 1 4 4 4
-6610.8 4468.7 -42.4 168 0 19.8 52.2 14.0 3.5 4 1 4 0 0
-6591.1 4616.0 -44.3 349 0 63.0 18.0 14.0 3.5 2 0 4 4 4
-6444.6 4555.7 -45.6 334 0 105.3 18.1 14.0 0.0 0 0 4 3 3
-6788.7 1528.5 -58.0 51 0 17.2 59.4 17.5 3.5 2 1 5 3 3
-5112.0 3573.4 -54.1 97 0 20.6 37.9 14.0 0.0 0 1 4 0 0
-5077.3 3625.5 -54.3 9 0 20.3 36.5 14.0 0.0 0 1 4 3 3
-5136.4 3579.5 -53.2 99 0 15.3 28.0 14.0 3.5 2 1 4 5 5
-5124.7 3639.7 -53.7 279 0 13.6 20.3 14.0 3.5 2 1 4 5 5
-5163.6 3592.1 -54.1 105 0 19.0 55.6 14.0 3.5 2 1 4 4 4
340.5 685.9 -54.0 138 0 36.1 67.7 14.0 0.0 0 1 4 2 2
300.2 729.9 -55.7 137 0 36.1 68.4 10.5 0.0 0 1 3 2 2
318.1 817.1 -56.2 317 0 24.7 69.7 14.0 0.0 0 1 4 2 2
250.4 830.9 -58.7 227 0 55.4 24.0 14.0 0.0 0 0 4 4 4
202.4 833.0 -59.6 138 0 24.9 70.4 14.0 0.0 0 1 4 0 0
311.3 932.3 -45.2 317 0 26.2 56.6 14.0 3.5 2 1 4 4 4
336.0 877.1 -42.4 47 0 56.4 25.0 14.0 3.5 2 0 4 0 0
377.5 871.7 -43.4 317 0 26.1 55.6 14.0 3.5 4 1 4 0 0
449.3 762.5 -46.0 47 0 69.5 36.8 14.0 0.0 0 0 4 5 5
-5617.3 1099.4 -52.3 149 0 7.8 31.0 10.5 3.5 2 1 3 5 5
-3438.1 -8777.7 -68.7 70 0 33.1 19.5 14.0 0.0 0 0 4 3 3
-3362.9 -8808.0 -69.3 163 0 35.1 63.1 14.0 0.0 0 1 4 1 1
-2545.1 -7749.2 -66.8 22 0 12.1 90.3 10.5 3.5 2 1 3 1 1
-3457.1 -8933.9 -70.6 93 0 10.9 10.1 7.5 2.5 2 0 3 3 3
-3473.5 -8959.0 -70.7 44 0 10.5 6.9 10.5 3.5 2 0 3 0 0
-3395.4 -9084.7 -72.1 189 0 3.2 15.1 7.0 3.5 2 1 2 0 0
-3455.2 -8943.9 -70.7 180 0 19.9 11.3 7.5 2.5 2 0 3 3 3
-4924.4 3472.7 -43.7 272 0 20.3 61.6 14.0 3.5 2 1 4 5 5
-4924.8 3548.0 -39.8 272 0 20.3 61.6 17.5 3.5 2 1 5 2 2
-4870.9 3621.1 -37.5 275 0 40.3 61.4 17.5 0.0 0 1 5 2 2
-4795.9 3468.1 -46.0 271 0 17.9 58.6 17.5 3.5 2 1 5 4 4
-4765.7 3469.0 -43.9 271 0 17.9 58.6 17.5 3.5 2 1 5 5 5
-4737.7 3468.4 -43.0 271 0 17.9 58.6 17.5 3.5 2 1 5 3 3
-4736.0 3492.1 -41.1 91 0 17.9 58.6 17.5 3.5 2 1 5 5 5
-4766.8 3492.7 -42.2 91 0 17.9 58.6 17.5 3.5 2 1 5 3 3
-4795.9 3492.7 -42.1 91 0 17.9 58.6 17.5 3.5 2 1 5 4 4
-4857.1 3470.3 -45.6 271 0 17.9 58.6 14.0 3.5 2 1 4 2 2
-4857.1 3546.5 -41.6 271 0 17.9 58.6 17.5 3.5 2 1 5 2 2
-4886.1 3470.8 -45.2 271 0 17.9 58.6 14.0 3.5 2 1 4 1 1
-4884.5 3545.9 -41.4 271 0 17.9 58.6 17.5 3.5 2 1 5 1 1
-5032.3 3435.7 -46.8 181 0 58.6 17.9 17.5 3.5 4 0 5 1 1
-4619.5 3469.8 -41.4 270 0 16.2 61.3 17.5 3.5 2 1 5 0 0
-4619.5 3487.1 -38.1 91 0 16.2 61.3 17.5 3.5 2 1 5 5 5
-4649.1 3469.9 -42.8 271 0 16.2 61.3 17.5 3.5 2 1 5 4 4
-4649.7 3487.6 -39.5 91 0 16.2 61.3 17.5 3.5 2 1 5 2 2
-4678.2 3471.1 -43.1 271 0 16.2 61.3 17.5 3.5 2 1 5 5 5
-4677.7 3488.2 -40.9 91 0 16.2 61.3 17.5 3.5 2 1 5 0 0
-4707.8 3471.6 -42.5 271 0 16.2 61.3 17.5 0.0 0 1 5 3 3
-4708.4 3488.2 -40.5 91 0 16.2 61.3 17.5 3.5 4 1 5 4 4
-4786.8 3687.6 -41.8 271 0 47.8 69.4 17.5 0.0 0 1 5 0 0
-4747.2 3642.7 -40.6 181 0 72.1 19.5 17.5 3.5 4 0 5 0 0
-4707.9 3678.9 -38.6 271 0 19.5 72.1 17.5 3.5 2 1 5 3 3
-4674.4 3678.3 -35.9 271 0 19.5 72.1 17.5 3.5 4 1 5 0 0
-4644.5 3605.1 -36.5 91 0 19.5 72.1 17.5 3.5 2 1 5 0 0
-4605.4 3604.6 -37.3 91 0 19.5 72.1 17.5 0.0 0 1 5 1 1
-4578.9 3676.7 -37.8 271 0 19.5 72.1 17.5 3.5 2 1 5 5 5
-4544.0 3685.3 -37.0 271 0 19.5 72.1 17.5 3.5 2 1 5 3 3
-4508.2 3649.1 -37.4 1 0 72.1 19.5 17.5 3.5 2 0 5 3 3
-5910.7 11845.1 -58.1 121 0 20.2 16.7 14.0 3.5 2 0 4 5 5
-5914.1 11986.1 -58.0 25 0 9.2 89.0 10.5 0.0 0 1 3 3 3
-6181.1 11889.0 -59.7 10 0 16.3 14.3 5.0 2.5 2 0 2 5 5
-6160.0 11939.1 -61.8 338 0 12.8 22.5 10.0 2.5 2 1 4 5 5
-6235.3 12057.7 -60.8 212 0 11.0 11.0 14.0 3.5 2 1 4 4 4
-6174.4 12036.9 -61.1 135 0 14.6 27.4 14.0 3.5 2 1 4 5 5
-6088.7 12034.1 -60.4 28 0 15.8 25.4 14.0 3.5 2 1 4 3 3
-6044.9 12022.3 -60.6 113 0 77.4 27.4 14.0 0.0 0 0 4 2 2
-4701.7 -2699.1 -62.9 71 0 16.6 19.7 14.0 3.5 2 1 4 4 4
-4581.3 -2728.7 -62.2 260 0 5.5 8.4 10.5 3.5 4 1 3 4 4
-4872.6 -2840.4 -66.2 93 0 10.3 22.9 14.0 0.0 0 1 4 2 2
-3957.1 -2032.4 -46.7 148 0 27.9 50.5 14.0 0.0 0 1 4 5 5
-4891.7 -1891.0 -55.6 82 0 37.7 18.2 17.5 3.5 2 0 5 5 5
-6075.7 -5287.0 -66.7 144 0 20.6 42.9 17.5 3.5 2 1 5 5 5
-6280.4 -5098.6 -63.9 192 0 55.6 6.9 10.5 3.5 2 0 3 5 5
