-3089.3 11896.5 -165.5 153 0 14.3 15.6 2.5 2.5 2 1 1 2 2
-3147.6 11952.2 -161.2 153 0 14.3 15.6 7.5 2.5 2 1 3 2 2
-3117.1 11950.8 -166.5 153 0 14.4 15.6 2.5 2.5 2 1 1 0 0
-3039.4 11825.1 -162.3 315 0 15.3 15.2 7.5 2.5 2 0 3 0 0
-3062.6 11842.4 -160.7 153 0 14.5 15.6 7.5 2.5 2 1 3 0 0
-2965.0 11732.4 -160.2 32 0 12.8 28.5 10.0 2.5 2 1 4 2 2
-2911.0 11751.3 -159.4 40 0 28.4 10.5 10.0 2.5 2 0 4 3 3
-2956.0 11732.1 -154.3 161 0 12.0 28.4 10.0 2.5 2 1 4 2 2
-3105.1 11922.1 -165.3 153 0 14.3 15.6 5.0 2.5 2 1 2 2 2
-3120.6 11898.4 -157.9 153 0 14.5 15.6 7.5 2.5 2 1 3 0 0
-2984.2 11766.3 -161.9 42 0 16.2 14.6 10.0 2.5 2 0 4 1 1
-3086.6 11838.8 -156.8 63 0 8.3 14.5 7.5 2.5 2 1 3 0 0
-3133.0 11977.3 -164.8 154 0 14.4 15.7 2.5 2.5 2 1 1 1 1
-3017.7 11796.5 -161.3 313 0 15.2 15.7 7.5 2.5 4 1 3 3 3
-3118.9 11933.0 -161.2 333 0 14.5 15.6 5.0 2.5 2 1 2 3 3
-3078.3 11868.1 -162.1 153 0 14.4 15.6 7.5 2.5 4 1 3 4 4
-3090.9 11878.9 -160.1 335 0 14.6 15.8 2.5 2.5 2 1 1 4 4
2334.7 3642.2 -157.2 37 0 33.6 6.0 7.5 2.5 4 0 3 4 4
2286.4 3576.1 -153.3 37 0 33.6 6.0 7.5 2.5 2 0 3 3 3
2310.8 3611.1 -156.3 37 0 33.6 6.0 7.5 2.5 2 0 3 0 0
2363.7 3694.2 -157.1 307 0 6.0 33.6 7.5 0.0 0 1 3 0 0
-4240.8 5448.1 -142.5 159 0 10.6 26.5 10.0 2.5 2 1 4 0 0
-4504.8 5293.5 -94.4 179 0 15.0 7.2 7.5 2.5 2 0 3 2 2
-4464.4 5372.9 -97.2 90 0 26.0 34.9 10.0 0.0 0 1 4 4 4
-4514.5 5226.9 -103.7 3 0 8.2 21.1 2.5 0.0 0 1 1 0 0
-4498.0 5231.0 -110.1 273 0 21.9 9.2 7.5 2.5 2 0 3 4 4
-4504.1 5309.5 -91.3 180 0 9.9 6.6 5.0 0.0 0 0 2 4 4
-4234.8 5408.7 -143.4 314 0 5.0 16.2 5.0 2.5 2 1 2 2 2
-4517.9 5265.0 -95.7 2 0 8.9 33.1 7.5 2.5 2 1 3 3 3
-4273.3 5419.8 -139.2 309 0 17.6 6.6 5.0 2.5 2 0 2 0 0
-4018.8 1773.0 -161.6 132 0 23.9 11.2 12.5 2.5 2 0 5 2 2
-4038.1 1694.8 -155.6 157 0 8.5 12.7 7.5 2.5 2 1 3 3 3
-3992.6 1709.4 -160.1 65 0 12.3 32.9 12.5 2.5 4 1 5 3 3
5526.7 -5877.6 -158.2 55 0 22.3 16.8 10.5 3.5 2 0 3 0 0
5463.6 -5900.7 -169.0 146 0 35.7 32.6 10.5 0.0 0 0 3 5 5
5586.2 -5869.6 -159.3 101 0 14.3 18.2 10.5 3.5 2 1 3 4 4
5547.0 -5294.8 -12.1 263 0 10.8 37.3 14.0 3.5 2 1 4 1 1
-1202.0 -2908.1 -163.4 146 0 16.2 11.5 2.5 0.0 0 0 1 4 4
-1691.0 -2404.0 -151.7 282 0 10.1 15.2 2.5 2.5 2 1 1 4 4
-1704.4 -2629.8 -162.6 188 0 10.0 10.2 2.5 0.0 0 1 1 1 1
-1585.6 -2658.9 -150.7 117 0 11.0 11.1 5.0 2.5 2 1 2 5 5
-1691.4 -2630.0 -162.1 173 0 6.6 7.7 7.5 2.5 2 1 3 3 3
-1762.9 -2629.6 -159.0 58 0 9.4 10.8 7.5 2.5 2 1 3 1 1
-5994.2 941.0 7.6 31 0 7.8 9.4 7.5 2.5 2 1 3 1 1
-3564.1 2434.8 -162.1 142 0 9.5 18.4 7.5 2.5 2 1 3 2 2
2562.6 3565.1 -165.4 95 0 4.3 6.0 5.0 2.5 2 1 2 2 2
680.2 3947.0 -161.4 150 0 3.6 4.6 5.0 2.5 2 1 2 2 2
-4490.1 1653.1 -103.6 50 0 11.8 6.5 7.5 2.5 2 0 3 3 3
-4505.4 5434.1 -91.5 272 0 39.9 13.5 12.5 2.5 4 0 5 1 1
-4383.4 5340.3 -116.1 95 0 20.3 29.4 7.5 2.5 2 1 3 0 0
-4401.2 5443.9 -109.0 271 0 6.6 26.1 7.5 2.5 2 1 3 1 1
-4390.5 5376.4 -111.9 93 0 6.3 25.5 2.5 2.5 2 1 1 3 3
-4363.2 5442.9 -117.9 271 0 5.9 24.8 7.5 2.5 2 1 3 2 2
-4325.3 5442.5 -129.2 272 0 6.6 25.1 7.5 2.5 2 1 3 3 3
-4315.1 5375.2 -133.9 92 0 6.0 24.8 5.0 2.5 2 1 2 2 2
-4305.4 5429.3 -133.9 1 0 14.5 8.3 5.0 2.5 2 0 2 3 3
-4107.7 5525.9 -155.7 331 0 30.3 47.3 15.0 0.0 0 1 6 0 0
-4163.8 5613.3 -156.6 356 0 52.6 21.1 12.5 2.5 2 0 5 2 2
-253.4 11873.7 -161.4 276 0 9.0 5.7 7.5 2.5 2 0 3 2 2
-224.3 11880.1 -162.4 13 0 7.1 6.2 7.5 2.5 2 0 3 1 1
-838.9 11947.3 -159.5 239 0 9.8 17.8 7.5 2.5 4 1 3 5 5
-245.4 11880.3 -168.5 182 0 13.4 11.3 5.0 2.5 2 0 2 5 5
-765.9 11963.5 -150.0 252 0 8.9 17.4 2.5 2.5 4 1 1 3 3
-816.9 11929.7 -155.4 48 0 6.1 8.9 2.5 2.5 2 1 1 4 4
-627.4 11619.3 -109.9 182 0 47.9 12.6 10.0 2.5 2 0 4 4 4
-633.7 11569.4 -109.0 189 0 38.0 13.8 12.5 2.5 2 0 5 1 1
-825.2 11909.5 -149.7 52 0 5.7 8.8 5.0 0.0 0 1 2 3 3
-851.1 11941.9 -157.7 240 0 6.9 18.2 7.5 0.0 0 1 3 0 0
-755.6 11893.4 -138.2 169 0 14.3 19.2 5.0 2.5 2 1 2 1 1
-610.5 11495.4 -108.8 133 0 14.6 13.4 5.0 2.5 2 0 2 2 2
-622.8 11527.8 -106.8 241 0 8.1 16.8 7.5 2.5 2 1 3 0 0
-6820.0 6966.2 157.9 64 0 11.2 7.6 7.5 2.5 2 0 3 3 3
-6636.4 7139.6 142.7 235 0 8.3 4.7 7.5 2.5 2 0 3 2 2
-5541.6 7573.5 -117.4 34 0 10.5 3.9 4.0 2.5 2 0 1 4 4
-4537.5 6237.1 -156.6 236 0 9.1 18.6 2.5 0.0 0 1 1 3 3
-4548.4 6270.9 -156.6 247 0 3.1 10.1 7.5 2.5 2 1 3 2 2
-4105.2 5461.4 -154.8 48 0 6.8 10.8 5.0 2.5 2 1 2 3 3
-4309.0 5206.0 -152.5 104 0 6.1 6.6 2.5 2.5 2 1 1 2 2
-4165.1 1934.4 -158.5 100 0 11.3 10.3 8.0 2.5 2 0 2 3 3
-5366.8 8179.6 -148.7 82 0 12.7 19.0 12.5 2.5 2 1 5 5 5
-908.0 11655.7 -72.3 101 0 12.7 24.1 15.0 0.0 0 1 6 4 4
-1299.5 11599.4 -82.3 9 0 6.2 6.9 2.5 2.5 2 1 1 1 1
-1339.6 11569.5 -93.2 89 0 4.3 7.1 5.0 2.5 2 1 2 2 2
-1272.9 11561.6 -79.1 249 0 5.5 13.7 2.5 2.5 2 1 1 2 2
-1259.1 11546.4 -78.7 289 0 7.1 7.6 7.5 2.5 4 1 3 4 4
-1287.3 11764.7 -102.9 346 0 10.0 9.7 5.0 2.5 2 0 2 5 5
-3616.9 12644.0 -168.4 313 0 5.9 11.7 5.0 2.5 2 1 2 1 1
-3634.7 12726.7 -170.2 81 0 6.6 7.8 5.0 2.5 2 1 2 3 3
-3686.3 12768.7 -167.7 164 0 7.3 8.7 5.0 2.5 2 1 2 2 2
-3688.3 12782.4 -167.9 259 0 6.4 9.3 2.5 2.5 2 1 1 1 1
-3731.7 12783.6 -159.9 300 0 7.5 7.1 5.0 2.5 2 0 2 3 3
-3876.4 11283.7 -156.1 33 0 10.3 18.4 5.0 2.5 2 1 2 2 2
-3905.4 11294.6 -156.1 114 0 16.5 10.8 5.0 0.0 0 0 2 2 2
-3916.2 11310.0 -156.5 291 0 9.5 9.7 7.5 2.5 2 1 3 5 5
-3911.2 11281.6 -159.7 92 0 18.1 6.7 5.0 2.5 2 0 2 5 5
-3929.5 11280.5 -159.8 90 0 12.9 12.7 2.5 2.5 2 0 1 5 5
-4066.1 11206.4 -164.3 247 0 8.6 9.9 7.5 2.5 2 1 3 3 3
-4139.9 11243.8 -154.2 139 0 10.3 8.3 5.0 0.0 0 0 2 4 4
-4121.5 11238.2 -155.4 139 0 10.3 8.3 7.5 2.5 2 0 3 1 1
-4119.6 11262.3 -153.4 319 0 10.3 8.3 7.5 2.5 2 0 3 2 2
-4140.2 11263.9 -152.9 229 0 8.3 10.3 7.5 2.5 2 1 3 3 3
-5273.3 10979.1 -144.2 331 0 4.9 3.5 2.5 2.5 2 0 1 2 2
-5680.6 11778.3 -154.5 149 0 12.9 18.3 5.0 2.5 2 1 2 3 3
-5703.0 11830.5 -162.2 151 0 9.6 15.6 5.0 2.5 2 1 2 2 2
-6454.2 10839.5 -170.3 21 0 14.8 51.2 10.0 2.5 2 1 4 0 0
-6505.4 10788.2 -160.2 254 0 13.5 30.8 10.0 2.5 2 1 4 4 4
-4027.2 1880.5 -161.9 356 0 21.6 23.6 7.5 2.5 2 1 3 1 1
-4068.2 1817.2 -161.2 84 0 24.0 32.3 12.5 0.0 0 1 5 4 4
-4104.2 1813.7 -159.9 97 0 16.1 25.3 12.5 2.5 2 1 5 4 4
-4447.5 5204.4 -122.5 52 0 15.8 14.9 10.0 0.0 0 0 4 1 1
-4459.4 5251.2 -115.4 203 0 32.8 9.5 7.5 2.5 2 0 3 5 5
-4404.4 5248.2 -127.8 292 0 7.8 34.1 7.5 2.5 2 1 3 4 4
-4416.4 5275.1 -119.8 295 0 16.4 23.2 12.5 2.5 2 1 5 0 0
-3781.5 4125.8 -151.4 332 0 11.9 10.7 5.0 2.5 2 0 2 5 5
-3773.4 4116.2 -152.3 326 0 11.6 13.7 10.0 2.5 2 1 4 3 3
-3753.8 4082.2 -154.1 44 0 7.7 8.1 2.5 2.5 2 1 1 5 5
-3777.3 4080.1 -150.6 41 0 8.4 8.0 2.5 2.5 2 0 1 1 1
-3766.2 4098.8 -152.7 310 0 7.4 8.2 5.0 2.5 2 1 2 3 3
-3805.0 4086.1 -148.0 219 0 12.2 11.5 10.0 2.5 2 0 4 2 2
-3798.7 4068.4 -148.4 132 0 7.4 11.5 5.0 2.5 2 0 2 5 5
-3794.4 4064.7 -148.9 127 0 3.8 11.5 7.5 0.0 0 0 3 0 0
-3789.9 4060.7 -149.7 134 0 8.2 11.5 7.5 2.5 2 0 3 3 3
-3769.4 4071.2 -151.9 42 0 10.7 11.2 2.5 2.5 2 1 1 5 5
-3831.0 4068.5 -144.2 135 0 15.7 13.0 7.5 2.5 2 0 3 3 3
-3819.5 4058.9 -145.0 128 0 10.5 9.9 7.5 2.5 2 0 3 1 1
-3833.1 4149.0 -145.7 47 0 13.0 9.2 7.5 2.5 2 0 3 5 5
-4381.3 5751.5 -158.1 354 0 7.5 8.5 7.5 2.5 4 1 3 2 2
-4397.9 5728.7 -155.9 85 0 8.5 7.6 7.5 0.0 0 0 3 1 1
-4395.0 5743.0 -156.7 354 0 7.6 8.5 7.5 2.5 2 1 3 2 2
-5232.4 -2203.1 -141.0 354 0 7.4 8.2 7.5 2.5 2 1 3 5 5
-4111.5 -2757.5 -140.5 179 0 8.9 15.1 2.5 2.5 2 1 1 1 1
-4140.8 -2751.0 -139.9 98 0 31.1 10.1 15.0 0.0 0 0 6 5 5
-4183.6 -2742.7 -140.0 87 0 15.1 10.3 5.0 2.5 2 0 2 3 3
-4436.2 11872.2 90.6 36 0 4.6 5.0 5.0 2.5 4 1 2 3 3
-3718.0 4030.0 -154.0 326 0 8.8 8.0 5.0 2.5 2 0 2 0 0
-3674.8 669.6 -115.1 115 0 11.3 7.1 5.0 2.5 2 0 2 3 3
-5778.8 11078.1 -167.6 90 0 8.6 10.3 5.0 2.5 2 1 2 4 4
-5857.2 11059.4 -166.9 51 0 7.0 11.8 7.5 2.5 2 1 3 3 3
-6055.2 12098.0 -159.1 91 0 8.3 8.9 5.0 2.5 2 1 2 4 4
-5873.0 12232.5 -179.8 82 0 7.0 7.8 5.0 2.5 2 1 2 3 3
-6057.8 12173.2 -169.9 27 0 6.6 8.7 2.5 2.5 4 1 1 4 4
-6013.9 12188.0 -174.8 260 0 4.8 7.9 5.0 2.5 2 1 2 4 4
-6005.5 12191.4 -174.9 262 0 6.2 6.9 5.0 2.5 2 1 2 5 5
-5899.1 12229.6 -178.3 78 0 7.4 4.9 5.0 2.5 2 0 2 3 3
-5708.8 11720.9 -145.0 317 0 9.0 8.6 7.5 2.5 2 0 3 4 4
-5718.5 11890.6 -170.8 337 0 12.0 12.8 5.0 2.5 2 1 2 0 0
-6049.3 12155.8 -168.5 293 0 9.0 9.0 7.5 2.5 2 1 3 2 2
-4610.3 6034.9 -149.9 249 0 7.6 8.5 7.5 2.5 2 1 3 5 5
-4493.7 6009.2 -159.0 335 0 9.5 5.9 7.5 2.5 2 0 3 4 4
-4492.9 5985.3 -158.7 63 0 7.5 5.6 7.5 2.5 2 0 3 4 4
-4501.8 5998.9 -158.2 328 0 7.6 8.5 7.5 2.5 2 1 3 5 5
-4507.4 6007.8 -157.9 329 0 7.7 8.3 7.5 2.5 2 1 3 0 0
-4472.3 5973.3 -160.0 259 0 6.0 10.6 7.5 2.5 2 1 3 0 0
-4568.3 6027.9 -153.7 248 0 7.4 8.6 7.5 2.5 2 1 3 1 1
-4564.2 6017.8 -153.9 249 0 7.4 8.5 7.5 2.5 2 1 3 5 5
-4551.1 6003.3 -154.3 328 0 6.8 9.7 7.5 2.5 2 1 3 5 5
-4572.3 6038.0 -153.4 248 0 7.3 8.6 7.5 2.5 2 1 3 2 2
-4558.0 6039.9 -154.5 259 0 7.6 8.5 7.5 2.5 2 0 3 1 1
-4591.6 6040.9 -151.7 249 0 6.8 10.0 7.5 2.5 2 1 3 5 5
-4601.1 6039.7 -150.8 249 0 6.8 9.9 7.5 2.5 2 1 3 4 4
-4618.3 6026.2 -149.7 249 0 6.0 10.7 7.5 2.5 4 0 3 0 0
-4629.4 6027.5 -146.8 249 0 7.6 8.5 7.5 2.5 2 0 3 4 4
-4597.8 6055.1 -150.0 248 0 6.8 9.8 7.5 2.5 2 1 3 5 5
-4606.6 6051.1 -148.9 248 0 6.7 9.7 7.5 2.5 2 1 3 5 5
-4614.3 6045.1 -148.0 249 0 7.6 8.5 7.5 2.5 4 1 3 5 5
-4581.8 6045.3 -152.4 248 0 8.4 7.6 7.5 2.5 2 0 3 3 3
-4586.1 6064.6 -150.7 261 0 7.3 8.5 7.5 2.5 2 1 3 2 2
-4513.3 6018.5 -157.6 336 0 10.7 6.1 7.5 2.5 2 0 3 3 3
-4517.5 6033.1 -157.4 328 0 7.6 6.9 7.5 2.5 2 0 3 0 0
-4502.3 6022.3 -158.5 336 0 8.5 7.5 7.5 2.5 4 0 3 0 0
-4550.6 6067.7 -154.5 259 0 6.1 10.7 7.5 2.5 2 1 3 0 0
-4547.0 5990.6 -154.6 60 0 8.7 6.8 7.5 0.0 0 0 3 2 2
-4536.2 6004.5 -155.6 329 0 8.6 7.4 7.5 2.5 2 0 3 1 1
-4541.4 6013.1 -155.3 329 0 7.6 8.8 7.5 2.5 2 1 3 4 4
-4526.9 6028.5 -156.6 329 0 6.1 10.7 7.5 0.0 0 1 3 5 5
-4587.5 6028.7 -152.2 248 0 5.1 10.1 7.5 2.5 2 1 3 4 4
-4581.8 6017.3 -152.5 245 0 5.5 12.1 7.5 2.5 2 1 3 4 4
-4598.9 6020.0 -151.3 240 0 8.5 8.0 7.5 2.5 2 0 3 4 4
-4562.1 6062.0 -153.6 259 0 8.5 7.2 7.5 2.5 2 0 3 5 5
-4545.8 6042.3 -155.5 259 0 6.1 10.7 7.5 2.5 2 1 3 4 4
-4527.3 6046.6 -156.7 337 0 7.5 8.5 5.0 0.0 0 1 2 1 1
-4523.1 5993.1 -156.7 59 0 10.6 6.1 7.5 2.5 2 0 3 3 3
-4519.6 5984.0 -156.6 59 0 8.7 7.4 7.5 2.5 2 0 3 2 2
-4535.1 5990.2 -155.2 327 0 6.1 10.7 7.5 2.5 2 1 3 3 3
-4599.9 5978.5 -149.8 180 0 7.6 8.5 7.5 0.0 0 1 3 3 3
-4596.4 5959.6 -148.6 86 0 8.1 13.3 7.5 2.5 2 1 3 5 5
-4572.8 5955.0 -151.7 160 0 12.0 8.8 7.5 2.5 2 0 3 4 4
-4607.4 5960.0 -147.1 95 0 8.2 12.4 5.0 2.5 2 1 2 5 5
-4563.1 5960.5 -153.4 153 0 11.3 8.7 7.5 2.5 2 0 3 4 4
-4586.8 5955.3 -149.9 91 0 8.3 14.0 5.0 2.5 4 1 2 1 1
-4515.6 5970.4 -156.2 343 0 5.8 10.8 7.5 2.5 4 1 3 2 2
-4565.1 5936.4 -151.4 157 0 6.1 10.7 7.5 2.5 2 1 3 0 0
-4546.3 5940.6 -153.9 69 0 11.0 6.3 7.5 2.5 2 0 3 3 3
-4513.0 6112.1 -158.1 177 0 12.6 12.7 5.0 2.5 2 1 2 0 0
-4483.2 5994.5 -159.5 333 0 9.8 6.1 7.5 2.5 2 0 3 2 2
-4456.2 6033.7 -163.1 210 0 6.8 19.8 5.0 2.5 2 1 2 3 3
-4423.3 5868.6 -160.9 160 0 13.1 11.3 7.5 2.5 2 0 3 0 0
-4636.4 5754.5 -121.8 50 0 9.2 4.2 5.0 2.5 2 0 2 0 0
-4639.8 5758.5 -121.6 56 0 9.3 3.9 5.0 2.5 2 0 2 5 5
-4643.5 5772.9 -121.7 321 0 5.8 9.9 2.5 2.5 2 1 1 1 1
-6911.8 1383.5 61.9 178 0 14.3 14.6 5.0 2.5 4 1 2 2 2
-6670.5 1519.1 63.1 44 0 25.5 13.9 10.0 2.5 2 0 4 2 2
-6830.8 1097.6 17.5 11 0 9.3 11.9 2.5 2.5 2 1 1 2 2
-6877.2 1053.8 24.0 44 0 25.7 21.0 12.5 2.5 2 0 5 3 3
-6810.9 865.3 -9.9 293 0 7.4 7.5 7.5 2.5 2 1 3 1 1
-6813.6 857.0 -9.8 295 0 8.2 10.2 2.5 2.5 2 1 1 4 4
-6125.3 9824.8 -104.2 173 0 8.5 7.3 7.5 2.5 2 0 3 3 3
-6109.6 9752.1 -101.6 356 0 7.2 9.0 5.0 2.5 2 1 2 2 2
-5599.4 9440.6 -158.1 321 0 10.0 9.4 5.0 2.5 4 0 2 3 3
-5674.8 9427.2 -153.7 150 0 9.8 10.3 5.0 2.5 2 1 2 0 0
-6445.3 12638.4 -152.3 213 0 8.2 23.8 7.5 2.5 2 1 3 3 3
-5259.0 8618.3 -157.6 145 0 6.9 10.0 7.5 2.5 4 1 3 5 5
-3774.2 1232.2 -154.0 272 0 6.5 11.2 2.5 2.5 4 1 1 5 5
-1731.8 -2623.6 -161.6 173 0 5.8 4.1 7.5 2.5 2 0 3 3 3
-1738.4 -2643.3 -163.3 162 0 8.2 17.1 5.0 2.5 2 1 2 2 2
-1742.8 -2620.2 -160.3 171 0 6.5 3.3 7.5 2.5 2 0 3 0 0
-1734.7 -2508.6 -147.8 199 0 6.6 9.5 7.5 2.5 2 1 3 2 2
-1701.9 -2449.7 -151.2 107 0 8.4 15.5 7.5 2.5 2 1 3 0 0
-1569.1 -2570.8 -148.0 299 0 5.6 10.3 5.0 2.5 2 1 2 5 5
-1585.9 -2595.9 -147.9 110 0 6.9 16.2 7.5 2.5 2 1 3 0 0
-4288.9 2718.8 -110.3 4 0 43.0 20.9 10.0 2.5 2 0 4 0 0
-6724.1 -1072.1 -161.3 85 0 6.0 4.6 10.5 3.5 4 0 3 2 2
-6638.1 -1315.8 -152.6 151 0 7.9 8.4 7.5 0.0 0 0 3 5 5
-6641.9 -1309.1 -153.4 151 0 7.4 8.4 2.5 2.5 2 0 1 0 0
-6558.9 -1358.3 -136.6 151 0 7.8 7.5 7.5 0.0 0 0 3 5 5
-6704.3 -1156.7 -163.0 342 0 6.1 10.7 10.5 3.5 2 0 3 1 1
-6706.2 -1150.9 -163.1 342 0 6.0 10.7 10.5 3.5 2 0 3 5 5
-6701.3 -1166.4 -162.9 342 0 5.9 10.6 10.5 3.5 2 1 3 1 1
-6721.2 -1167.8 -163.9 73 0 7.6 8.4 10.5 3.5 4 1 3 4 4
-6856.1 -610.7 -159.8 127 0 10.6 6.1 7.5 0.0 0 0 3 1 1
-6694.2 -1220.0 -162.2 134 0 6.3 10.4 10.5 3.5 2 0 3 4 4
-6689.7 -1224.3 -161.9 134 0 6.2 10.4 10.5 3.5 2 0 3 1 1
-6718.7 -996.7 -157.3 81 0 6.1 7.2 10.5 3.5 4 1 3 2 2
-6713.7 -1006.5 -157.9 351 0 11.5 7.0 7.0 3.5 2 0 2 4 4
-6787.3 -979.8 -162.3 265 0 16.6 12.6 14.0 3.5 2 0 4 3 3
-6768.8 -1018.8 -162.0 89 0 7.1 20.9 10.5 0.0 0 1 3 3 3
-6754.1 -747.1 -124.9 63 0 12.9 8.2 10.5 3.5 2 0 3 1 1
-6652.0 1513.7 59.7 315 0 5.9 9.8 2.5 2.5 2 1 1 3 3
-6669.2 1496.3 56.7 314 0 6.2 10.4 7.5 2.5 2 1 3 5 5
-6669.2 1512.0 60.8 314 0 11.8 7.5 5.0 2.5 2 0 2 1 1
-6662.0 1499.5 58.3 44 0 9.8 8.0 5.0 2.5 2 0 2 1 1
-6663.6 1526.0 66.2 46 0 11.3 12.8 5.0 2.5 2 0 2 5 5
-6807.2 1218.6 8.8 3 0 4.0 4.1 5.0 2.5 4 1 2 5 5
-6797.5 1221.9 7.0 342 0 5.7 4.4 5.0 2.5 2 0 2 3 3
-6889.5 933.0 24.3 187 0 7.1 5.1 5.0 2.5 2 0 2 3 3
-6564.9 935.7 -36.8 162 0 4.3 10.0 5.0 2.5 2 0 2 0 0
-6464.9 881.4 -41.7 282 0 3.8 5.0 5.0 2.5 2 1 2 5 5
-6453.7 882.7 -40.5 294 0 4.8 4.2 2.5 2.5 4 0 1 4 4
-6460.0 878.3 -42.1 276 0 6.2 5.2 7.5 0.0 0 0 3 1 1
-6454.4 876.3 -42.1 275 0 4.2 5.0 5.0 2.5 4 0 2 3 3
-6442.5 870.9 -42.3 5 0 4.8 10.2 7.5 2.5 2 0 3 4 4
-6682.2 118.9 -71.8 92 0 5.5 5.7 2.5 2.5 2 1 1 3 3
-6843.6 -541.1 -161.7 121 0 6.7 5.9 2.5 2.5 4 0 1 3 3
-5806.4 55.9 -67.9 116 0 6.4 6.1 5.0 2.5 2 0 2 0 0
-6140.2 793.4 -52.1 0 0 4.2 6.3 7.5 2.5 2 0 3 5 5
-6301.5 529.8 -100.7 47 0 3.0 6.3 7.5 2.5 2 0 3 1 1
-6299.1 532.1 -100.4 47 0 3.6 6.3 5.0 2.5 2 0 2 1 1
-6044.4 693.1 -69.3 154 0 5.7 5.9 2.5 2.5 2 1 1 2 2
-6787.3 1002.2 -5.8 4 0 5.4 4.0 7.5 2.5 4 0 3 5 5
-6815.7 1024.3 5.8 330 0 5.1 10.9 7.5 2.5 2 1 3 0 0
-6798.0 1037.9 -0.6 63 0 11.0 4.3 5.0 0.0 0 0 2 4 4
-6806.5 1087.0 7.6 312 0 6.3 9.8 7.5 0.0 0 1 3 0 0
-6819.6 1077.6 9.6 203 0 8.2 5.6 5.0 2.5 2 0 2 4 4
-6759.1 1408.2 42.8 277 0 8.5 7.2 5.0 2.5 2 0 2 1 1
-6644.7 274.2 -91.8 132 0 5.5 11.4 5.0 2.5 4 1 2 2 2
-6638.6 603.7 -77.7 235 0 4.9 10.0 7.5 2.5 2 1 3 2 2
-6651.8 266.1 -90.3 240 0 9.7 9.1 7.5 2.5 2 0 3 1 1
-6689.0 353.1 -81.7 356 0 7.9 10.8 2.5 2.5 2 1 1 3 3
-6691.6 339.6 -81.5 358 0 12.4 20.7 10.0 2.5 2 1 4 0 0
-6710.1 427.6 -64.2 77 0 9.3 11.0 2.5 2.5 2 1 1 2 2
-6090.5 614.1 -80.5 26 0 9.4 6.4 2.5 2.5 4 0 1 5 5
-6102.0 619.7 -80.8 206 0 9.5 6.4 7.5 2.5 2 0 3 3 3
-6585.6 398.1 -85.5 58 0 17.7 12.8 5.0 2.5 2 0 2 4 4
-6581.3 417.2 -84.9 229 0 14.0 12.9 5.0 2.5 2 0 2 5 5
-6642.5 410.8 -76.6 247 0 3.5 7.9 2.5 2.5 2 0 1 2 2
-6667.1 398.9 -76.5 164 0 8.6 25.4 5.0 2.5 2 0 2 4 4
-6635.8 239.9 -91.7 340 0 7.6 13.8 5.0 2.5 4 1 2 3 3
-6643.6 217.4 -90.4 333 0 24.2 13.4 10.0 2.5 2 0 4 4 4
-6680.4 194.9 -83.9 152 0 18.2 14.8 12.5 2.5 2 0 5 3 3
-6767.8 1078.9 -10.8 197 0 8.0 12.9 5.0 2.5 2 1 2 4 4
-6855.6 1083.1 22.1 337 0 4.8 5.8 5.0 0.0 0 1 2 0 0
-6858.7 1070.5 22.5 336 0 4.9 6.8 2.5 2.5 2 1 1 2 2
-6887.8 982.4 26.8 298 0 4.3 5.7 5.0 2.5 2 0 2 2 2
-6880.8 982.7 25.6 297 0 7.8 6.4 5.0 2.5 4 0 2 3 3
-6864.9 1042.8 22.7 228 0 9.5 4.7 7.5 2.5 4 0 3 4 4
-6833.5 1141.5 16.9 346 0 11.4 7.5 5.0 2.5 2 0 2 1 1
-6791.3 1225.8 4.0 152 0 16.3 9.3 2.5 2.5 2 0 1 5 5
-6853.7 1337.5 43.5 356 0 10.9 11.0 5.0 2.5 2 1 2 5 5
-5982.8 340.7 -77.5 146 0 6.2 19.0 7.5 2.5 2 1 3 2 2
-5957.7 333.1 -73.7 55 0 5.9 12.6 7.5 2.5 2 0 3 4 4
-5944.4 341.1 -71.8 58 0 5.9 19.8 7.5 2.5 2 1 3 4 4
-5928.8 366.5 -66.6 331 0 4.1 4.2 2.5 2.5 2 1 1 0 0
-5926.4 349.7 -66.8 58 0 13.5 6.3 2.5 2.5 2 0 1 5 5
-5907.2 362.2 -63.1 60 0 15.1 5.9 5.0 2.5 2 0 2 1 1
-6031.3 187.2 -92.5 127 0 5.4 6.5 5.0 2.5 2 1 2 2 2
-6057.0 -21.5 -122.7 310 0 5.5 4.4 5.0 2.5 2 0 2 0 0
-6060.7 -18.5 -122.8 310 0 4.0 4.4 7.5 2.5 2 0 3 1 1
-5952.7 8.6 -102.9 147 0 4.1 4.8 5.0 2.5 2 1 2 2 2
-5962.1 9.6 -104.3 93 0 3.3 7.5 5.0 2.5 2 0 2 0 0
-5975.9 13.7 -106.1 183 0 8.6 12.4 5.0 2.5 2 0 2 1 1
-6003.7 -19.1 -115.0 296 0 5.3 7.7 5.0 0.0 0 1 2 2 2
-5984.9 -90.9 -104.7 323 0 5.9 6.3 5.0 2.5 2 0 2 5 5
-5984.4 -86.8 -106.2 232 0 5.7 10.3 5.0 2.5 2 0 2 1 1
-6041.6 -83.3 -107.8 184 0 8.4 14.7 2.5 2.5 2 1 1 4 4
-6046.9 -82.3 -108.6 332 0 12.2 4.9 7.5 0.0 0 0 3 3 3
-6043.3 41.4 -113.1 46 0 6.7 12.0 7.5 2.5 2 1 3 3 3
-6158.7 225.5 -105.8 61 0 5.5 6.1 2.5 2.5 2 1 1 4 4
-6029.3 294.1 -83.2 132 0 10.2 6.0 2.5 2.5 2 0 1 1 1
-6107.1 295.6 -93.7 80 0 6.1 4.8 2.5 2.5 2 0 1 4 4
-6120.8 293.2 -95.7 82 0 6.3 5.7 5.0 2.5 2 0 2 3 3
-5854.7 875.3 13.0 101 0 6.0 4.7 2.5 2.5 2 0 1 3 3
-6397.7 916.9 -28.2 103 0 6.1 9.5 5.0 2.5 4 0 2 1 1
-6403.7 918.3 -28.4 103 0 6.2 9.5 5.0 2.5 2 0 2 3 3
-6197.4 81.7 -123.3 152 0 5.9 10.4 7.5 2.5 2 1 3 5 5
-5799.2 257.3 -35.7 146 0 17.9 9.6 7.5 2.5 4 0 3 4 4
-6023.4 768.1 -50.0 179 0 7.2 12.0 5.0 2.5 2 1 2 5 5
-5971.7 932.9 7.9 302 0 7.9 8.0 7.5 2.5 2 1 3 5 5
-5895.1 891.7 8.4 243 0 7.5 13.6 5.0 2.5 2 1 2 1 1
-5928.9 907.4 8.2 300 0 7.5 7.9 5.0 2.5 2 1 2 4 4
-5908.6 912.6 13.0 302 0 7.9 9.5 5.0 0.0 0 1 2 1 1
-5921.0 920.8 12.6 302 0 9.8 11.1 5.0 2.5 2 1 2 3 3
-5983.2 950.9 12.3 211 0 10.1 8.0 5.0 2.5 2 0 2 2 2
-5970.0 936.5 12.1 120 0 9.5 11.8 7.5 2.5 2 1 3 1 1
-5954.9 912.7 2.7 299 0 36.3 13.4 12.5 2.5 4 0 5 1 1
-5176.2 8836.0 -151.5 308 0 8.1 18.4 7.5 2.5 2 1 3 2 2
-5189.9 8819.8 -150.9 307 0 4.7 8.1 7.5 0.0 0 1 3 3 3
-5192.8 8776.7 -147.5 340 0 18.9 11.4 10.0 2.5 2 0 4 4 4
-5227.9 8587.0 -159.4 265 0 6.3 11.9 5.0 2.5 2 1 2 0 0
-6396.7 10954.2 -168.7 174 0 6.6 6.9 5.0 2.5 2 1 2 2 2
-3532.9 2727.8 -143.8 270 0 15.7 7.4 7.5 2.5 2 0 3 0 0
-3564.6 2731.9 -140.6 270 0 15.5 6.5 7.5 0.0 0 0 3 3 3
-3552.0 2724.0 -142.8 270 0 14.2 5.5 7.5 2.5 2 0 3 1 1
-4010.9 4645.1 -150.6 104 0 5.5 8.8 7.5 0.0 0 1 3 1 1
-4147.6 4764.0 -141.9 64 0 10.6 10.6 7.5 2.5 4 0 3 3 3
-4279.6 4803.0 -136.9 110 0 11.5 13.7 10.0 2.5 2 1 4 4 4
-3832.4 4463.5 -153.8 109 0 7.4 8.3 7.5 2.5 2 1 3 4 4
-3904.7 4539.7 -156.6 113 0 8.2 8.1 7.5 0.0 0 0 3 5 5
-4276.7 5505.3 -134.9 137 0 7.7 18.3 5.0 0.0 0 1 2 3 3
-4259.1 5614.6 -149.2 108 0 8.1 10.6 5.0 2.5 4 1 2 3 3
-5690.7 9433.5 -151.9 332 0 6.1 6.1 5.0 2.5 2 0 2 5 5
-6250.7 10524.2 -162.6 190 0 5.1 7.4 5.0 0.0 0 1 2 3 3
-6235.2 10407.2 -161.3 181 0 5.0 7.3 2.5 2.5 2 1 1 3 3
-5985.2 10489.4 -172.2 304 0 6.0 12.6 5.0 2.5 2 1 2 5 5
-6137.7 10451.2 -171.3 26 0 9.1 6.0 5.0 2.5 2 0 2 3 3
-6411.4 10768.0 -168.8 217 0 7.2 5.1 7.5 2.5 4 0 3 3 3
-6196.3 10576.0 -169.4 341 0 7.8 6.3 5.0 2.5 2 0 2 1 1
-5972.2 10901.0 -173.4 285 0 7.7 4.9 2.5 2.5 2 0 1 0 0
-5930.5 10996.2 -168.5 56 0 11.1 10.0 5.0 2.5 2 0 2 4 4
-5442.6 11024.8 -168.4 61 0 8.7 13.6 7.5 2.5 2 1 3 0 0
-3763.9 11244.9 -149.2 240 0 10.6 6.6 5.0 2.5 2 0 2 1 1
-4542.7 5688.5 -139.7 77 0 3.6 10.0 7.5 2.5 2 1 3 2 2
-4501.4 5804.6 -149.1 75 0 6.0 4.4 5.0 2.5 2 0 2 0 0
-4358.8 6045.6 -168.3 124 0 3.5 10.2 7.5 2.5 2 1 3 2 2
-4450.1 5829.4 -158.8 70 0 7.6 8.5 5.0 2.5 2 1 2 1 1
-4311.0 5598.0 -142.4 213 0 4.2 6.3 2.5 2.5 4 1 1 4 4
2373.4 3755.3 -161.7 188 0 31.9 6.0 7.5 2.5 2 0 3 2 2
-3831.1 969.8 -145.3 345 0 4.8 10.6 5.0 0.0 0 0 2 1 1
-3829.9 965.2 -145.3 345 0 4.8 10.6 7.5 0.0 0 0 3 3 3
-6700.5 -1213.5 -162.6 135 0 5.9 10.6 10.5 0.0 0 1 3 4 4
-6346.8 205.3 -113.8 66 0 9.9 4.7 5.0 2.5 2 0 2 5 5
-6150.7 528.3 -95.2 103 0 6.6 9.0 5.0 2.5 2 1 2 3 3
-1531.7 -2308.5 -163.2 46 0 7.2 10.3 5.0 2.5 2 1 2 4 4
-1752.9 -2627.4 -159.6 58 0 5.6 14.4 5.0 2.5 4 1 2 4 4
2626.9 3665.8 -145.2 287 0 11.9 12.8 10.0 2.5 2 1 4 0 0
2216.4 3484.7 -155.4 180 0 7.3 8.4 7.5 0.0 0 1 3 4 4
-5292.0 7855.6 -152.8 180 0 8.8 13.6 7.5 2.5 2 1 3 0 0
-5251.2 7849.7 -154.4 31 0 7.1 14.0 5.0 0.0 0 1 2 2 2
-5258.5 7826.1 -154.8 216 0 6.2 8.4 2.5 2.5 2 1 1 4 4
-4524.2 5935.4 -155.4 76 0 6.1 10.8 7.5 2.5 2 1 3 2 2
-4520.0 5925.6 -155.7 73 0 7.4 7.5 7.5 2.5 2 1 3 4 4
-4529.8 5949.4 -154.9 337 0 6.0 9.2 7.5 2.5 2 1 3 0 0
-4563.6 6069.9 -153.2 259 0 8.5 7.2 7.5 2.5 2 0 3 5 5
-4559.7 6048.3 -154.2 259 0 7.6 8.5 7.5 2.5 2 0 3 3 3
-4548.2 6055.0 -155.1 259 0 6.2 10.6 7.5 2.5 2 1 3 4 4
-4420.0 5708.7 -153.0 58 0 5.5 11.9 7.5 2.5 2 1 3 1 1
-4622.1 6036.1 -147.8 249 0 6.1 10.6 7.5 2.5 2 0 3 3 3
-4626.3 6019.6 -148.1 249 0 7.6 8.6 7.5 2.5 2 0 3 0 0
-4487.2 5978.9 -159.0 63 0 6.1 6.5 5.0 2.5 2 1 2 5 5
-4450.2 5824.8 -158.5 250 0 8.9 7.0 7.5 0.0 0 0 3 5 5
-4417.7 5783.7 -158.7 238 0 8.5 7.6 7.5 2.5 2 0 3 1 1
-4429.2 5767.6 -156.8 231 0 7.6 8.6 7.5 0.0 0 1 3 2 2
-4428.5 5747.0 -155.3 231 0 6.0 10.6 7.5 2.5 2 1 3 0 0
-4408.6 5707.1 -153.6 84 0 6.1 10.7 7.5 2.5 2 1 3 3 3
-4398.1 5717.8 -154.9 84 0 8.6 7.6 7.5 2.5 2 0 3 2 2
-4396.3 5755.5 -157.7 354 0 7.7 8.5 7.5 2.5 2 1 3 2 2
-4409.8 5729.4 -155.6 90 0 6.0 10.6 7.5 2.5 2 1 3 0 0
-4473.0 5806.6 -155.9 159 0 4.3 7.6 7.5 2.5 2 0 3 3 3
-4471.5 5802.6 -155.8 159 0 4.3 7.6 7.5 2.5 2 0 3 0 0
-4447.2 5776.6 -156.3 35 0 7.7 8.6 7.5 2.5 2 1 3 1 1
-4461.6 5761.1 -154.2 46 0 6.3 8.3 7.5 0.0 0 1 3 1 1
-4452.8 5758.4 -154.7 46 0 4.6 6.7 7.5 2.5 4 1 3 5 5
-4448.1 5754.4 -154.5 317 0 7.4 8.2 7.5 2.5 2 1 3 4 4
-4443.1 5745.2 -154.3 226 0 5.5 10.0 7.5 2.5 2 1 3 5 5
-4435.7 5733.3 -153.9 238 0 7.9 8.3 7.5 2.5 2 1 3 2 2
-4496.8 5661.1 -145.2 64 0 7.6 8.6 7.5 2.5 2 1 3 5 5
-4492.4 5676.9 -146.3 244 0 8.6 7.7 7.5 2.5 2 0 3 4 4
-4485.6 5663.2 -145.9 64 0 8.5 7.5 7.5 2.5 2 0 3 5 5
-4481.7 5682.1 -147.3 244 0 8.5 7.6 7.5 2.5 2 0 3 3 3
-4475.0 5668.4 -146.9 64 0 8.5 7.6 7.5 2.5 4 0 3 1 1
-4464.2 5673.7 -147.8 64 0 8.5 7.6 7.5 2.5 2 0 3 4 4
-4445.9 5688.5 -149.7 34 0 8.5 7.6 7.5 2.5 2 0 3 1 1
-4440.0 5699.7 -151.0 53 0 5.8 7.5 7.5 2.5 2 1 3 1 1
-4430.6 5702.1 -151.8 55 0 6.0 10.7 7.5 2.5 2 1 3 1 1
-4455.0 5726.6 -152.3 246 0 7.8 8.5 7.5 2.5 2 1 3 0 0
-4468.9 5716.1 -150.9 210 0 8.5 7.6 7.5 2.5 2 0 3 4 4
-4492.8 5731.1 -150.5 208 0 6.7 9.7 7.5 2.5 2 1 3 2 2
-4479.1 5727.4 -151.1 210 0 6.9 9.1 7.5 2.5 2 1 3 4 4
-4483.1 5718.0 -150.2 209 0 6.9 9.3 7.5 0.0 0 1 3 2 2
-4497.0 5715.6 -149.2 209 0 6.5 10.8 7.5 2.5 2 1 3 4 4
-4499.1 5705.4 -148.3 210 0 5.9 6.9 7.5 2.5 2 1 3 4 4
-4540.8 5796.3 -140.8 61 0 4.9 5.3 7.5 2.5 2 1 3 1 1
-4525.5 5802.0 -143.9 72 0 8.5 7.6 7.5 2.5 2 0 3 2 2
-4488.5 5817.6 -151.6 342 0 5.3 7.4 7.5 0.0 0 1 3 5 5
-4490.2 5802.8 -151.6 71 0 5.1 8.5 7.5 2.5 2 1 3 2 2
-4491.5 5786.3 -151.2 335 0 8.5 6.1 7.5 2.5 2 0 3 2 2
-4508.3 5785.2 -148.6 247 0 10.7 6.1 7.5 2.5 2 0 3 4 4
-4520.5 5781.9 -145.6 249 0 7.6 7.5 7.5 2.5 2 0 3 2 2
-4503.8 5757.7 -148.4 27 0 7.2 8.9 7.5 2.5 2 1 3 4 4
-4500.7 5726.1 -149.3 100 0 5.5 6.8 7.5 2.5 2 1 3 5 5
-4505.8 5729.5 -147.9 23 0 6.0 10.6 7.5 2.5 4 1 3 0 0
-4514.1 5746.2 -146.0 28 0 6.1 10.7 7.5 2.5 2 1 3 1 1
-4498.4 5741.2 -149.5 18 0 7.6 8.5 7.5 2.5 2 1 3 3 3
-4523.1 5762.0 -144.1 323 0 6.1 10.8 7.5 2.5 2 1 3 0 0
-4539.6 5768.6 -141.0 256 0 5.6 8.5 7.5 2.5 2 1 3 2 2
-4538.2 5782.3 -141.5 249 0 6.1 8.5 7.5 2.5 2 1 3 5 5
-4525.9 5740.1 -143.5 33 0 7.5 5.1 7.5 0.0 0 0 3 1 1
-4538.0 5752.8 -141.0 303 0 7.0 7.1 7.5 0.0 0 1 3 5 5
-4569.8 5767.5 -134.3 254 0 7.3 8.2 7.5 2.5 2 1 3 1 1
-4573.1 5779.4 -133.7 254 0 7.5 8.4 7.5 2.5 2 1 3 1 1
-4555.0 5740.4 -138.3 135 0 10.7 6.1 7.5 2.5 2 0 3 1 1
-4538.3 5733.0 -140.6 31 0 6.1 10.6 7.5 2.5 2 1 3 5 5
-4522.2 5714.4 -144.8 45 0 10.6 6.0 7.5 2.5 2 0 3 2 2
-4531.0 5720.0 -142.4 45 0 6.1 10.6 7.5 2.5 2 1 3 1 1
-4517.9 5710.1 -145.8 45 0 10.6 6.1 7.5 2.5 2 0 3 5 5
-4510.7 5702.9 -147.2 45 0 10.7 6.1 7.5 2.5 2 0 3 3 3
-4513.9 5690.3 -146.2 222 0 6.1 9.1 7.5 2.5 4 1 3 3 3
-4507.7 5697.3 -147.0 222 0 6.1 8.8 7.5 2.5 2 1 3 1 1
-4529.1 5689.3 -144.1 131 0 9.0 6.3 7.5 2.5 2 0 3 4 4
-4533.1 5684.1 -144.1 206 0 6.3 10.9 7.5 2.5 2 1 3 5 5
-4530.0 5677.6 -143.4 296 0 11.0 5.6 7.5 2.5 2 0 3 2 2
-4532.4 5672.6 -143.3 296 0 11.0 5.6 7.5 2.5 2 0 3 5 5
-6812.4 1945.8 155.4 89 0 8.6 9.2 7.5 2.5 2 1 3 3 3
-6456.9 -1466.4 -146.3 161 0 8.5 7.6 7.5 2.5 4 0 3 3 3
-3453.3 2717.3 -150.5 153 0 8.6 17.7 5.0 2.5 2 1 2 3 3
-3466.5 2686.5 -156.2 153 0 10.2 10.1 2.5 2.5 2 0 1 0 0
-3474.8 2699.1 -153.6 151 0 15.9 9.8 5.0 2.5 2 0 2 5 5
-3515.0 2730.2 -144.6 270 0 15.7 7.4 5.0 0.0 0 0 2 0 0
-3494.3 2731.3 -145.8 270 0 15.6 7.4 2.5 2.5 2 0 1 3 3
-3471.6 2727.7 -146.2 64 0 15.7 7.4 5.0 2.5 2 0 2 4 4
-6527.9 -1388.3 -130.1 157 0 10.7 6.0 5.0 2.5 2 0 2 5 5
-4035.1 1924.0 -160.4 266 0 29.5 28.0 12.5 0.0 0 0 5 2 2
