-5918.4 11669.3 -18.2 15 0 24.2 54.8 10.0 2.5 2 0 4 3 3
-6002.6 11743.9 -23.4 197 0 26.3 30.4 12.5 0.0 0 1 5 2 2
-5914.4 11685.0 -18.6 14 0 9.0 55.1 7.5 2.5 2 0 3 3 3
-5910.8 11698.7 -19.9 15 0 21.5 55.2 10.0 2.5 2 0 4 1 1
800.9 -4932.5 -20.4 245 0 112.9 22.8 7.5 0.0 0 0 3 1 1
692.7 -5104.8 -20.2 157 0 25.5 14.1 5.0 2.5 2 0 2 2 2
950.8 -4958.5 -21.9 330 0 81.8 12.4 10.0 2.5 2 0 4 0 0
806.3 -5006.8 -20.3 246 0 52.1 43.2 7.5 0.0 0 0 3 3 3
634.0 -5097.9 -20.2 155 0 103.3 15.7 10.0 0.0 0 0 4 4 4
667.2 -4653.5 -20.6 241 0 76.5 220.3 10.0 0.0 0 1 4 5 5
701.2 -5079.0 -20.2 156 0 42.4 51.0 7.5 0.0 0 1 3 0 0
876.6 -4899.7 -20.4 246 0 25.6 20.0 10.0 2.5 2 0 4 4 4
-2624.6 1439.0 29.0 249 0 60.7 22.6 12.5 2.5 2 0 5 3 3
2682.7 3977.5 -12.7 287 0 24.6 52.0 10.0 2.5 2 1 4 2 2
1802.9 4656.8 -20.7 263 0 36.4 110.2 7.5 0.0 0 1 3 0 0
2668.6 3780.8 -20.2 261 0 84.0 55.2 10.0 0.0 0 0 4 3 3
2097.7 4601.5 -22.5 350 0 126.4 96.7 10.0 0.0 0 0 4 4 4
1752.7 4650.7 -20.4 263 0 38.1 110.0 10.0 0.0 0 1 4 3 3
1099.1 3947.6 -15.5 313 0 31.5 49.3 15.0 0.0 0 1 6 5 5
861.9 3846.6 -9.5 133 0 13.2 52.3 10.0 2.5 2 1 4 1 1
1139.4 3842.7 -17.1 133 0 48.3 22.1 7.5 2.5 2 0 3 1 1
1124.5 3873.3 -16.6 43 0 21.2 47.7 12.5 2.5 2 1 5 3 3
1205.8 3797.1 -17.3 43 0 21.5 47.0 15.0 2.5 2 1 6 4 4
865.3 3981.7 -13.5 223 0 63.2 155.8 12.5 0.0 0 1 5 1 1
877.6 3831.2 -11.0 134 0 14.1 52.9 12.5 2.5 2 1 5 3 3
-525.1 4861.5 2.4 139 0 69.2 22.5 10.0 0.0 0 0 4 3 3
-419.8 4819.6 2.8 34 0 15.5 55.0 10.0 2.5 2 1 4 5 5
-523.4 4770.7 0.6 214 0 14.2 45.4 10.0 2.5 2 1 4 4 4
-412.9 4726.9 -0.4 33 0 15.2 53.3 12.5 2.5 2 1 5 1 1
-556.0 4966.6 2.9 230 0 33.2 132.4 10.0 0.0 0 1 4 4 4
-3730.4 9514.4 -24.3 81 0 74.4 15.5 10.0 2.5 2 0 4 4 4
-2721.0 9205.0 -25.6 58 0 28.1 59.7 10.0 0.0 0 1 4 5 5
6305.9 10747.2 -31.1 55 0 39.3 19.6 7.5 2.5 2 0 3 4 4
5644.6 7232.2 -32.4 320 0 51.3 25.7 10.0 2.5 2 0 4 1 1
5029.7 9500.1 -28.9 320 0 51.5 105.2 10.0 0.0 0 1 4 1 1
6640.5 10306.9 -34.4 194 0 22.0 30.6 10.5 0.0 0 1 3 0 0
6820.7 10413.6 -35.1 284 0 70.6 95.6 10.5 0.0 0 1 3 2 2
6817.0 10192.7 -34.1 104 0 24.0 74.8 10.5 0.0 0 1 3 3 3
6869.3 10217.3 -33.9 15 0 75.4 23.6 10.5 0.0 0 0 3 2 2
6900.9 10210.3 -33.8 14 0 75.1 23.0 10.5 0.0 0 0 3 5 5
6778.0 10203.1 -34.4 104 0 24.7 75.3 10.5 0.0 0 1 3 4 4
4800.7 12662.8 -33.0 51 0 23.9 51.6 14.0 0.0 0 1 4 0 0
4770.9 12766.2 -34.8 230 0 42.4 77.1 14.0 0.0 0 1 4 0 0
4836.1 8169.9 -23.7 329 0 64.1 10.9 7.5 2.5 2 0 3 5 5
-1778.3 9158.9 -27.4 178 0 71.9 26.5 14.0 0.0 0 0 4 3 3
-1711.1 9126.4 -27.2 89 0 42.9 71.2 14.0 0.0 0 1 4 3 3
-2962.2 -2141.7 -18.1 275 0 91.4 84.1 10.0 0.0 0 0 4 2 2
-4878.6 275.0 -15.4 189 0 40.7 105.7 12.5 0.0 0 1 5 2 2
-5847.5 6428.0 -24.1 45 0 119.1 29.4 17.5 0.0 0 0 5 1 1
-2691.8 9223.5 -25.6 58 0 18.9 22.2 10.0 2.5 4 1 4 2 2
-2767.6 9177.5 -25.2 59 0 52.8 33.8 7.5 0.0 0 0 3 2 2
-2795.3 9213.6 -25.5 59 0 53.2 23.7 5.0 2.5 2 0 2 4 4
-2743.1 9320.8 -26.0 329 0 43.1 41.7 10.0 0.0 0 0 4 5 5
-2787.3 9294.4 -25.9 330 0 41.7 51.6 7.5 0.0 0 1 3 0 0
-2752.9 9377.0 -27.1 330 0 40.8 123.5 10.0 0.0 0 1 4 2 2
-2891.6 9318.5 -26.1 240 0 34.6 38.3 7.5 0.0 0 1 3 1 1
-2929.2 9297.4 -26.1 241 0 34.1 38.8 10.0 0.0 0 1 4 2 2
-2881.4 9215.2 -25.7 59 0 34.4 41.8 7.5 0.0 0 1 3 4 4
-2843.9 9236.7 -25.8 60 0 35.7 41.8 10.0 0.0 0 1 4 3 3
-2824.7 9147.2 -25.4 60 0 41.3 69.2 10.0 0.0 0 1 4 4 4
-2866.0 9121.3 -25.3 57 0 37.1 70.0 10.0 0.0 0 1 4 1 1
-2910.1 9093.7 -25.2 60 0 23.4 71.3 7.5 0.0 0 1 3 3 3
-2967.8 9275.4 -26.0 240 0 37.5 96.2 7.5 0.0 0 1 3 0 0
3771.8 8055.5 -21.1 48 0 16.7 78.2 14.0 3.5 2 1 4 1 1
-1094.4 9619.7 -25.5 250 0 39.2 40.2 14.0 0.0 0 1 4 1 1
3115.3 9028.0 -30.9 252 0 28.6 32.2 14.0 0.0 0 0 4 5 5
3231.1 8899.1 -29.7 71 0 28.2 32.1 14.0 0.0 0 0 4 2 2
3213.4 8951.9 -30.0 315 0 27.9 26.5 14.0 0.0 0 0 4 1 1
3165.7 8966.5 -30.3 208 0 29.6 29.8 14.0 0.0 0 0 4 5 5
3153.0 8974.3 -30.7 39 0 29.4 31.7 14.0 0.0 0 0 4 0 0
3108.9 8865.9 -30.9 262 0 22.8 79.3 10.5 0.0 0 1 3 0 0
3038.6 8877.7 -30.7 56 0 23.9 96.0 14.0 0.0 0 1 4 5 5
3056.7 8924.2 -30.8 187 0 32.7 22.8 14.0 0.0 0 0 4 0 0
3058.0 8955.2 -30.8 180 0 24.9 25.3 14.0 0.0 0 0 4 1 1
3454.8 8843.4 -27.3 326 0 75.0 25.5 14.0 0.0 0 0 4 4 4
3213.3 9099.3 -29.9 1 0 30.8 26.5 14.0 0.0 0 0 4 1 1
3803.7 9077.8 -27.3 236 0 70.3 26.5 14.0 0.0 0 0 4 2 2
3088.5 8770.0 -30.8 180 0 21.8 21.1 10.5 3.5 2 0 3 0 0
3108.4 8736.1 -30.8 113 0 18.3 28.2 10.5 0.0 0 0 3 2 2
3117.4 8717.4 -30.8 164 0 18.9 27.1 10.5 0.0 0 0 3 5 5
3138.7 8688.0 -30.8 138 0 15.1 28.2 10.5 0.0 0 0 3 0 0
3154.5 8665.6 -30.9 156 0 18.1 28.7 10.5 0.0 0 0 3 2 2
3186.0 8686.7 -31.4 171 0 77.6 27.0 10.5 0.0 0 0 3 3 3
3162.1 8788.8 -30.4 168 0 109.3 25.7 10.5 0.0 0 0 3 3 3
3250.4 8718.2 -30.3 359 0 74.4 25.4 10.5 0.0 0 0 3 0 0
3238.1 8796.6 -29.8 337 0 49.8 23.9 10.5 0.0 0 0 3 2 2
3300.6 8710.3 -29.1 57 0 32.6 102.0 14.0 0.0 0 1 4 1 1
3411.3 8740.8 -27.7 56 0 28.7 16.4 10.5 3.5 2 0 3 5 5
3629.6 8927.8 -26.4 232 0 80.0 19.3 14.0 3.5 2 0 4 4 4
3684.3 8968.5 -26.6 233 0 36.4 19.8 14.0 0.0 0 0 4 1 1
3753.6 9323.0 -28.9 25 0 8.6 8.8 10.5 3.5 2 1 3 1 1
3738.5 9299.5 -28.8 25 0 8.6 8.8 10.5 3.5 2 1 3 4 4
3744.9 9308.8 -28.8 26 0 8.8 10.6 10.5 0.0 0 1 3 4 4
3748.5 9304.0 -28.8 206 0 8.8 10.6 10.5 0.0 0 1 3 2 2
3758.0 9320.4 -28.9 207 0 8.3 9.1 10.5 3.5 2 1 3 4 4
3719.1 9289.1 -28.7 26 0 8.3 9.1 10.5 0.0 0 1 3 3 3
3743.1 9293.7 -28.7 206 0 8.3 9.1 10.5 3.5 2 1 3 4 4
3723.0 9262.8 -28.5 206 0 8.3 9.1 10.5 3.5 2 1 3 5 5
3707.1 9246.8 -28.4 207 0 8.3 9.1 10.5 3.5 4 1 3 1 1
3756.7 9248.8 -28.4 300 0 9.8 8.3 10.5 3.5 2 0 3 5 5
3711.8 9377.2 -29.3 30 0 8.3 9.8 10.5 3.5 2 1 3 5 5
3692.9 9388.4 -29.4 210 0 8.3 9.8 10.5 3.5 2 1 3 5 5
3745.1 9230.6 -28.3 39 0 8.0 8.0 10.5 3.5 2 1 3 0 0
3727.5 9208.8 -28.2 40 0 7.2 9.6 10.5 3.5 2 1 3 3 3
3746.8 9207.1 -28.2 43 0 9.9 9.4 10.5 3.5 2 0 3 4 4
3793.7 9321.6 -28.9 12 0 8.0 10.3 10.5 3.5 2 1 3 5 5
3686.9 9364.6 -29.2 120 0 9.8 8.3 10.5 3.5 2 0 3 4 4
3680.4 9352.5 -29.2 30 0 8.3 9.8 10.5 3.5 2 1 3 0 0
3665.4 9332.8 -29.0 30 0 8.3 9.8 10.5 3.5 2 1 3 2 2
3659.7 9323.2 -29.0 30 0 8.3 9.8 10.5 3.5 2 1 3 1 1
3656.2 9303.1 -28.8 30 0 8.3 9.8 10.5 3.5 2 1 3 0 0
3656.7 9386.2 -29.4 212 0 7.9 7.5 10.5 3.5 2 0 3 2 2
3676.7 9384.8 -29.4 17 0 7.2 7.8 10.5 3.5 2 1 3 1 1
3669.6 9367.5 -29.2 301 0 6.8 6.6 10.5 3.5 2 0 3 5 5
3403.6 8674.9 -30.8 54 0 19.7 19.8 14.0 0.0 0 1 4 4 4
3424.3 8689.4 -29.9 54 0 19.7 19.8 14.0 3.5 2 1 4 2 2
3446.5 8717.7 -29.0 324 0 19.8 19.7 14.0 0.0 0 0 4 0 0
3477.6 8728.0 -27.5 54 0 19.7 19.8 14.0 3.5 2 1 4 3 3
3498.7 8743.3 -26.6 54 0 19.7 19.8 14.0 3.5 2 1 4 5 5
3521.1 8759.0 -26.3 54 0 19.7 19.8 14.0 3.5 2 1 4 0 0
3541.5 8776.1 -26.0 54 0 19.7 19.8 14.0 3.5 2 1 4 0 0
3570.1 8743.0 -26.5 54 0 19.7 19.8 14.0 3.5 2 1 4 3 3
3548.3 8727.3 -27.5 54 0 19.7 19.8 14.0 3.5 2 1 4 5 5
3530.6 8714.9 -28.3 54 0 19.7 19.8 14.0 3.5 2 1 4 2 2
3511.0 8700.7 -29.2 54 0 19.7 19.8 14.0 3.5 2 1 4 5 5
3478.0 8702.5 -30.1 234 0 19.7 19.8 14.0 3.5 4 1 4 5 5
3469.6 8672.2 -31.0 54 0 19.7 19.8 14.0 3.5 2 1 4 2 2
3450.8 8657.3 -31.9 54 0 19.7 19.8 14.0 3.5 2 1 4 0 0
3431.2 8642.7 -32.8 54 0 19.7 19.8 14.0 3.5 2 1 4 0 0
3065.4 8532.8 -28.2 145 0 23.6 28.1 14.0 0.0 0 1 4 2 2
3048.3 8558.1 -29.5 145 0 23.6 28.1 14.0 0.0 0 1 4 5 5
3031.2 8583.5 -29.6 145 0 23.6 28.1 14.0 0.0 0 1 4 3 3
3014.7 8610.0 -29.8 145 0 23.6 28.1 14.0 0.0 0 1 4 1 1
2999.3 8634.9 -29.9 145 0 23.6 28.1 14.0 0.0 0 1 4 3 3
2996.2 8653.3 -30.0 55 0 28.1 23.6 14.0 0.0 0 0 4 4 4
2971.3 8689.3 -30.1 231 0 23.8 16.1 14.0 3.5 2 0 4 5 5
2957.8 8628.7 -29.6 91 0 27.7 27.5 14.0 0.0 0 0 4 0 0
2925.0 8672.9 -29.8 181 0 27.5 27.7 14.0 0.0 0 1 4 2 2
2916.0 8601.5 -29.1 91 0 27.7 27.5 14.0 0.0 0 0 4 3 3
2915.2 8643.9 -29.4 1 0 27.5 27.7 14.0 0.0 0 1 4 4 4
2941.1 8431.6 -27.5 231 0 17.7 21.5 14.0 3.5 2 1 4 4 4
2961.3 8446.9 -27.8 231 0 17.7 21.5 14.0 3.5 2 1 4 0 0
2979.6 8461.1 -28.0 231 0 17.7 21.5 14.0 3.5 2 1 4 1 1
2998.0 8473.7 -28.1 231 0 17.7 21.5 14.0 3.5 2 1 4 1 1
3015.4 8487.5 -27.8 231 0 17.7 21.5 14.0 3.5 2 1 4 4 4
3035.9 8501.8 -27.4 231 0 17.7 21.5 14.0 3.5 2 1 4 3 3
3053.4 8515.2 -27.1 231 0 17.7 21.5 14.0 3.5 2 1 4 4 4
2911.1 8456.7 -27.8 152 0 26.3 28.4 14.0 0.0 0 1 4 5 5
2897.4 8485.2 -28.0 160 0 24.4 28.9 14.0 0.0 0 1 4 0 0
2888.1 8519.1 -28.2 173 0 25.1 27.9 14.0 0.0 0 1 4 0 0
2976.1 8478.3 -28.3 60 0 26.3 25.4 14.0 0.0 0 0 4 1 1
2967.7 8521.0 -28.5 343 0 25.4 26.3 14.0 0.0 0 1 4 4 4
2957.6 8550.1 -28.7 348 0 25.5 26.3 14.0 0.0 0 1 4 2 2
2939.3 8590.3 -29.0 270 0 26.3 25.5 14.0 0.0 0 0 4 2 2
3028.1 8513.8 -28.9 60 0 26.3 25.4 10.5 0.0 0 0 3 3 3
3016.1 8557.7 -29.1 330 0 25.4 26.3 10.5 0.0 0 1 3 3 3
2977.7 8574.2 -29.2 161 0 26.4 25.3 10.5 0.0 0 0 3 5 5
2978.5 8619.6 -29.5 263 0 25.3 26.4 10.5 0.0 0 1 3 1 1
2919.0 8422.3 -27.3 332 0 18.6 21.7 14.0 3.5 2 1 4 0 0
2904.1 8448.5 -27.5 332 0 18.6 21.3 14.0 3.5 2 1 4 2 2
2887.0 8472.4 -27.5 332 0 18.6 21.3 14.0 3.5 2 1 4 5 5
2828.7 8516.4 -27.8 140 0 22.4 24.4 14.0 3.5 2 1 4 2 2
2817.0 8537.9 -27.9 150 0 22.0 22.8 14.0 3.5 2 1 4 2 2
2803.6 8560.1 -28.1 150 0 22.0 22.8 14.0 3.5 2 1 4 5 5
2882.6 8564.3 -28.4 2 0 25.8 23.1 14.0 3.5 2 0 4 2 2
2849.1 8599.8 -28.5 272 0 23.1 25.8 14.0 3.5 2 1 4 1 1
2869.2 8625.0 -28.9 272 0 23.1 25.8 14.0 3.5 4 1 4 4 4
3060.8 8239.0 -27.7 209 0 27.9 11.1 14.0 3.5 2 0 4 2 2
3068.8 8267.6 -27.7 184 0 27.9 11.1 14.0 3.5 2 0 4 0 0
3068.8 8297.6 -27.0 176 0 27.9 11.1 14.0 3.5 2 0 4 5 5
3119.5 8284.2 -24.8 163 0 20.8 24.6 14.0 3.5 2 1 4 2 2
3111.3 8308.6 -24.0 163 0 20.8 24.6 14.0 3.5 2 1 4 3 3
3103.7 8333.5 -23.1 163 0 20.8 24.6 14.0 3.5 4 1 4 0 0
3173.6 8306.6 -22.6 108 0 13.5 32.2 14.0 3.5 2 1 4 4 4
3178.9 8359.4 -21.1 334 0 32.8 21.3 14.0 0.0 0 0 4 2 2
3060.2 8177.8 -27.4 58 0 24.4 17.3 14.0 0.0 0 0 4 1 1
3081.7 8191.8 -27.9 58 0 24.4 17.3 14.0 3.5 2 0 4 1 1
3103.5 8205.5 -27.9 58 0 24.4 17.3 14.0 3.5 2 0 4 2 2
3125.0 8219.2 -27.3 58 0 24.4 17.3 14.0 3.5 2 0 4 3 3
3148.0 8234.5 -26.4 58 0 24.4 17.3 14.0 3.5 4 0 4 5 5
3169.6 8248.7 -24.8 58 0 24.4 17.3 14.0 3.5 2 0 4 1 1
3191.2 8262.6 -24.8 58 0 24.4 17.3 14.0 3.5 2 0 4 0 0
3219.0 8289.6 -25.0 328 0 17.3 24.4 14.0 3.5 4 1 4 5 5
3237.8 8340.5 -22.9 20 0 15.2 28.5 10.5 0.0 0 1 3 3 3
3220.9 8371.6 -21.1 19 0 16.5 29.1 10.5 0.0 0 1 3 4 4
3085.0 8434.3 -22.7 53 0 26.2 23.2 10.5 0.0 0 0 3 5 5
3063.1 8417.9 -23.1 53 0 26.2 23.2 10.5 0.0 0 0 3 4 4
3041.1 8402.3 -23.8 53 0 26.2 23.2 10.5 0.0 0 0 3 5 5
3018.8 8385.8 -26.0 53 0 26.2 23.2 10.5 0.0 0 0 3 5 5
2996.7 8370.0 -27.5 53 0 26.2 23.2 10.5 0.0 0 0 3 1 1
2975.4 8353.2 -27.3 16 0 23.2 26.1 10.5 0.0 0 1 3 3 3
2981.0 8330.0 -27.0 335 0 23.2 26.1 10.5 0.0 0 1 3 1 1
2983.9 8296.7 -27.0 245 0 26.1 23.2 14.0 0.0 0 0 4 4 4
2987.9 8256.6 -27.0 155 0 23.2 26.1 14.0 0.0 0 1 4 1 1
2998.4 8232.8 -27.0 155 0 23.2 26.1 14.0 0.0 0 1 4 3 3
3009.0 8209.2 -27.0 155 0 23.2 26.1 14.0 0.0 0 1 4 2 2
2972.5 8969.4 -30.7 57 0 26.3 21.3 14.0 3.5 2 0 4 4 4
3001.7 8989.0 -30.7 57 0 26.3 21.3 14.0 3.5 4 0 4 2 2
3035.2 9010.4 -30.8 57 0 26.3 21.3 14.0 0.0 0 0 4 3 3
3069.8 9032.4 -30.9 57 0 26.3 21.3 14.0 3.5 2 0 4 4 4
2937.9 8964.4 -30.6 327 0 28.7 37.0 14.0 0.0 0 1 4 1 1
2958.3 8932.8 -30.6 327 0 28.7 37.1 14.0 0.0 0 1 4 1 1
2980.8 8896.8 -30.6 327 0 28.7 37.1 14.0 0.0 0 1 4 5 5
2990.6 8846.0 -30.6 57 0 37.1 28.6 14.0 0.0 0 0 4 1 1
3051.5 8792.3 -30.8 324 0 74.4 26.6 10.5 0.0 0 0 3 4 4
3099.4 8726.4 -30.8 324 0 74.4 26.6 10.5 0.0 0 0 3 4 4
3134.5 8675.8 -30.8 324 0 41.1 25.9 10.5 0.0 0 0 3 5 5
3165.7 8630.8 -30.3 327 0 58.8 25.5 10.5 3.5 2 0 3 1 1
2916.6 8773.2 -30.5 144 0 42.6 19.5 14.0 3.5 2 0 4 1 1
2889.3 8810.8 -30.5 144 0 42.6 19.5 14.0 3.5 4 0 4 2 2
2862.8 8847.5 -30.4 144 0 42.6 19.5 14.0 3.5 2 0 4 5 5
2836.3 8886.0 -30.4 144 0 42.6 19.5 14.0 3.5 2 0 4 5 5
2856.0 8746.4 -29.9 325 1 12.6 14.5 14.0 3.5 2 1 4 4 4
2847.0 8758.5 -29.9 325 1 12.6 14.5 14.0 0.0 0 1 4 1 1
2877.3 8744.0 -30.1 145 1 12.6 14.5 14.0 3.5 4 1 4 3 3
2888.9 8789.6 -30.4 325 1 12.6 14.5 14.0 3.5 2 1 4 1 1
2880.5 8801.6 -30.4 325 1 12.6 14.5 14.0 0.0 0 1 4 5 5
2871.5 8813.3 -30.4 325 1 12.6 14.5 14.0 3.5 4 1 4 4 4
3634.4 8456.0 -24.2 324 0 40.9 23.3 12.5 0.0 0 0 5 1 1
3581.7 8415.1 -24.9 144 0 40.9 23.3 10.0 0.0 0 0 4 2 2
3944.9 8726.7 -29.3 236 0 36.6 129.2 14.0 0.0 0 1 4 0 0
2847.2 8790.2 -30.3 104 1 12.1 15.0 14.0 3.5 2 1 4 4 4
2828.0 8769.4 -30.0 359 0 15.3 16.7 14.0 3.5 2 1 4 4 4
2853.5 8699.0 -29.5 55 1 14.6 12.6 14.0 3.5 4 0 4 5 5
2821.3 8736.4 -29.7 108 1 10.5 15.0 14.0 3.5 2 1 4 0 0
2827.1 8680.5 -29.2 55 1 14.6 12.6 14.0 3.5 2 0 4 1 1
2809.3 8693.7 -29.2 145 1 12.6 14.6 14.0 3.5 2 1 4 2 2
2801.0 8706.4 -29.3 145 1 12.6 14.6 14.0 3.5 2 1 4 1 1
2803.2 8664.5 -28.9 55 1 14.6 12.6 14.0 3.5 2 0 4 5 5
2798.2 8686.0 -29.0 330 1 12.6 14.6 14.0 3.5 2 1 4 0 0
2794.6 8724.4 -29.4 53 1 14.4 17.2 14.0 3.5 2 1 4 2 2
2785.3 8652.0 -28.7 55 1 14.6 12.6 14.0 3.5 4 0 4 3 3
2818.2 8843.5 -30.3 296 0 13.6 20.4 14.0 3.5 2 1 4 3 3
2810.3 8856.2 -30.3 326 1 11.9 13.8 14.0 3.5 2 1 4 2 2
3564.7 8707.6 -31.2 235 0 26.4 45.1 14.0 0.0 0 1 4 3 3
3605.8 8636.7 -36.6 234 0 53.8 25.1 14.0 3.5 2 0 4 5 5
3552.5 8548.2 -35.2 54 0 58.0 31.9 14.0 0.0 0 0 4 5 5
3375.5 8612.7 -33.2 234 0 27.8 107.6 14.0 0.0 0 1 4 5 5
3241.3 8558.1 -33.0 142 0 28.3 135.7 10.5 0.0 0 1 3 2 2
3274.8 8492.7 -27.3 326 0 136.3 28.5 10.5 0.0 0 0 3 1 1
3386.2 8493.8 -27.2 58 0 38.0 19.9 14.0 0.0 0 0 4 1 1
3353.3 8538.3 -27.9 238 0 38.0 19.9 14.0 0.0 0 0 4 0 0
3312.3 8510.6 -28.2 59 0 19.8 38.1 14.0 0.0 0 1 4 1 1
3389.4 8449.1 -26.1 234 0 91.6 5.1 10.5 3.5 2 0 3 1 1
3303.3 8499.2 -27.4 328 0 37.3 19.7 14.0 0.0 0 0 4 0 0
3279.8 8536.6 -28.5 329 0 38.1 19.8 14.0 0.0 0 0 4 4 4
3303.4 8219.4 -29.3 236 0 18.7 26.8 14.0 0.0 0 1 4 4 4
3369.9 8161.9 -32.3 50 0 17.4 26.4 14.0 0.0 0 1 4 2 2
3551.9 8201.2 -22.8 90 0 27.6 25.5 14.0 0.0 0 0 4 4 4
3578.2 8174.8 -21.5 90 0 27.6 25.5 14.0 0.0 0 0 4 4 4
3509.9 8222.7 -25.4 90 0 27.6 25.5 14.0 0.0 0 0 4 4 4
3489.9 8273.9 -26.2 270 0 27.6 25.5 14.0 0.0 0 0 4 1 1
3542.4 8323.4 -23.4 231 0 25.4 27.7 14.0 0.0 0 1 4 4 4
3519.1 8304.0 -23.2 231 0 25.4 27.7 14.0 0.0 0 1 4 1 1
3632.9 8200.1 -20.1 90 0 27.6 25.5 14.0 0.0 0 0 4 1 1
3675.7 8233.6 -20.4 360 0 25.5 27.6 14.0 0.0 0 1 4 5 5
3643.1 8278.1 -20.8 327 0 25.5 27.6 14.0 0.0 0 1 4 0 0
3628.8 8301.1 -21.7 327 0 25.5 27.6 14.0 0.0 0 1 4 2 2
3613.5 8323.7 -22.6 327 0 25.5 27.7 14.0 0.0 0 1 4 0 0
3857.1 8383.6 -23.0 324 0 53.4 92.1 14.0 0.0 0 1 4 5 5
4203.6 9333.1 -28.4 91 0 23.2 33.3 10.5 0.0 0 1 3 3 3
4263.0 9326.9 -28.4 93 0 21.7 63.9 10.5 3.5 2 1 3 1 1
4338.6 9322.0 -29.1 90 0 23.7 55.0 10.5 0.0 0 1 3 4 4
4131.9 9409.0 -29.0 271 0 23.2 33.3 10.5 0.0 0 1 3 4 4
4195.3 9442.5 -28.4 271 0 23.2 33.3 10.5 0.0 0 1 3 3 3
4251.5 9472.1 -28.3 271 0 23.2 33.3 10.5 0.0 0 1 3 5 5
4317.6 9489.8 -28.9 271 0 23.2 33.3 10.5 0.0 0 1 3 5 5
4407.5 9315.8 -29.0 91 0 23.2 33.3 10.5 0.0 0 1 3 2 2
4453.3 9358.0 -29.0 1 0 33.3 23.2 10.5 0.0 0 0 3 1 1
4190.2 8657.7 -28.6 325 0 74.0 26.4 14.0 0.0 0 0 4 3 3
3948.2 8862.1 -25.9 53 0 45.1 28.8 14.0 0.0 0 0 4 3 3
3912.0 8801.9 -26.1 53 0 26.4 19.0 14.0 3.5 2 0 4 3 3
3974.9 8937.5 -26.2 322 0 26.8 13.5 14.0 3.5 4 0 4 1 1
3909.8 8960.7 -26.5 145 0 25.7 21.0 14.0 3.5 2 0 4 1 1
3887.1 9012.3 -26.7 232 0 18.0 35.0 14.0 0.0 0 1 4 1 1
2790.4 8804.2 -30.0 269 1 11.2 13.8 14.0 0.0 0 1 4 1 1
2765.1 8834.8 -30.2 239 1 15.1 13.6 14.0 0.0 0 0 4 0 0
2757.4 8785.6 -29.7 251 1 13.7 11.3 14.0 3.5 2 0 4 3 3
2773.7 8792.5 -29.8 247 1 11.0 14.0 14.0 3.5 2 1 4 0 0
2716.0 8802.5 -29.6 244 1 13.7 11.3 14.0 3.5 2 0 4 2 2
2711.0 8755.1 -29.2 151 1 11.3 13.8 14.0 3.5 2 1 4 3 3
2702.5 8769.0 -29.3 151 1 11.3 13.7 14.0 3.5 4 1 4 1 1
2684.6 8799.9 -29.4 29 1 11.3 13.9 14.0 3.5 2 1 4 5 5
2774.5 8860.6 -30.3 26 1 11.3 13.9 14.0 3.5 4 1 4 5 5
2813.4 8896.9 -30.4 296 1 14.1 11.3 14.0 3.5 2 0 4 1 1
2927.7 8735.2 -30.3 232 0 31.7 14.7 14.0 3.5 2 0 4 1 1
2901.0 8715.0 -30.0 231 0 32.9 14.7 14.0 3.5 2 0 4 0 0
2831.5 8665.1 -29.2 234 0 44.2 13.9 14.0 3.5 2 0 4 1 1
2793.5 8636.2 -28.7 234 0 44.2 13.9 14.0 3.5 2 0 4 3 3
2757.7 8650.0 -28.4 328 0 29.4 13.9 14.0 3.5 4 0 4 4 4
2713.7 8617.7 -28.0 148 0 29.4 13.9 14.0 3.5 2 0 4 3 3
2659.9 8720.0 -28.5 328 0 29.4 13.9 14.0 3.5 2 0 4 5 5
2625.1 8747.7 -28.7 148 0 29.4 13.9 14.0 3.5 2 0 4 2 2
2701.8 8739.5 -29.0 324 0 42.6 19.5 14.0 3.5 2 0 4 3 3
2658.0 8767.7 -29.1 144 0 42.6 19.5 14.0 3.5 2 0 4 1 1
2626.3 8560.7 -27.2 335 0 9.6 16.3 10.5 3.5 2 1 3 3 3
2618.3 8572.3 -27.5 335 0 9.6 16.3 10.5 3.5 2 1 3 3 3
2620.1 8600.8 -28.0 21 0 9.6 16.3 10.5 3.5 2 1 3 0 0
2645.1 8600.8 -28.0 96 0 9.5 16.4 10.5 3.5 2 1 3 4 4
2644.1 8567.0 -27.7 147 0 17.0 68.1 10.5 3.5 2 1 3 5 5
2588.8 8526.2 -27.1 146 0 16.2 29.5 10.5 3.5 2 1 3 3 3
2582.7 8546.4 -27.2 150 0 10.7 19.1 10.5 3.5 2 1 3 5 5
2580.0 8559.7 -27.2 150 0 10.7 19.1 10.5 3.5 2 1 3 2 2
2575.2 8573.7 -27.4 150 0 10.7 19.1 10.5 3.5 2 1 3 3 3
2574.9 8589.6 -27.9 140 0 10.7 19.1 10.5 0.0 0 1 3 4 4
2567.6 8601.4 -28.0 109 0 10.6 19.2 10.5 3.5 2 1 3 5 5
2549.1 8606.4 -28.0 103 0 10.6 19.2 10.5 3.5 2 1 3 4 4
2533.6 8605.9 -27.8 78 0 10.6 19.2 10.5 3.5 2 1 3 4 4
2514.3 8600.9 -27.2 62 0 10.6 19.2 10.5 3.5 2 1 3 4 4
2494.4 8590.5 -27.1 62 0 10.6 19.2 10.5 3.5 2 1 3 4 4
2560.0 8577.7 -27.2 334 0 8.9 9.7 10.5 3.5 2 1 3 5 5
2500.3 8576.6 -27.1 244 0 9.7 8.9 10.5 3.5 2 0 3 5 5
2530.2 8483.4 -26.9 148 0 12.7 57.0 14.0 3.5 2 1 4 0 0
2530.1 8505.8 -26.7 328 1 10.8 11.6 14.0 3.5 2 1 4 4 4
2496.7 8534.9 -26.9 148 1 10.8 11.6 14.0 3.5 2 1 4 0 0
2489.1 8546.5 -26.9 148 1 10.8 11.6 14.0 3.5 2 1 4 3 3
2445.9 8623.2 -27.1 238 0 11.6 10.8 10.5 0.0 0 0 3 3 3
2463.6 8622.1 -27.1 208 0 15.8 16.9 10.5 3.5 2 1 3 0 0
2428.6 8630.3 -27.1 112 1 11.6 10.8 14.0 3.5 2 0 4 1 1
2452.3 8644.0 -27.3 22 1 10.8 11.6 14.0 3.5 2 1 4 4 4
2503.0 8681.4 -28.3 112 1 11.6 10.8 14.0 3.5 4 0 4 4 4
2528.3 8691.5 -28.1 22 1 10.8 11.6 14.0 3.5 2 1 4 3 3
2542.4 8702.7 -28.0 22 1 10.8 11.6 14.0 3.5 2 1 4 5 5
2569.8 8725.5 -28.1 23 1 11.0 12.6 14.0 3.5 2 1 4 0 0
2574.7 8708.3 -27.9 203 0 11.0 12.6 10.5 3.5 2 1 3 4 4
2639.1 8690.8 -28.1 331 0 11.0 12.6 10.5 3.5 2 1 3 3 3
2631.6 8703.4 -28.2 331 0 11.0 12.6 10.5 3.5 2 1 3 4 4
2504.4 8660.8 -28.2 263 0 17.9 11.3 10.5 3.5 2 0 3 5 5
2567.5 8672.6 -28.1 273 0 17.9 11.3 10.5 3.5 4 0 3 0 0
2589.3 8667.7 -28.0 273 0 17.9 11.3 10.5 3.5 2 0 3 1 1
2529.0 8662.4 -28.2 272 0 15.6 14.5 10.5 3.5 2 0 3 2 2
2548.0 8669.9 -28.2 269 0 13.7 21.2 10.5 3.5 2 1 3 3 3
2600.2 8679.4 -28.0 92 0 29.0 17.2 10.5 3.5 2 0 3 3 3
2609.8 8661.9 -28.0 273 0 13.7 20.5 10.5 3.5 2 1 3 2 2
2631.4 8668.3 -27.9 273 0 13.7 20.5 10.5 3.5 2 1 3 2 2
2516.1 8458.5 -26.5 56 0 18.5 31.1 14.0 3.5 2 1 4 3 3
2496.9 8503.9 -26.7 326 0 31.1 18.5 14.0 0.0 0 0 4 1 1
2475.4 8535.5 -26.8 326 0 40.2 19.4 14.0 3.5 2 0 4 3 3
2447.9 8572.4 -26.9 326 0 40.2 19.4 14.0 3.5 2 0 4 2 2
2424.7 8613.3 -27.1 326 0 40.2 19.4 14.0 3.5 2 0 4 4 4
2539.8 8459.2 -26.6 236 0 44.3 15.8 14.0 3.5 4 0 4 0 0
2579.7 8485.0 -26.8 236 0 44.3 15.8 14.0 3.5 2 0 4 5 5
2615.2 8514.8 -27.1 236 0 44.3 15.8 14.0 3.5 2 0 4 4 4
2678.4 8559.1 -27.8 236 0 44.3 15.8 14.0 3.5 2 0 4 1 1
2647.0 8536.5 -27.2 236 0 28.5 14.5 14.0 3.5 2 0 4 3 3
2710.3 8580.6 -27.9 236 0 28.5 14.5 14.0 3.5 2 0 4 5 5
2552.3 8144.7 -25.1 61 0 53.0 110.3 10.5 0.0 0 1 3 3 3
2454.1 8259.1 -25.4 147 0 53.3 54.4 10.5 0.0 0 1 3 0 0
4117.7 9061.0 -27.3 1 0 24.1 22.7 14.0 3.5 2 0 4 5 5
4100.3 9086.0 -27.5 1 0 24.1 22.7 14.0 3.5 2 0 4 4 4
4084.0 9111.2 -27.6 1 0 24.1 22.7 14.0 3.5 2 0 4 0 0
4066.7 9136.3 -27.8 1 0 24.1 22.7 14.0 3.5 2 0 4 1 1
4251.0 9038.2 -26.5 51 0 58.9 35.8 10.5 0.0 0 0 3 4 4
4172.6 9026.9 -27.5 327 0 22.0 39.7 10.5 0.0 0 1 3 5 5
4127.4 8996.1 -26.8 323 0 16.0 35.2 10.5 3.5 2 1 3 4 4
4094.7 8929.3 -26.4 57 0 34.2 30.4 10.5 0.0 0 0 3 1 1
4694.0 8799.8 -31.6 144 0 25.3 20.9 10.5 3.5 2 0 3 3 3
4674.5 8826.6 -31.6 144 0 25.3 20.9 10.5 3.5 2 0 3 3 3
4738.9 8829.0 -31.5 324 0 23.7 12.5 10.5 3.5 2 0 3 2 2
4723.7 8849.6 -31.5 324 0 23.7 12.5 10.5 3.5 2 0 3 3 3
4708.4 8870.9 -31.4 324 0 23.7 12.5 10.5 3.5 2 0 3 0 0
4693.2 8891.4 -31.1 324 0 23.7 12.5 10.5 3.5 2 0 3 1 1
4485.4 8622.9 -27.5 322 0 34.9 23.6 14.0 0.0 0 0 4 3 3
4453.2 8575.8 -27.4 54 0 38.7 31.0 14.0 0.0 0 0 4 4 4
4455.4 8674.1 -27.7 322 0 34.4 11.8 14.0 3.5 2 0 4 5 5
4273.5 8426.3 -26.7 67 0 32.7 7.7 10.5 3.5 2 0 3 1 1
4608.1 8608.9 -27.5 233 0 19.5 116.2 14.0 0.0 0 1 4 3 3
4694.6 8505.1 -27.7 322 0 16.8 13.1 14.0 3.5 2 0 4 0 0
3429.9 8333.8 -28.5 234 0 70.0 18.9 10.0 0.0 0 0 4 2 2
3490.7 8379.7 -25.1 234 0 89.5 21.5 10.0 0.0 0 0 4 2 2
3497.8 8323.4 -25.1 55 0 53.9 19.4 12.5 2.5 2 0 5 5 5
3546.4 8357.1 -24.6 55 0 45.4 22.0 12.5 2.5 2 0 5 5 5
4145.5 8835.5 -29.1 53 0 70.5 14.1 14.0 3.5 2 0 4 5 5
4719.0 9544.9 -28.8 234 0 84.3 104.9 7.5 0.0 0 1 3 1 1
6431.4 9374.7 -28.4 92 0 31.4 58.5 14.0 0.0 0 1 4 5 5
6449.4 9469.5 -28.8 2 0 58.5 31.4 14.0 0.0 0 0 4 5 5
6507.9 9402.8 -27.4 2 0 58.5 31.4 14.0 0.0 0 0 4 0 0
6510.0 9468.8 -27.7 2 0 58.5 31.4 14.0 0.0 0 0 4 0 0
6371.9 9618.0 -30.4 272 0 20.3 83.9 14.0 0.0 0 1 4 0 0
6472.2 9530.5 -29.1 1 0 24.4 57.1 14.0 0.0 0 1 4 5 5
6434.4 9625.5 -29.3 271 0 22.3 63.1 14.0 3.5 2 1 4 3 3
6491.9 9591.2 -28.4 1 0 63.1 22.3 14.0 0.0 0 0 4 5 5
6509.4 9525.5 -27.7 2 0 31.6 21.5 14.0 0.0 0 0 4 2 2
6316.2 9466.9 -30.6 116 0 15.8 32.1 14.0 0.0 0 1 4 0 0
3641.1 7295.5 -29.3 217 0 15.4 132.7 14.0 0.0 0 1 4 4 4
3664.8 7317.6 -28.9 218 0 15.0 128.7 14.0 0.0 0 1 4 5 5
3681.7 7340.3 -28.6 218 0 14.9 128.7 14.0 0.0 0 1 4 3 3
3634.4 7303.0 -29.2 36 0 15.3 28.6 14.0 3.5 2 1 4 5 5
3605.0 7325.4 -28.7 70 0 16.1 77.9 14.0 3.5 2 1 4 4 4
3673.8 7344.0 -28.6 44 0 14.3 128.8 14.0 0.0 0 1 4 4 4
3688.1 7371.8 -29.4 45 0 16.3 113.4 14.0 0.0 0 1 4 1 1
3654.0 7325.6 -29.4 47 0 16.6 38.1 14.0 3.5 2 1 4 3 3
3705.9 7397.0 -28.7 45 0 16.3 113.4 14.0 0.0 0 1 4 4 4
3533.5 7339.6 -27.5 161 0 100.1 20.4 14.0 0.0 0 0 4 3 3
4511.2 9003.2 -25.9 326 0 56.2 13.1 14.0 0.0 0 0 4 0 0
4487.3 9076.3 -25.0 143 0 30.3 52.1 14.0 0.0 0 1 4 1 1
3907.8 7694.8 -27.5 200 0 16.7 26.0 10.5 0.0 0 1 3 2 2
4126.7 7382.1 -26.4 18 0 13.1 35.8 10.5 3.5 4 1 3 4 4
6135.2 9083.1 -22.8 139 0 19.3 57.5 10.5 3.5 2 1 3 5 5
6130.1 9139.2 -25.5 229 0 57.5 19.3 10.5 3.5 2 0 3 1 1
6172.7 9172.2 -25.8 231 0 19.5 73.1 10.5 3.5 2 1 3 1 1
6204.8 9197.7 -26.4 231 0 19.5 73.1 10.5 3.5 2 1 3 1 1
6238.7 9225.0 -29.6 230 0 41.2 10.2 10.5 3.5 2 0 3 1 1
6277.0 9210.8 -28.6 320 0 10.2 41.2 10.5 3.5 2 1 3 5 5
6296.0 9188.2 -27.4 320 0 10.2 41.2 10.5 3.5 2 1 3 0 0
6138.0 9042.8 -23.0 141 0 62.7 8.8 10.5 3.5 2 0 3 3 3
6171.7 9002.1 -24.2 138 0 26.7 8.0 10.5 3.5 2 0 3 2 2
6357.5 9076.7 -26.0 230 0 18.6 67.1 14.0 0.0 0 1 4 2 2
6004.8 8931.6 -24.1 51 0 37.1 74.0 14.0 0.0 0 1 4 5 5
6061.3 9130.7 -26.1 232 0 14.3 19.5 14.0 3.5 2 1 4 3 3
6083.1 9147.1 -27.1 232 0 14.3 19.5 14.0 3.5 2 1 4 2 2
6114.8 9161.2 -27.7 322 0 19.5 14.3 14.0 3.5 2 0 4 5 5
6073.8 9200.0 -29.6 322 0 59.4 26.3 14.0 3.5 2 0 4 1 1
6029.6 9175.5 -28.0 52 0 14.3 19.5 14.0 3.5 2 1 4 0 0
6278.2 8733.3 -29.2 142 0 43.2 36.2 14.0 0.0 0 0 4 1 1
6233.8 8796.4 -28.7 146 0 70.7 23.6 14.0 0.0 0 0 4 1 1
6263.3 8850.1 -26.2 95 0 28.7 47.1 14.0 0.0 0 1 4 0 0
6427.6 8804.1 -26.7 52 0 17.7 88.7 14.0 3.5 2 1 4 4 4
6304.0 9026.9 -25.1 230 0 18.6 67.1 14.0 3.5 2 1 4 2 2
6330.1 9048.2 -26.2 230 0 18.6 67.1 14.0 3.5 4 1 4 0 0
6456.3 8976.8 -25.6 319 0 18.6 67.1 14.0 3.5 2 1 4 3 3
6389.8 8991.4 -26.5 322 0 11.8 16.1 14.0 3.5 2 1 4 3 3
6417.0 9011.2 -25.4 322 0 11.7 16.1 14.0 3.5 2 1 4 3 3
6241.4 9360.6 -31.5 142 0 69.7 69.0 14.0 0.0 0 0 4 4 4
5001.5 10014.7 -19.2 323 0 40.0 16.3 14.0 3.5 2 0 4 0 0
5026.0 9993.2 -19.9 279 0 20.5 23.2 14.0 3.5 2 1 4 4 4
5072.0 10012.4 -22.4 233 0 72.5 17.1 14.0 3.5 2 0 4 3 3
5010.9 10015.9 -20.1 143 0 21.8 30.6 10.5 0.0 0 1 3 1 1
5076.7 10057.7 -21.7 323 0 21.8 30.6 10.5 0.0 0 1 3 1 1
5043.0 10118.2 -25.8 311 0 57.8 16.7 14.0 3.5 2 0 4 4 4
5010.5 9792.6 -28.2 35 0 50.2 11.9 14.0 3.5 2 0 4 5 5
5182.5 9086.7 -29.8 124 0 8.7 15.3 10.5 3.5 2 0 3 3 3
5235.0 9199.2 -30.3 320 0 33.8 20.3 14.0 0.0 0 0 4 3 3
5217.7 9220.0 -30.3 321 0 20.7 21.0 14.0 3.5 2 0 4 3 3
5205.9 9233.9 -30.4 317 0 15.8 21.6 14.0 3.5 2 0 4 3 3
5357.6 9174.3 -26.6 357 0 38.6 16.2 14.0 3.5 2 0 4 0 0
5014.1 9761.4 -29.0 229 0 9.0 10.5 10.5 3.5 2 1 3 4 4
5027.7 9772.8 -28.2 229 0 9.0 10.5 10.5 3.5 2 1 3 4 4
5044.0 9786.1 -27.2 229 0 9.0 10.5 10.5 3.5 2 1 3 0 0
5080.0 9183.4 -30.0 139 0 12.1 24.4 14.0 3.5 2 1 4 1 1
5171.3 9093.8 -29.9 121 0 18.3 15.2 14.0 3.5 2 0 4 4 4
5155.4 9103.3 -30.0 121 0 18.7 15.2 14.0 3.5 2 0 4 2 2
5142.4 9111.2 -30.1 122 1 11.6 15.3 14.0 3.5 2 0 4 4 4
5193.5 9111.6 -29.8 136 1 11.7 17.8 14.0 3.5 2 0 4 5 5
5185.4 9120.1 -29.9 137 1 11.4 18.1 14.0 3.5 2 0 4 4 4
5177.6 9128.7 -30.0 139 1 11.7 18.3 14.0 3.5 2 0 4 1 1
5169.6 9137.9 -30.0 139 1 12.7 18.3 14.0 3.5 2 0 4 0 0
5161.5 9147.2 -30.1 139 1 12.0 18.3 14.0 3.5 2 0 4 1 1
5153.6 9155.8 -30.2 136 1 11.4 18.4 14.0 3.5 2 0 4 1 1
5246.7 9197.5 -29.8 139 1 15.8 11.4 14.0 3.5 2 0 4 0 0
5272.7 9209.4 -29.6 49 1 11.4 16.2 14.0 3.5 2 0 4 5 5
5279.6 9229.3 -29.4 318 1 16.5 12.5 14.0 3.5 2 0 4 2 2
5252.3 9236.1 -29.6 229 1 11.4 15.9 14.0 3.5 2 0 4 0 0
5232.0 9214.8 -29.9 187 1 11.6 17.1 14.0 3.5 2 0 4 1 1
5228.6 9222.4 -29.9 76 0 9.4 15.3 10.5 3.5 2 1 3 0 0
5243.0 9235.1 -29.7 50 1 11.9 10.7 14.0 3.5 2 0 4 5 5
5233.4 9257.2 -29.7 267 0 9.6 16.5 10.5 0.0 0 1 3 4 4
5147.3 9208.3 -30.2 216 0 21.4 29.3 14.0 0.0 0 1 4 4 4
5189.8 9177.3 -30.2 319 0 37.8 21.0 14.0 0.0 0 0 4 2 2
5264.4 9177.6 -29.4 138 0 15.5 10.0 14.0 3.5 2 0 4 2 2
5281.4 9182.5 -29.2 48 0 11.7 15.5 14.0 3.5 2 0 4 0 0
5279.4 9201.7 -29.0 227 0 10.6 15.5 14.0 3.5 2 0 4 0 0
5296.0 9216.6 -28.6 230 0 10.7 15.5 14.0 3.5 2 0 4 0 0
5304.4 9224.2 -28.4 228 0 11.6 15.5 14.0 3.5 2 0 4 3 3
5321.5 9239.2 -27.9 229 0 11.7 15.5 14.0 3.5 2 0 4 1 1
5330.3 9246.6 -27.7 230 0 11.5 15.3 14.0 3.5 2 0 4 1 1
5348.2 9250.5 -27.5 319 0 12.9 10.4 14.0 3.5 2 0 4 5 5
5276.0 9165.1 -28.8 138 0 15.0 10.1 14.0 3.5 2 0 4 2 2
5292.4 9169.6 -28.6 49 0 10.6 15.2 14.0 3.5 2 0 4 4 4
5317.9 9192.1 -28.0 48 0 10.6 15.0 14.0 3.5 2 0 4 5 5
5316.5 9210.7 -27.8 229 0 11.1 14.7 14.0 3.5 2 0 4 5 5
5333.2 9225.2 -27.3 226 0 10.8 14.0 14.0 3.5 2 0 4 5 5
5365.3 9149.1 -25.2 178 0 11.6 14.8 14.0 3.5 2 0 4 4 4
5363.6 9173.4 -25.6 177 0 17.3 15.2 14.0 3.5 2 0 4 4 4
5303.5 9237.6 -29.0 47 0 9.7 15.3 10.5 3.5 4 1 3 4 4
5299.2 9276.3 -28.7 227 0 9.7 15.3 10.5 3.5 2 1 3 1 1
5278.3 9266.5 -29.1 47 0 9.7 15.3 10.5 0.0 0 1 3 3 3
5271.6 9259.8 -29.2 36 0 7.7 15.9 10.5 3.5 2 1 3 5 5
5208.8 9265.0 -29.9 65 0 19.8 14.2 14.0 3.5 2 0 4 4 4
5260.9 9292.3 -29.5 59 0 74.4 15.6 14.0 3.5 2 0 4 2 2
4985.0 9248.2 -28.9 54 0 9.4 15.8 10.5 3.5 2 1 3 0 0
4994.1 9254.6 -28.9 54 0 9.4 15.8 10.5 3.5 2 1 3 0 0
5018.2 9273.1 -28.4 55 0 9.4 15.8 10.5 3.5 2 1 3 2 2
5026.2 9279.3 -28.3 54 0 9.3 15.8 10.5 3.5 2 0 3 2 2
5033.8 9285.3 -28.2 49 0 11.5 15.8 14.0 3.5 2 0 4 2 2
5000.1 9246.2 -29.2 229 0 9.2 13.8 10.5 3.5 2 1 3 3 3
5008.1 9253.0 -29.2 229 0 9.2 13.8 10.5 3.5 2 1 3 0 0
5016.5 9259.5 -29.1 229 0 9.2 13.8 10.5 3.5 2 1 3 3 3
5032.2 9273.2 -28.8 229 0 9.2 13.8 10.5 3.5 2 1 3 4 4
5040.6 9279.5 -28.6 229 0 9.2 13.8 10.5 3.5 2 1 3 0 0
5011.4 9217.5 -29.4 49 0 9.2 13.8 10.5 3.5 2 1 3 2 2
5059.3 9256.1 -29.1 49 0 9.2 13.8 10.5 3.5 2 1 3 3 3
5076.4 9269.6 -28.7 51 0 12.8 14.2 14.0 3.5 2 1 4 1 1
5017.7 9202.0 -29.6 139 0 13.8 9.2 10.5 3.5 2 0 3 0 0
5029.5 9220.4 -29.6 232 0 18.2 14.1 10.5 3.5 4 0 3 5 5
5045.0 9233.1 -29.5 232 0 18.2 14.1 10.5 3.5 2 0 3 2 2
5056.9 9242.2 -29.5 229 0 9.2 13.8 10.5 0.0 0 1 3 2 2
5044.8 9193.2 -29.7 49 0 9.2 13.8 10.5 3.5 2 1 3 4 4
5052.8 9200.0 -29.7 49 0 9.2 13.8 10.5 3.5 2 1 3 3 3
5060.9 9207.0 -29.7 49 0 9.2 13.8 10.5 3.5 2 1 3 4 4
5084.4 9226.0 -29.6 49 0 9.2 13.8 10.5 3.5 4 1 3 1 1
5099.2 9239.6 -29.5 49 0 9.1 13.8 10.5 3.5 2 0 3 5 5
4986.0 9197.2 -29.5 49 0 9.2 13.8 10.5 3.5 2 1 3 1 1
4959.1 9213.6 -29.3 229 0 9.2 13.8 10.5 3.5 2 1 3 4 4
4951.5 9207.2 -29.4 229 0 9.2 13.8 10.5 3.5 2 1 3 0 0
4920.6 9180.1 -29.5 229 0 9.2 13.8 10.5 3.5 4 1 3 0 0
4912.7 9164.9 -29.5 139 0 13.8 9.2 10.5 3.5 2 0 3 4 4
4939.3 9157.5 -29.6 49 0 9.2 13.8 10.5 3.5 4 1 3 5 5
4951.1 9167.3 -29.6 49 0 17.6 13.7 14.0 3.5 2 0 4 5 5
4922.8 9195.8 -29.2 49 0 9.1 18.9 10.5 3.5 2 1 3 4 4
4970.3 9233.6 -29.0 49 0 8.8 18.9 10.5 3.5 2 1 3 0 0
5084.2 9313.8 -28.6 126 0 10.7 21.2 10.5 3.5 2 1 3 3 3
5105.9 9324.2 -28.5 306 0 10.7 21.2 10.5 0.0 0 1 3 5 5
5103.2 9300.2 -28.4 126 0 10.7 21.2 10.5 3.5 2 1 3 5 5
5115.2 9290.1 -28.8 123 0 14.8 14.0 10.5 3.5 2 0 3 4 4
5129.5 9279.2 -29.3 123 0 14.8 14.0 10.5 3.5 2 0 3 5 5
5158.8 9293.9 -29.0 15 0 10.5 20.5 10.5 3.5 4 1 3 2 2
5159.3 9308.7 -28.5 15 0 9.4 16.8 10.5 3.5 2 0 3 3 3
5161.7 9319.4 -28.2 12 0 12.0 15.3 10.5 3.5 2 0 3 4 4
5163.1 9336.0 -28.1 11 0 14.5 15.9 10.5 3.5 4 1 3 2 2
5169.8 9349.3 -28.1 15 0 10.5 20.5 10.5 3.5 2 1 3 2 2
5170.5 9364.1 -28.2 12 0 12.3 18.6 10.5 3.5 2 1 3 4 4
5170.9 9375.4 -28.2 15 0 7.7 18.9 10.5 3.5 2 1 3 4 4
5193.6 9298.0 -29.0 64 0 8.6 17.2 10.5 3.5 2 1 3 4 4
5119.5 9424.9 -28.8 141 0 30.4 25.5 14.0 0.0 0 0 4 2 2
4944.7 9122.1 -30.0 142 0 9.6 12.2 10.5 3.5 4 1 3 1 1
4944.1 9151.3 -29.8 229 0 9.2 13.8 10.5 3.5 2 1 3 4 4
4952.8 9158.0 -29.8 229 0 9.2 13.8 10.5 3.5 2 1 3 4 4
4961.2 9164.6 -29.8 229 0 9.2 13.8 10.5 3.5 2 1 3 3 3
4968.5 9171.2 -29.8 229 0 9.2 13.8 10.5 3.5 2 1 3 4 4
4984.4 9184.8 -29.7 229 0 9.2 13.8 10.5 3.5 4 1 3 5 5
4992.6 9190.7 -29.7 229 0 9.2 13.8 10.5 0.0 0 1 3 5 5
5000.6 9197.1 -29.7 229 0 9.2 13.8 10.5 3.5 2 1 3 3 3
5020.7 9183.7 -29.8 319 0 13.7 11.5 14.0 3.5 2 0 4 3 3
4996.2 9153.7 -29.9 49 0 9.2 13.8 10.5 0.0 0 1 3 1 1
4981.1 9140.5 -29.9 49 0 9.2 13.8 10.5 0.0 0 1 3 4 4
4969.1 9131.2 -30.0 48 0 17.6 13.6 14.0 3.5 2 0 4 1 1
4837.2 9172.1 -29.0 49 0 9.2 13.8 10.5 3.5 2 1 3 5 5
4854.3 9184.4 -29.0 49 0 9.2 13.8 10.5 3.5 2 1 3 2 2
4863.0 9192.1 -29.0 49 0 9.2 13.8 10.5 3.5 2 1 3 1 1
4843.6 9213.4 -28.8 229 0 9.2 13.8 10.5 3.5 4 1 3 0 0
4786.5 9181.5 -28.7 49 0 9.2 13.8 10.5 3.5 2 1 3 0 0
4795.6 9188.4 -28.7 49 0 9.2 13.8 10.5 0.0 0 1 3 0 0
4804.8 9194.5 -28.7 49 0 9.2 13.8 10.5 3.5 2 1 3 3 3
4822.3 9208.7 -28.6 49 0 9.2 13.8 10.5 3.5 4 1 3 5 5
4831.5 9215.0 -28.6 49 0 9.2 13.8 10.5 3.5 2 1 3 0 0
4841.3 9222.1 -28.6 49 0 9.2 13.8 10.5 3.5 2 1 3 5 5
4811.9 9238.2 -28.5 229 0 9.2 13.8 10.5 3.5 4 1 3 1 1
4786.6 9217.7 -28.5 229 0 9.2 13.8 10.5 3.5 2 1 3 4 4
4763.3 9210.2 -28.4 52 0 12.5 7.8 10.5 3.5 4 0 3 3 3
4740.1 9216.6 -28.3 232 0 12.5 7.8 10.5 3.5 2 0 3 3 3
4777.6 9222.1 -28.3 52 0 12.5 7.8 10.5 3.5 2 0 3 0 0
4766.8 9236.7 -28.2 232 0 12.5 7.8 10.5 3.5 2 0 3 2 2
4793.6 9259.2 -28.3 233 0 10.3 21.7 10.5 3.5 2 1 3 2 2
4815.8 9249.1 -28.2 53 0 11.4 9.7 10.5 0.0 0 0 3 4 4
4727.5 9241.8 -27.9 64 0 8.4 14.3 10.5 3.5 2 1 3 5 5
4771.7 9260.0 -27.9 67 0 10.2 21.0 10.5 3.5 2 1 3 1 1
4738.5 9280.8 -28.4 54 0 16.5 19.0 10.5 3.5 2 0 3 0 0
4724.4 9270.6 -28.1 54 0 18.1 19.0 10.5 3.5 2 0 3 5 5
4693.8 9247.5 -27.7 53 0 29.6 18.2 10.5 3.5 2 0 3 1 1
4814.2 9129.3 -29.8 297 0 37.6 46.2 10.5 0.0 0 1 3 5 5
5012.5 9139.5 -30.3 228 0 21.5 14.2 10.5 3.5 2 0 3 2 2
5030.6 9155.4 -30.2 228 0 21.5 14.2 10.5 0.0 0 0 3 2 2
5033.4 9117.1 -30.4 48 0 21.5 14.2 10.5 3.5 2 0 3 0 0
5331.4 9331.7 -28.0 37 0 12.2 17.1 10.5 3.5 2 1 3 2 2
5327.0 9353.6 -27.8 217 0 12.2 17.1 10.5 3.5 2 1 3 2 2
5305.5 9314.2 -28.3 141 0 22.8 18.6 10.5 3.5 2 0 3 4 4
5349.3 9353.0 -27.6 37 0 9.4 16.7 10.5 3.5 2 1 3 4 4
5374.7 9384.0 -27.2 36 0 27.5 17.6 10.5 3.5 2 0 3 2 2
5397.7 9411.5 -26.6 37 0 10.6 15.8 10.5 3.5 2 1 3 0 0
5346.6 9314.2 -28.0 40 0 12.4 13.5 14.0 3.5 2 0 4 0 0
5344.8 9332.3 -27.8 220 0 12.4 13.5 14.0 3.5 2 1 4 5 5
5352.2 9341.4 -27.6 217 0 10.9 13.5 14.0 3.5 2 1 4 2 2
5366.9 9359.5 -27.3 219 0 10.3 13.1 14.0 3.5 2 1 4 2 2
5343.3 9302.2 -27.9 220 0 12.4 13.5 10.5 3.5 2 1 3 3 3
5334.6 9292.0 -28.0 220 0 12.4 13.5 10.5 3.5 2 1 3 5 5
5321.2 9302.6 -28.3 219 0 12.4 13.5 14.0 3.5 2 1 4 4 4
5361.6 9302.6 -27.7 40 0 10.1 13.8 10.5 3.5 2 1 3 4 4
5358.7 9320.5 -27.5 220 0 10.1 13.8 10.5 3.5 2 1 3 0 0
5376.5 9320.5 -27.3 40 0 10.1 13.8 10.5 0.0 0 1 3 1 1
5334.8 9427.4 -26.5 218 0 9.4 16.7 10.5 3.5 2 1 3 1 1
5325.9 9416.5 -26.6 217 0 9.4 16.7 10.5 3.5 4 1 3 2 2
5307.1 9395.4 -27.6 219 0 35.4 20.2 10.5 0.0 0 0 3 2 2
5290.2 9393.1 -27.2 54 0 17.4 32.3 14.0 3.5 2 1 4 5 5
5267.1 9439.9 -27.5 324 0 32.3 17.4 14.0 3.5 2 0 4 3 3
5288.5 9431.9 -27.1 53 0 6.7 12.1 10.5 3.5 2 1 3 3 3
5296.1 9437.0 -27.1 59 0 9.2 12.6 10.5 3.5 2 1 3 0 0
5284.3 9463.6 -27.2 234 0 20.3 13.4 14.0 3.5 2 0 4 5 5
5314.5 9450.1 -27.0 56 0 32.0 12.8 14.0 3.5 2 0 4 1 1
5302.7 9476.6 -27.1 238 0 20.7 13.3 14.0 3.5 2 0 4 3 3
5353.0 9465.6 -26.5 146 0 9.5 12.7 10.5 3.5 2 1 3 1 1
5346.7 9474.7 -26.6 146 0 9.5 12.7 10.5 3.5 2 1 3 5 5
5293.5 9479.2 -27.3 55 0 7.2 14.9 10.5 3.5 2 1 3 3 3
5311.0 9492.8 -27.2 55 0 7.2 14.9 10.5 3.5 2 1 3 4 4
5310.8 9533.6 -27.2 55 0 7.2 14.9 10.5 0.0 0 1 3 2 2
5284.3 9513.9 -27.5 55 0 7.2 14.9 10.5 3.5 2 1 3 3 3
5275.0 9506.4 -27.6 55 0 7.2 14.9 10.5 3.5 2 1 3 3 3
5258.5 9494.0 -27.7 55 0 7.2 14.9 10.5 3.5 2 1 3 5 5
5221.9 9503.1 -28.0 171 0 8.3 10.6 10.5 3.5 2 1 3 0 0
5238.7 9521.1 -27.9 235 0 7.2 14.9 10.5 3.5 2 1 3 4 4
5265.1 9540.3 -27.7 235 0 7.2 14.9 10.5 3.5 2 1 3 2 2
5283.2 9551.7 -27.5 235 0 7.2 14.9 10.5 3.5 2 1 3 4 4
5322.4 9548.4 -26.8 145 0 14.9 7.2 10.5 3.5 2 0 3 5 5
5337.8 9550.4 -26.8 55 0 7.2 14.9 10.5 3.5 2 1 3 5 5
5364.1 9569.2 -26.6 55 0 7.2 14.9 10.5 3.5 2 1 3 2 2
5355.3 9563.4 -26.7 55 0 7.2 14.9 10.5 3.5 2 1 3 4 4
5311.4 9562.9 -26.9 145 0 14.9 7.2 10.5 3.5 2 0 3 4 4
5337.2 9588.6 -26.8 235 0 7.2 14.9 10.5 3.5 2 1 3 0 0
5345.1 9595.4 -26.7 235 0 7.2 14.9 10.5 3.5 2 1 3 1 1
5392.9 9119.8 -23.8 181 0 8.9 27.4 10.5 3.5 2 1 3 4 4
5395.6 9130.9 -23.9 181 0 8.9 27.4 10.5 3.5 4 1 3 5 5
5425.8 9140.8 -23.9 1 0 8.9 27.4 10.5 3.5 2 0 3 2 2
5425.9 9150.4 -24.0 0 0 10.1 27.4 14.0 3.5 2 0 4 2 2
5400.9 9160.1 -24.0 179 0 8.8 10.3 10.5 3.5 2 0 3 0 0
5387.3 9192.4 -24.9 175 0 13.7 16.6 14.0 3.5 2 0 4 1 1
5428.4 9189.1 -24.3 3 0 13.5 24.4 14.0 3.5 2 0 4 2 2
5386.2 9204.9 -25.1 175 0 15.1 21.7 14.0 3.5 2 0 4 0 0
5429.7 9202.2 -24.2 5 0 9.3 19.0 10.5 3.5 2 0 3 2 2
5430.4 9213.4 -24.2 3 0 12.6 15.8 14.0 3.5 2 0 4 3 3
5432.3 9228.2 -24.2 4 0 9.0 11.9 10.5 3.5 2 0 3 5 5
5378.9 9254.2 -25.9 200 0 17.3 12.0 14.0 3.5 2 0 4 4 4
5434.4 9237.6 -24.2 7 0 10.5 13.2 14.0 3.5 2 0 4 1 1
5401.6 9269.5 -25.3 183 0 8.4 10.0 10.5 3.5 2 0 3 4 4
5402.5 9279.2 -25.4 187 0 10.2 11.0 14.0 3.5 2 0 4 4 4
5436.4 9257.7 -24.4 358 0 10.5 12.0 14.0 3.5 2 0 4 3 3
5398.3 9292.3 -25.6 194 0 9.0 10.9 10.5 3.5 2 1 3 1 1
5435.1 9288.9 -25.0 4 0 9.8 18.2 10.5 3.5 2 0 3 4 4
5407.9 9305.4 -25.4 195 0 10.2 11.3 14.0 3.5 2 1 4 0 0
5451.3 9432.8 -26.2 5 0 13.1 30.2 14.0 3.5 2 0 4 2 2
5450.4 9417.6 -25.9 2 0 15.6 16.6 14.0 3.5 2 0 4 5 5
5414.4 9411.6 -26.4 197 0 8.6 15.3 10.5 3.5 2 1 3 2 2
5446.5 9404.7 -25.7 6 0 10.1 13.2 14.0 3.5 2 0 4 5 5
5413.5 9399.9 -26.4 194 0 8.1 11.4 10.5 0.0 0 1 3 0 0
5400.6 9342.1 -26.1 196 0 8.3 14.3 10.5 3.5 2 1 3 2 2
5445.9 9370.1 -25.5 11 0 8.2 17.0 10.5 0.0 0 1 3 3 3
5424.2 9323.2 -25.5 12 0 9.3 10.0 10.5 3.5 2 1 3 0 0
5428.9 9332.4 -25.4 12 0 9.3 10.0 10.5 3.5 4 1 3 3 3
5443.1 9328.8 -24.8 12 0 9.2 10.0 10.5 3.5 2 1 3 1 1
5360.5 9494.7 -26.7 145 0 80.9 28.4 14.0 0.0 0 0 4 2 2
5236.2 9427.5 -27.8 327 0 14.4 36.5 14.0 3.5 2 1 4 3 3
5226.9 9438.9 -28.0 324 0 11.9 33.1 14.0 3.5 2 1 4 2 2
5186.0 9455.0 -28.4 5 0 7.7 18.9 10.5 3.5 2 1 3 1 1
5180.1 9444.5 -28.3 7 0 9.4 15.7 10.5 3.5 2 1 3 4 4
5186.9 9466.4 -28.4 5 0 7.7 18.9 10.5 3.5 2 1 3 2 2
5187.8 9484.3 -28.5 5 0 7.7 18.9 10.5 3.5 2 1 3 1 1
5189.8 9502.6 -28.5 7 0 14.4 19.4 14.0 3.5 2 1 4 0 0
5191.5 9516.3 -28.5 5 0 7.7 18.9 10.5 3.5 2 1 3 2 2
5197.7 9564.7 -28.7 5 0 7.7 18.9 10.5 3.5 2 0 3 0 0
5200.7 9572.7 -28.7 4 0 8.8 19.4 10.5 3.5 2 0 3 1 1
5206.4 9602.6 -28.7 4 0 11.6 24.4 14.0 3.5 2 1 4 0 0
5196.7 9616.4 -28.5 9 0 8.5 11.2 10.5 3.5 2 1 3 3 3
5215.5 9622.5 -28.2 10 0 5.5 15.5 10.5 0.0 0 1 3 4 4
5215.5 9630.7 -28.2 20 0 5.8 21.1 10.5 3.5 2 1 3 0 0
5219.8 9637.5 -28.1 20 0 5.8 21.1 10.5 3.5 2 1 3 3 3
5223.1 9644.9 -28.1 20 0 5.8 21.1 10.5 3.5 2 1 3 4 4
5126.3 9506.2 -29.2 140 0 58.7 19.6 14.0 3.5 2 0 4 1 1
5090.1 9601.0 -29.7 228 0 14.2 60.0 14.0 3.5 2 1 4 1 1
5150.1 9529.0 -29.1 52 0 12.6 26.2 14.0 3.5 4 1 4 2 2
5118.9 9626.2 -29.6 232 0 23.1 75.7 14.0 0.0 0 1 4 3 3
5141.8 9645.8 -29.0 230 0 8.3 12.8 10.5 3.5 2 1 3 5 5
5153.9 9632.2 -28.9 230 0 8.3 12.8 10.5 0.0 0 1 3 4 4
5171.2 9610.7 -28.9 50 0 8.3 12.8 10.5 3.5 2 1 3 2 2
5162.8 9638.2 -28.7 230 0 8.3 12.8 10.5 3.5 2 1 3 2 2
5158.0 9660.8 -28.6 230 0 8.3 12.8 10.5 3.5 2 1 3 1 1
5166.6 9668.5 -28.5 230 0 8.3 12.8 10.5 3.5 2 1 3 0 0
5183.4 9683.8 -28.4 230 0 8.3 12.8 10.5 3.5 2 1 3 4 4
5072.7 9770.3 -30.0 225 0 55.9 56.8 14.0 0.0 0 1 4 5 5
5142.3 9828.1 -27.1 232 0 18.7 47.6 14.0 3.5 2 1 4 1 1
5184.4 9866.4 -27.2 231 0 60.2 57.2 14.0 0.0 0 0 4 1 1
4651.8 9327.9 -28.5 143 0 21.6 60.5 14.0 0.0 0 1 4 5 5
4649.7 9385.6 -28.5 236 0 57.4 29.7 14.0 0.0 0 0 4 0 0
4614.1 9386.8 -28.2 146 0 29.7 57.4 14.0 0.0 0 1 4 3 3
4670.1 9425.9 -28.6 144 0 150.4 18.2 10.5 0.0 0 0 3 3 3
4678.5 9490.5 -28.8 326 0 47.9 22.8 10.5 3.5 2 0 3 5 5
4589.4 9423.3 -28.5 329 0 9.1 15.1 10.5 0.0 0 1 3 4 4
4583.8 9449.9 -28.8 140 0 15.1 9.1 10.5 3.5 2 0 3 0 0
4599.8 9472.5 -28.9 230 0 9.1 15.1 10.5 3.5 2 1 3 0 0
4597.1 9489.6 -29.2 50 0 9.1 15.1 10.5 3.5 2 1 3 2 2
4577.0 9515.9 -29.5 230 0 9.1 15.1 10.5 3.5 2 1 3 0 0
4633.0 9522.2 -28.9 147 0 9.1 15.1 10.5 3.5 2 1 3 5 5
4619.2 9542.1 -29.5 147 0 9.1 15.1 10.5 3.5 2 1 3 4 4
4605.6 9562.7 -29.8 147 0 9.1 15.1 10.5 3.5 2 1 3 0 0
4576.6 9601.6 -30.5 147 0 9.1 15.1 10.5 3.5 4 1 3 2 2
4588.9 9567.3 -30.0 327 0 9.1 15.1 10.5 3.5 2 1 3 3 3
4562.4 9606.0 -30.6 327 0 9.1 15.1 10.5 3.5 2 1 3 0 0
4568.6 9595.4 -30.5 327 0 9.1 15.1 10.5 3.5 4 1 3 0 0
4688.8 9560.1 -29.1 327 0 9.1 15.1 10.5 3.5 2 1 3 4 4
4647.1 9563.2 -29.1 147 0 9.1 15.1 10.5 3.5 2 1 3 5 5
4677.5 9575.2 -29.2 326 0 21.5 14.5 10.5 3.5 2 0 3 5 5
4637.4 9577.0 -29.7 148 0 18.4 15.2 10.5 3.5 2 0 3 2 2
4619.4 9600.7 -30.1 147 0 9.1 15.1 10.5 3.5 2 1 3 0 0
4612.5 9610.1 -30.3 147 0 9.1 15.1 10.5 3.5 2 1 3 4 4
4602.7 9638.8 -30.6 237 0 15.1 9.1 10.5 3.5 2 0 3 2 2
4639.9 9627.8 -30.3 327 0 9.1 15.1 10.5 3.5 2 1 3 5 5
4699.3 9568.9 -28.9 147 0 9.1 15.1 10.5 3.5 2 1 3 1 1
4705.6 9587.4 -29.1 327 0 9.1 15.1 10.5 3.5 2 1 3 2 2
4698.5 9598.1 -29.2 327 0 9.1 15.1 10.5 3.5 2 1 3 1 1
4678.2 9627.3 -29.5 327 0 9.1 15.1 10.5 3.5 4 1 3 1 1
4664.1 9646.4 -30.0 327 0 9.1 15.1 10.5 3.5 2 1 3 2 2
4650.3 9665.7 -30.6 327 0 9.1 15.1 10.5 0.0 0 1 3 2 2
4671.0 9656.6 -29.8 144 0 15.0 20.3 14.0 3.5 2 1 4 4 4
4680.6 9643.2 -29.5 144 0 15.0 20.3 14.0 3.5 2 1 4 2 2
4690.3 9628.8 -29.4 144 0 15.0 20.3 14.0 3.5 2 1 4 3 3
4699.4 9613.7 -29.2 144 0 15.0 20.3 14.0 3.5 4 1 4 5 5
4714.3 9591.8 -29.0 143 0 31.6 22.1 14.0 0.0 0 0 4 0 0
4802.6 9619.1 -29.4 235 0 40.6 36.5 10.5 0.0 0 0 3 2 2
4857.7 9629.4 -30.7 144 0 17.4 12.1 14.0 3.5 2 0 4 1 1
4898.5 9653.4 -31.7 319 0 10.1 26.3 14.0 3.5 2 1 4 1 1
4796.7 9624.5 -28.8 55 0 20.2 16.7 14.0 3.5 2 0 4 2 2
4769.3 9636.8 -29.3 143 0 17.5 21.0 14.0 3.5 2 0 4 0 0
4761.4 9649.8 -29.7 142 0 11.8 20.7 14.0 3.5 2 0 4 0 0
4754.2 9659.5 -30.1 144 0 11.4 21.9 14.0 3.5 2 0 4 4 4
4747.2 9669.3 -30.4 145 0 12.6 22.4 14.0 3.5 2 0 4 4 4
4813.4 9642.2 -29.5 324 0 10.4 14.7 14.0 3.5 2 1 4 4 4
4806.6 9651.2 -29.7 324 0 10.4 14.7 14.0 3.5 2 1 4 0 0
4794.0 9672.5 -30.5 324 0 10.4 14.7 14.0 3.5 2 1 4 1 1
4787.4 9682.0 -30.8 324 0 10.4 14.7 14.0 3.5 2 1 4 4 4
4813.2 9654.5 -30.5 144 0 10.4 14.7 14.0 3.5 4 1 4 2 2
4798.1 9676.4 -31.3 144 0 10.4 14.7 14.0 3.5 2 1 4 4 4
4784.0 9695.9 -31.8 144 0 10.4 14.7 14.0 3.5 2 1 4 2 2
4777.6 9705.3 -31.8 144 0 10.4 14.7 14.0 3.5 2 1 4 2 2
4770.1 9714.8 -31.6 144 0 10.4 14.7 14.0 3.5 2 1 4 1 1
4761.0 9727.2 -31.3 144 0 23.2 15.6 14.0 3.5 4 0 4 5 5
4810.6 9741.0 -32.0 234 0 55.1 20.2 14.0 3.5 2 0 4 2 2
4883.7 9678.3 -32.5 323 0 10.3 49.9 14.0 3.5 4 1 4 4 4
4863.7 9721.6 -33.1 325 0 52.5 58.8 14.0 0.0 0 1 4 1 1
4817.3 9768.8 -29.2 55 0 17.5 12.3 14.0 3.5 4 0 4 1 1
4589.8 9680.4 -31.1 232 0 19.2 21.3 14.0 3.5 2 1 4 0 0
4572.4 9667.2 -31.0 233 0 19.2 21.3 14.0 3.5 2 1 4 2 2
4557.2 9656.9 -30.9 233 0 13.8 22.2 14.0 3.5 2 1 4 4 4
4542.4 9646.5 -30.8 233 0 13.8 22.2 14.0 3.5 2 1 4 2 2
4543.1 9619.8 -30.7 53 0 13.8 22.2 14.0 0.0 0 1 4 4 4
4530.3 9610.4 -30.6 53 0 13.8 22.2 14.0 3.5 2 1 4 3 3
4509.8 9647.9 -30.7 204 0 14.6 17.4 14.0 3.5 2 1 4 0 0
4516.9 9663.4 -30.7 204 0 14.6 17.4 14.0 3.5 4 1 4 1 1
4523.8 9677.2 -30.8 204 0 14.6 17.4 14.0 3.5 2 1 4 0 0
4529.3 9688.2 -30.8 205 0 6.8 17.1 10.5 3.5 2 1 3 3 3
4532.6 9695.6 -30.9 205 0 6.8 17.1 10.5 3.5 2 1 3 5 5
4537.6 9706.8 -30.9 204 0 14.6 17.4 14.0 3.5 2 1 4 0 0
4544.3 9721.1 -31.0 204 0 14.6 17.4 14.0 3.5 2 1 4 0 0
4551.5 9736.4 -31.0 204 0 14.6 17.4 14.0 3.5 4 1 4 3 3
4569.1 9711.5 -31.1 236 0 12.8 30.4 14.0 3.5 2 1 4 0 0
4617.4 9687.5 -31.1 147 0 18.7 17.0 14.0 3.5 2 0 4 0 0
4620.2 9711.8 -31.3 327 0 15.2 16.5 14.0 3.5 2 1 4 3 3
4610.2 9726.9 -31.3 327 0 15.2 16.5 14.0 3.5 2 1 4 3 3
4586.6 9733.1 -31.2 147 0 15.2 16.5 14.0 3.5 2 1 4 1 1
4589.3 9757.3 -31.2 327 0 15.2 16.5 14.0 3.5 2 1 4 5 5
4570.4 9772.9 -31.2 221 0 13.1 14.6 14.0 0.0 0 1 4 4 4
4636.0 9702.2 -31.2 147 0 28.9 24.1 14.0 0.0 0 0 4 4 4
4619.6 9727.7 -31.4 145 0 26.0 22.7 14.0 3.5 2 0 4 5 5
4602.5 9751.4 -31.4 145 0 26.0 22.7 14.0 3.5 2 0 4 5 5
4585.4 9776.9 -31.3 145 0 26.0 22.7 14.0 3.5 2 0 4 5 5
4586.8 9810.1 -31.2 5 0 18.4 38.9 14.0 0.0 0 1 4 3 3
4536.5 9825.3 -30.8 130 0 29.0 33.3 14.0 0.0 0 0 4 4 4
4508.1 9886.4 -28.9 145 0 25.1 22.8 14.0 3.5 2 0 4 2 2
4492.2 9908.5 -29.0 146 0 25.5 22.8 14.0 3.5 2 0 4 2 2
4477.6 9930.0 -29.5 146 0 26.6 22.8 14.0 0.0 0 0 4 2 2
4439.5 9994.7 -29.3 59 0 14.7 21.9 14.0 0.0 0 1 4 1 1
4415.8 10018.8 -29.4 140 0 20.5 22.5 14.0 3.5 2 1 4 5 5
4392.0 10015.8 -29.0 234 0 27.8 43.3 14.0 0.0 0 1 4 5 5
4838.1 9588.4 -29.1 238 0 55.3 69.1 14.0 0.0 0 1 4 4 4
5203.7 10051.2 -27.0 248 0 20.0 76.0 14.0 3.5 2 1 4 0 0
5094.8 10108.7 -26.7 308 0 134.6 17.6 10.5 0.0 0 0 3 3 3
4925.0 10108.8 -23.7 239 0 15.8 14.4 14.0 3.5 2 0 4 4 4
4918.5 10116.0 -25.8 55 0 13.3 8.2 10.5 3.5 2 0 3 1 1
4943.7 10132.1 -26.8 55 0 13.3 8.2 10.5 3.5 2 0 3 0 0
4956.1 10140.6 -26.8 55 0 13.3 8.2 10.5 3.5 2 0 3 5 5
4967.4 10149.2 -26.7 58 0 10.1 18.9 10.5 3.5 2 1 3 3 3
4913.3 10147.2 -27.0 55 0 13.3 8.2 10.5 0.0 0 0 3 0 0
4950.6 10173.5 -26.6 55 0 13.3 8.2 10.5 3.5 2 0 3 3 3
5034.6 10187.5 -25.7 145 0 8.2 13.3 10.5 3.5 2 1 3 2 2
5056.7 10210.7 -25.5 328 0 20.9 13.7 14.0 3.5 2 0 4 5 5
5042.4 10178.6 -25.9 145 0 8.8 28.3 10.5 3.5 2 1 3 5 5
4975.8 10166.4 -26.3 130 0 12.6 7.3 10.5 3.5 2 0 3 5 5
4999.8 10181.1 -26.1 220 0 7.2 12.6 10.5 3.5 2 1 3 3 3
4548.9 10028.6 -28.5 236 0 54.9 35.5 14.0 0.0 0 0 4 3 3
4503.8 10044.3 -28.7 146 0 35.5 54.9 14.0 0.0 0 1 4 1 1
4682.1 9938.8 -18.9 148 0 34.5 10.7 10.5 3.5 2 0 3 1 1
4943.5 9729.6 -31.5 8 0 9.0 10.5 10.5 3.5 2 1 3 1 1
4957.0 9757.7 -29.7 22 0 9.4 13.1 10.5 3.5 2 1 3 4 4
4965.6 9765.1 -29.2 28 0 8.8 19.7 10.5 3.5 2 1 3 2 2
4970.9 9774.1 -28.6 28 0 8.8 19.7 10.5 3.5 2 1 3 2 2
4977.2 9783.7 -28.0 28 0 9.1 10.3 10.5 3.5 2 1 3 3 3
4981.3 9798.9 -27.1 28 0 8.8 10.2 10.5 3.5 2 1 3 1 1
4982.5 9811.4 -26.4 28 0 8.8 10.2 10.5 3.5 2 1 3 5 5
5001.7 9819.9 -25.6 33 0 6.6 19.1 10.5 3.5 2 1 3 5 5
5008.6 9826.9 -25.2 33 0 6.7 19.1 10.5 3.5 2 1 3 2 2
5011.4 9834.9 -24.7 33 0 6.7 19.1 10.5 0.0 0 1 3 2 2
5022.4 9850.8 -23.7 33 0 6.7 19.1 10.5 3.5 2 1 3 3 3
5028.5 9859.2 -23.2 33 0 6.7 19.1 10.5 3.5 2 1 3 3 3
4945.8 9688.3 -32.8 53 0 19.0 13.2 14.0 3.5 2 0 4 0 0
4909.8 9686.5 -33.1 150 0 18.5 16.6 14.0 3.5 2 0 4 0 0
5065.8 9904.3 -21.6 34 0 6.3 15.0 10.5 3.5 4 1 3 3 3
5109.8 9968.1 -22.6 30 0 7.9 11.2 10.5 3.5 2 1 3 0 0
5047.9 9952.6 -20.8 252 0 11.8 26.6 14.0 3.5 2 1 4 2 2
5075.5 9898.7 -22.3 214 0 6.3 15.0 10.5 3.5 2 1 3 3 3
5082.0 9905.9 -22.1 214 0 6.3 15.0 10.5 3.5 2 1 3 3 3
5086.6 9914.5 -22.3 214 0 6.3 15.0 10.5 3.5 2 1 3 1 1
5098.7 9931.5 -22.7 214 0 6.3 15.0 10.5 3.5 2 1 3 2 2
5110.4 9947.3 -23.0 214 0 6.3 15.0 10.5 0.0 0 1 3 2 2
5089.2 9859.4 -24.3 144 0 37.8 19.0 14.0 3.5 2 0 4 4 4
4940.4 10295.6 -27.1 55 0 13.3 8.2 7.5 2.5 4 0 3 4 4
5075.5 10216.3 -25.1 148 0 20.9 13.7 14.0 3.5 2 0 4 1 1
5089.0 10224.8 -24.9 148 0 20.9 13.7 14.0 3.5 2 0 4 4 4
5085.3 10202.6 -25.3 145 0 8.2 13.3 10.5 3.5 2 1 3 0 0
5098.7 10211.1 -25.1 145 0 8.2 13.3 10.5 3.5 2 1 3 3 3
5064.9 10232.4 -25.1 147 0 20.7 14.0 14.0 3.5 2 0 4 5 5
5076.7 10242.9 -25.0 149 0 20.7 14.0 14.0 3.5 4 0 4 0 0
5131.2 10213.0 -25.0 60 0 14.4 20.6 14.0 3.5 2 1 4 2 2
5138.7 10217.8 -24.9 55 0 7.4 20.6 10.5 3.5 4 1 3 4 4
5103.5 10238.8 -24.6 145 0 8.2 13.3 10.5 3.5 2 1 3 5 5
5132.3 10246.8 -24.5 325 0 8.2 13.3 10.5 3.5 2 1 3 0 0
5126.8 10254.7 -24.4 325 0 8.2 13.3 10.5 3.5 2 1 3 2 2
5121.0 10263.1 -24.6 325 0 8.2 13.3 10.5 3.5 4 1 3 4 4
5044.0 10287.9 -26.0 145 0 8.2 13.3 10.5 3.5 2 1 3 3 3
5028.9 10283.0 -26.3 147 0 20.7 14.0 14.0 3.5 2 0 4 3 3
5046.1 10306.8 -26.3 294 0 10.2 14.1 14.0 3.5 2 1 4 4 4
5040.9 10267.0 -25.9 148 0 20.9 13.7 14.0 3.5 2 0 4 3 3
5001.7 10278.7 -26.9 324 0 69.0 30.0 14.0 0.0 0 0 4 1 1
5318.6 9583.1 -27.6 55 0 31.1 103.5 14.0 0.0 0 1 4 4 4
5212.1 9705.9 -28.2 230 0 8.3 12.8 10.5 3.5 2 1 3 1 1
5220.3 9713.7 -28.1 230 0 8.3 12.8 10.5 3.5 2 1 3 4 4
5244.4 9738.8 -27.7 230 0 8.3 12.8 10.5 0.0 0 1 3 1 1
5283.6 9737.4 -27.4 30 0 8.3 12.7 10.5 3.5 2 1 3 3 3
5260.6 9699.5 -27.9 30 0 8.3 12.7 10.5 3.5 2 1 3 3 3
5216.5 9513.2 -28.2 5 0 9.6 10.6 10.5 3.5 4 1 3 0 0
5218.2 9524.4 -28.2 5 0 9.6 10.6 10.5 3.5 2 1 3 2 2
5219.6 9535.6 -28.2 5 0 9.6 10.6 10.5 0.0 0 1 3 1 1
5221.6 9547.3 -28.3 5 0 9.6 10.6 10.5 3.5 2 1 3 5 5
5223.7 9560.9 -28.3 15 0 10.7 9.6 10.5 3.5 2 0 3 4 4
5228.3 9574.1 -28.3 13 0 9.6 10.6 10.5 3.5 4 1 3 3 3
5235.9 9592.0 -28.1 13 0 9.6 10.6 10.5 3.5 2 1 3 3 3
5238.6 9601.8 -27.9 15 0 9.6 10.6 10.5 3.5 2 1 3 4 4
5244.8 9620.9 -27.7 19 0 9.6 10.6 10.5 3.5 2 1 3 2 2
4765.8 9909.1 -18.4 146 0 79.5 203.8 14.0 0.0 0 1 4 4 4
4665.9 10042.6 -22.0 145 0 217.1 16.2 14.0 0.0 0 0 4 5 5
4692.8 10194.8 -26.6 235 0 86.9 26.0 14.0 0.0 0 0 4 1 1
4632.7 10416.5 -27.7 330 0 33.2 29.7 10.5 0.0 0 0 3 1 1
4400.1 10234.1 -31.3 324 0 10.4 14.7 14.0 3.5 4 1 4 5 5
4386.8 10255.3 -32.3 324 0 10.4 14.7 14.0 3.5 2 1 4 5 5
4350.2 10307.2 -34.9 324 0 10.4 14.7 14.0 3.5 2 1 4 0 0
4961.9 10314.5 -27.0 325 0 8.2 13.3 10.5 3.5 2 1 3 5 5
4970.5 10334.4 -27.0 325 0 8.2 13.3 10.5 3.5 2 1 3 5 5
4955.3 10324.4 -27.1 325 0 8.2 13.3 10.5 3.5 2 1 3 4 4
4922.7 10331.3 -27.3 325 0 8.2 13.3 10.5 3.5 2 1 3 3 3
4916.2 10340.5 -27.4 325 0 8.2 13.3 10.5 3.5 2 1 3 0 0
4908.9 10351.3 -27.5 325 0 8.2 13.3 10.5 3.5 2 1 3 4 4
4901.5 10362.1 -27.6 325 0 8.2 13.3 10.5 0.0 0 1 3 4 4
4927.4 10363.5 -27.4 325 0 8.2 13.3 10.5 3.5 2 1 3 3 3
4933.5 10317.3 -27.3 324 0 21.3 14.1 14.0 3.5 2 0 4 2 2
4937.6 10349.2 -27.3 324 0 21.3 14.1 14.0 3.5 2 0 4 4 4
4949.1 10364.7 -27.3 325 0 58.2 15.5 14.0 3.5 2 0 4 0 0
4907.5 10392.6 -27.6 325 0 8.2 13.3 10.5 3.5 2 1 3 3 3
4921.9 10402.8 -27.5 325 0 8.2 13.3 10.5 3.5 2 1 3 1 1
4928.0 10392.8 -27.4 325 0 8.2 13.3 10.5 0.0 0 1 3 2 2
4876.9 10385.5 -27.8 234 0 13.8 14.5 14.0 3.5 2 1 4 3 3
4863.6 10409.5 -28.0 234 0 22.0 23.9 14.0 3.5 2 1 4 0 0
4911.2 10417.9 -27.7 341 0 17.3 31.7 14.0 0.0 0 1 4 4 4
6119.3 9212.2 -29.4 142 0 9.8 14.5 10.5 0.0 0 1 3 0 0
6109.9 9223.5 -29.9 142 0 9.8 14.5 10.5 3.5 2 1 3 5 5
6167.2 9243.1 -31.1 52 0 14.5 9.8 10.5 3.5 2 0 3 4 4
6091.8 9322.4 -30.8 233 0 14.3 14.4 14.0 3.5 2 1 4 3 3
6112.1 9256.4 -31.1 56 0 14.0 22.1 14.0 3.5 2 1 4 2 2
6133.7 9181.5 -27.8 232 0 27.0 13.3 14.0 3.5 2 0 4 3 3
6204.2 9328.3 -31.2 141 0 88.6 30.9 14.0 0.0 0 0 4 5 5
6160.1 9383.8 -31.3 141 0 31.1 67.6 14.0 0.0 0 1 4 5 5
6254.4 9441.5 -31.4 51 0 69.4 29.1 14.0 0.0 0 0 4 0 0
6133.0 9417.3 -30.7 142 0 31.6 67.9 14.0 0.0 0 1 4 0 0
6194.3 9486.7 -30.8 232 0 34.1 14.1 14.0 3.5 4 0 4 1 1
6234.6 9481.1 -31.1 52 0 48.4 13.6 14.0 3.5 2 0 4 1 1
6101.5 9766.8 -28.9 232 0 32.3 105.9 14.0 0.0 0 1 4 4 4
