-2447.7 -12657.1 -13.8 53 0 39.0 46.6 7.5 0.0 0 1 3 4 4
-2738.8 -12779.5 -12.2 239 0 77.7 25.2 12.5 0.0 0 0 5 4 4
-2587.6 -12662.1 -12.2 233 0 15.5 19.7 10.0 2.5 2 0 4 2 2
-2547.6 -12646.5 -12.2 325 0 18.2 15.7 7.5 0.0 0 0 3 0 0
-2573.6 -12652.3 -12.1 235 0 11.8 15.8 7.5 2.5 2 1 3 3 3
-2674.3 -12724.8 -12.3 234 0 14.6 15.6 5.0 2.5 2 1 2 0 0
-2605.1 -12674.7 -12.3 235 0 27.7 19.7 10.0 2.5 2 0 4 4 4
-2660.9 -12714.7 -12.2 235 0 14.2 15.8 2.5 2.5 2 1 1 3 3
-2635.5 -12695.9 -12.3 234 0 13.0 19.1 5.0 0.0 0 1 2 0 0
-2822.0 -12804.5 -11.2 60 0 60.7 16.7 7.5 0.0 0 0 3 5 5
-2871.0 -12713.8 -9.0 237 0 55.0 22.0 7.5 2.5 2 0 3 1 1
-2514.1 -12616.5 -12.3 237 0 10.6 20.1 7.5 0.0 0 1 3 3 3
-2691.5 -12737.5 -12.4 240 0 20.2 26.2 10.0 2.5 2 1 4 5 5
-2488.1 -12600.6 -12.3 235 0 15.4 18.3 10.0 2.5 2 1 4 1 1
-2502.4 -12609.6 -12.3 239 0 12.6 18.2 7.5 2.5 2 1 3 0 0
-2746.4 -12730.4 -10.9 56 0 111.3 80.8 10.0 0.0 0 0 4 3 3
-2813.6 -12760.6 -10.5 57 0 13.9 35.2 12.5 2.5 2 1 5 2 2
-2525.7 -12622.2 -12.3 235 0 11.6 22.9 10.0 2.5 2 1 4 2 2
-2534.9 -12641.2 -12.4 149 0 23.7 11.6 12.5 0.0 0 0 5 4 4
-2596.2 -12581.8 -10.3 323 0 50.6 50.7 10.0 0.0 0 1 4 5 5
-2654.2 -12673.1 -10.9 55 0 76.8 62.4 10.0 0.0 0 0 4 3 3
-2915.7 -12757.1 -9.3 148 0 24.3 20.7 10.0 2.5 2 0 4 5 5
-2685.0 -12584.3 -8.6 235 0 12.5 13.7 7.5 2.5 2 1 3 0 0
-2884.0 -12815.2 -10.6 148 0 15.5 20.2 10.0 2.5 2 1 4 2 2
-2860.4 -12830.1 -10.9 55 0 22.9 13.2 10.0 2.5 2 0 4 5 5
-2895.6 -12792.0 -10.2 151 0 28.3 20.5 10.0 2.5 2 0 4 4 4
-5684.1 -5375.0 -8.1 24 0 294.7 177.9 10.0 0.0 0 0 4 3 3
-6703.2 -5410.6 -11.2 113 0 135.7 216.3 10.0 0.0 0 1 4 2 2
-4576.2 3688.3 -7.1 231 0 33.2 81.1 10.0 0.0 0 1 4 5 5
-3740.7 3775.7 -6.1 52 0 73.7 399.8 10.0 0.0 0 1 4 5 5
-3700.5 3407.2 -7.8 52 0 73.7 714.0 12.5 0.0 0 1 5 3 3
-3781.2 3336.5 -7.3 52 0 73.7 718.8 12.5 0.0 0 1 5 4 4
-3852.3 3275.9 -5.8 52 0 73.7 722.1 10.0 0.0 0 1 4 0 0
-3931.6 3208.4 -5.9 52 0 73.7 726.4 7.5 0.0 0 1 3 4 4
-4002.0 3147.2 -5.0 52 0 75.3 656.8 7.5 0.0 0 1 3 0 0
-3116.4 12315.9 1.7 211 0 38.5 48.1 10.0 0.0 0 1 4 1 1
-3001.1 12250.5 4.1 30 0 39.8 46.5 10.0 0.0 0 1 4 5 5
-1326.4 12727.1 -12.9 50 0 95.8 70.6 12.5 0.0 0 0 5 5 5
-6819.8 12269.5 -18.7 179 0 424.5 164.7 7.5 0.0 0 0 3 2 2
-4753.1 -66.2 -1.2 221 0 32.8 22.0 12.5 0.0 0 0 5 1 1
-4686.3 -123.1 -3.4 42 0 109.0 61.3 12.5 0.0 0 0 5 5 5
-5045.2 96.9 -1.1 36 0 27.0 45.3 7.5 2.5 2 1 3 0 0
-6405.8 9741.5 -14.0 236 0 93.4 60.8 14.0 0.0 0 0 4 3 3
-6643.6 -6117.0 -6.4 289 0 28.0 45.6 10.0 0.0 0 1 4 0 0
4997.9 12138.7 -14.4 85 0 21.0 70.1 12.5 0.0 0 1 5 5 5
4989.1 12218.6 -14.8 90 0 21.9 48.0 12.5 2.5 2 1 5 5 5
-3291.7 12781.0 -7.5 70 0 24.7 30.8 17.5 0.0 0 1 7 0 0
-3081.4 12724.4 0.8 36 0 28.8 48.3 12.5 0.0 0 1 5 3 3
-3230.3 12828.7 -4.6 71 0 30.4 29.6 10.0 0.0 0 0 4 1 1
-3233.8 12790.7 -6.5 160 0 59.4 29.0 10.0 0.0 0 0 4 5 5
-3093.0 12785.9 -0.4 346 0 36.6 30.9 12.5 0.0 0 0 5 2 2
-3057.4 12627.7 -5.4 250 0 38.3 97.8 12.5 0.0 0 1 5 0 0
-3068.1 12573.5 -5.2 341 0 81.7 54.0 7.5 0.0 0 0 3 0 0
-2991.8 12528.4 -2.8 254 0 58.6 48.6 10.0 0.0 0 0 4 2 2
-2897.3 12565.6 2.2 246 0 32.2 27.8 12.5 0.0 0 0 5 0 0
-2982.7 12677.5 -4.9 252 0 28.0 56.6 12.5 2.5 2 1 5 2 2
-2708.1 12678.3 -4.1 233 0 47.9 37.7 10.0 0.0 0 0 4 2 2
-2531.0 12732.0 -3.5 95 0 48.0 48.3 10.0 0.0 0 1 4 2 2
-3433.8 11945.3 -11.4 8 0 64.8 20.6 12.5 2.5 2 0 5 3 3
-3466.1 12042.3 -2.9 62 0 65.9 21.8 12.5 2.5 4 0 5 1 1
-3241.6 11695.6 -10.7 11 0 25.4 35.8 7.5 0.0 0 1 3 1 1
-3409.0 11429.6 2.1 96 0 17.3 23.7 10.0 2.5 2 1 4 4 4
-3388.2 11455.0 1.4 276 0 12.9 21.4 10.0 2.5 2 1 4 3 3
-3551.7 11475.8 -6.9 277 0 79.3 76.4 12.5 0.0 0 0 5 4 4
-3518.8 11367.7 1.3 10 0 44.0 33.6 12.5 0.0 0 0 5 5 5
-3507.7 11240.2 -2.0 187 0 55.2 72.0 15.0 0.0 0 1 6 1 1
-3447.7 11259.9 -0.7 10 0 22.3 57.0 15.0 0.0 0 1 6 1 1
-3425.0 11418.3 -0.5 8 0 74.9 55.3 10.0 0.0 0 0 4 1 1
-3294.0 11344.6 -5.4 11 0 45.8 12.5 10.0 2.5 2 0 4 0 0
-3672.0 11187.9 -2.1 283 0 55.4 16.2 10.0 2.5 2 0 4 4 4
-3747.5 11285.3 -2.9 179 0 43.9 50.6 12.5 0.0 0 1 5 3 3
-3345.4 11072.8 -5.2 288 0 85.5 39.1 10.0 0.0 0 0 4 4 4
-4600.4 11045.3 -6.4 247 0 26.8 31.0 10.0 0.0 0 1 4 5 5
-4628.9 11031.4 -6.3 246 0 31.6 28.4 15.0 0.0 0 0 6 1 1
-4824.7 11807.7 -10.7 78 0 17.1 20.5 12.5 2.5 2 1 5 3 3
-3503.6 12756.4 -3.6 157 0 36.0 48.7 10.0 0.0 0 1 4 4 4
-6587.5 9080.4 -10.7 235 0 65.3 22.2 14.0 3.5 2 0 4 1 1
-3479.7 3632.7 -2.2 249 0 44.1 16.7 12.5 2.5 2 0 5 1 1
-3598.1 3465.4 -5.8 250 0 44.8 16.1 12.5 2.5 2 0 5 3 3
2683.5 2606.5 -0.7 319 0 79.7 73.3 14.0 0.0 0 0 4 5 5
4178.4 2876.4 -2.0 158 0 21.2 22.0 10.0 2.5 2 1 4 2 2
-3245.1 11660.0 -10.8 6 0 39.4 30.0 10.0 0.0 0 0 4 3 3
-3302.8 11566.3 0.9 98 0 11.3 28.5 15.0 0.0 0 1 6 2 2
2729.6 -3830.5 -5.0 156 0 25.2 15.2 10.0 2.5 2 0 4 5 5
-3473.0 10399.8 -15.0 188 0 76.7 149.8 10.0 0.0 0 1 4 0 0
-6507.4 12324.4 -22.0 88 0 267.6 154.6 15.0 0.0 0 0 6 3 3
-5415.0 10642.3 -27.8 75 0 54.5 50.7 12.5 0.0 0 0 5 2 2
-6090.7 10293.3 -12.2 77 0 130.2 92.7 10.0 0.0 0 0 4 5 5
-6180.7 9407.1 -11.2 145 0 39.9 63.0 10.5 0.0 0 1 3 4 4
-6227.6 9475.8 -12.9 147 0 116.3 64.1 10.5 0.0 0 0 3 1 1
-5803.1 -229.8 -1.7 89 0 59.1 34.7 7.5 0.0 0 0 3 0 0
2875.1 9010.8 -14.3 82 0 320.7 151.2 15.0 0.0 0 0 6 3 3
2422.9 2131.9 -0.3 348 0 44.9 60.1 14.0 0.0 0 1 4 2 2
2199.0 2578.1 -9.5 166 0 66.9 85.4 14.0 0.0 0 1 4 4 4
2213.1 2529.0 -9.3 164 0 35.2 86.9 14.0 0.0 0 1 4 2 2
2178.9 2405.2 -5.0 228 0 96.0 66.8 14.0 0.0 0 0 4 5 5
-4672.3 817.8 -0.3 218 0 72.2 68.2 14.0 0.0 0 0 4 3 3
-4555.3 897.3 2.8 129 0 75.6 75.9 14.0 0.0 0 1 4 5 5
-5982.1 3806.4 0.9 339 0 69.9 47.6 12.5 0.0 0 0 5 2 2
6821.5 8001.0 -9.9 41 0 136.2 210.4 15.0 0.0 0 1 6 3 3
3134.5 2872.1 4.0 52 0 40.8 50.1 10.0 0.0 0 1 4 2 2
4732.3 7291.8 -8.4 338 0 81.6 103.3 10.0 0.0 0 1 4 1 1
6888.6 8078.1 -11.0 35 0 64.1 141.8 10.0 0.0 0 1 4 3 3
-6469.3 -6158.5 -7.5 25 0 165.2 81.9 7.5 0.0 0 0 3 3 3
-6446.9 -5475.8 -13.9 23 0 85.2 62.6 12.5 0.0 0 0 5 0 0
-6443.6 -5593.9 -10.0 114 0 81.2 75.6 15.0 0.0 0 0 6 1 1
-6442.4 -5487.8 -10.6 203 0 41.5 84.9 10.0 0.0 0 1 4 3 3
-6328.4 -5435.9 -9.9 25 0 43.0 36.0 17.5 0.0 0 0 7 4 4
-6398.6 -5362.1 -14.4 25 0 97.2 43.3 10.0 0.0 0 0 4 2 2
