111.7 12274.1 -151.8 0 0 5.8 10.2 7.5 2.5 2 1 3 1 1
97.2 12265.6 -152.1 180 0 5.8 10.2 7.5 2.5 2 1 3 5 5
-2750.9 12772.5 -137.3 269 0 32.6 74.0 10.5 0.0 0 0 3 0 0
-5604.4 4456.4 -154.4 2 0 25.3 23.5 14.0 0.0 0 0 4 1 1
-5585.0 4408.1 -153.2 181 0 49.2 15.7 14.0 3.5 4 0 4 1 1
-5584.3 4477.2 -154.6 181 0 61.8 15.7 14.0 3.5 2 0 4 5 5
-5542.9 4605.0 -152.1 220 0 62.7 12.2 14.0 3.5 2 0 4 5 5
-5501.9 4659.1 -152.3 213 0 47.0 12.4 14.0 3.5 2 0 4 1 1
5654.4 4801.3 -153.9 260 0 7.4 8.4 7.5 2.5 2 1 3 1 1
3794.7 9908.2 -139.7 50 0 39.3 36.1 7.0 0.0 0 0 2 4 4
5238.6 10834.1 -149.8 75 0 51.2 26.0 14.0 0.0 0 0 4 5 5
1897.0 11249.8 -151.4 209 0 26.1 34.5 21.0 0.0 0 1 6 5 5
-2513.2 10712.1 -158.4 114 0 21.4 16.2 14.0 3.5 2 0 4 4 4
-1555.5 11996.8 -149.6 104 0 15.6 14.1 3.5 3.5 2 0 1 1 1
-859.3 12492.1 -158.8 195 0 54.9 17.6 17.5 3.5 2 0 5 3 3
2466.7 10334.0 -147.8 263 0 7.6 8.6 10.5 3.5 2 1 3 3 3
3108.8 9470.7 -139.1 275 0 64.6 56.4 7.0 0.0 0 0 2 2 2
-2867.1 12866.5 -147.9 89 0 35.2 19.4 10.5 0.0 0 0 3 2 2
-2994.7 12872.7 -106.7 200 0 19.4 35.3 10.5 0.0 0 1 3 5 5
-2929.1 12772.7 -121.1 288 0 12.4 27.4 10.5 3.5 2 0 3 0 0
-2937.9 12709.1 -129.0 108 0 33.4 19.4 10.5 0.0 0 0 3 4 4
-2852.6 12822.2 -152.2 17 0 19.4 35.2 10.5 0.0 0 1 3 3 3
-2941.0 12776.6 -114.1 288 0 12.7 68.5 24.5 0.0 0 0 7 2 2
-2891.5 12861.0 -137.5 89 0 12.6 68.5 24.5 0.0 0 1 7 5 5
-2951.4 12871.7 -109.2 290 0 14.4 66.9 24.5 0.0 0 1 7 2 2
-2894.4 12525.0 -147.4 100 0 45.4 33.2 24.5 0.0 0 0 7 3 3
-2417.2 12691.0 -153.8 332 0 31.5 19.3 10.5 0.0 0 0 3 3 3
-2485.5 12777.2 -121.1 62 0 19.3 31.9 7.5 0.0 0 1 3 5 5
-2477.8 12670.7 -156.1 152 0 10.2 27.3 10.5 3.5 2 0 3 0 0
-2456.3 12702.7 -155.6 242 0 68.2 12.7 24.5 0.0 0 0 7 3 3
-2609.4 12408.8 -159.8 179 0 26.6 10.9 73.5 0.0 0 0 21 3 3
-2478.9 12377.4 -154.7 359 0 19.6 32.9 10.5 0.0 0 1 3 3 3
-2506.5 12325.4 -140.2 90 0 10.0 25.9 17.5 3.5 2 0 5 1 1
-2517.3 12390.0 -154.5 269 0 10.3 64.7 24.5 0.0 0 0 7 0 0
-2214.3 12477.9 -145.4 61 0 11.3 27.0 10.5 3.5 2 0 3 2 2
-2051.6 12506.8 -143.8 332 0 19.7 31.9 5.0 0.0 0 1 2 3 3
-2235.6 12605.5 -137.4 153 0 18.8 32.1 3.5 0.0 0 1 1 0 0
-2261.1 12512.5 -134.1 151 0 19.6 29.9 7.0 0.0 0 1 2 4 4
-2237.8 12543.6 -144.9 241 0 10.5 68.9 28.0 0.0 0 0 8 3 3
-2320.6 12755.7 -141.2 287 0 68.5 11.3 17.5 3.5 2 0 5 0 0
-2305.2 12739.0 -145.4 287 0 21.2 14.5 17.5 3.5 2 0 5 4 4
-2348.8 12721.8 -147.8 106 0 16.3 29.3 17.5 0.0 0 1 5 2 2
5716.5 10901.1 -131.8 258 0 16.6 27.1 10.0 0.0 0 1 4 0 0
5758.9 10847.9 -129.9 345 0 14.5 29.1 15.0 0.0 0 1 6 5 5
5699.1 10822.4 -137.9 75 0 16.5 27.2 12.5 0.0 0 1 5 5 5
5598.8 10869.8 -146.6 346 0 12.0 28.6 7.5 2.5 2 1 3 5 5
-1767.9 12783.5 -147.2 333 0 8.4 6.0 3.5 3.5 2 0 1 4 4
-1806.7 12715.6 -148.3 62 0 18.8 31.2 7.0 3.5 2 1 2 3 3
-1839.4 12740.8 -146.6 153 0 13.0 71.5 28.0 0.0 0 1 8 0 0
2720.7 11395.1 -130.6 341 0 4.4 5.1 10.5 3.5 2 0 3 2 2
2676.1 11142.2 -131.3 94 0 26.5 10.7 17.5 3.5 2 0 5 1 1
2733.7 11309.2 -128.1 120 0 5.4 6.4 10.5 3.5 2 0 3 3 3
2718.0 11270.9 -127.5 19 0 4.6 6.9 10.5 3.5 2 0 3 5 5
2680.1 11205.2 -132.1 275 0 26.9 11.0 17.5 0.0 0 0 5 3 3
2663.9 11345.4 -126.8 116 0 3.6 6.7 10.5 0.0 0 0 3 2 2
2807.2 11104.3 -138.3 1 0 18.3 28.8 14.0 3.5 2 1 4 0 0
2683.4 10326.6 -156.5 205 0 8.4 6.8 5.0 2.5 2 0 2 1 1
2477.2 10335.4 -148.3 262 0 7.8 8.6 10.5 3.5 2 1 3 2 2
2700.2 10332.1 -155.8 296 0 6.6 8.7 5.0 2.5 4 1 2 4 4
2671.1 10317.4 -156.8 204 0 6.2 8.0 2.5 2.5 2 1 1 4 4
2700.4 10344.8 -155.3 203 0 6.6 4.6 7.5 2.5 2 0 3 1 1
3264.7 9114.2 -115.9 305 0 9.5 5.7 10.5 3.5 2 0 3 2 2
3588.2 8802.3 -112.8 205 0 19.7 31.3 14.0 0.0 0 1 4 5 5
3713.1 8866.4 -111.9 34 0 14.1 36.1 14.0 3.5 2 1 4 4 4
3417.0 8973.6 -115.3 317 0 5.3 9.6 10.5 3.5 2 1 3 3 3
3507.7 9419.5 -137.3 90 0 11.2 6.5 10.5 3.5 4 0 3 4 4
3436.8 9791.9 -134.7 195 0 4.4 5.4 10.5 3.5 2 1 3 0 0
3433.4 9675.6 -146.4 72 0 25.6 15.4 14.0 0.0 0 0 4 1 1
3521.9 9813.2 -145.1 38 0 8.2 8.5 10.5 3.5 2 1 3 5 5
3397.5 9904.5 -147.9 156 0 6.1 4.2 10.5 3.5 2 0 3 1 1
3346.1 9589.1 -137.9 37 0 63.8 65.1 14.0 0.0 0 1 4 2 2
-4393.8 1509.0 -144.1 296 0 36.7 78.6 14.0 0.0 0 0 4 5 5
-4461.7 1371.3 -146.4 116 0 36.9 74.9 14.0 0.0 0 0 4 5 5
-4486.8 1524.1 -138.7 26 0 49.8 85.0 14.0 0.0 0 1 4 4 4
-4476.7 1505.6 -141.9 206 0 79.0 37.0 14.0 0.0 0 0 4 2 2
-4156.0 1319.3 -149.9 30 0 46.4 118.5 14.0 0.0 0 0 4 3 3
-4593.6 1602.0 -134.4 296 0 52.1 48.3 14.0 0.0 0 0 4 5 5
-4525.4 1450.7 -141.6 26 0 74.6 36.4 14.0 0.0 0 0 4 1 1
-4268.6 1335.0 -154.0 211 0 40.9 85.1 14.0 0.0 0 0 4 2 2
-4510.4 1393.8 -144.2 116 0 36.9 75.7 14.0 0.0 0 0 4 5 5
-4643.7 1318.4 -146.3 207 0 35.5 17.4 14.0 3.5 2 0 4 2 2
-4561.6 1222.6 -152.9 295 0 73.6 38.0 14.0 0.0 0 0 4 3 3
-4532.2 1001.1 -153.0 296 0 95.2 47.0 14.0 0.0 0 0 4 0 0
-4580.1 299.6 -151.0 296 0 120.0 62.4 14.0 0.0 0 0 4 5 5
-4554.7 1300.9 -149.4 205 0 74.1 36.2 14.0 0.0 0 0 4 3 3
-4638.9 1345.1 -144.4 206 0 16.5 13.1 14.0 3.5 4 0 4 3 3
-4219.6 1576.3 -135.3 300 0 128.0 54.7 12.5 0.0 0 0 5 3 3
-4438.6 73.6 -142.9 116 0 11.8 59.4 14.0 3.5 2 0 4 4 4
-4359.9 1126.0 -153.7 296 0 83.7 50.2 14.0 0.0 0 0 4 5 5
-4574.5 1310.5 -147.0 25 0 73.8 37.4 14.0 0.0 0 0 4 1 1
-4735.8 1044.9 -151.0 116 0 72.8 37.4 14.0 0.0 0 0 4 4 4
-4617.7 1383.2 -143.5 205 0 70.6 21.7 14.0 3.5 2 0 4 5 5
-4441.3 957.0 -152.4 296 0 84.1 50.1 14.0 0.0 0 0 4 4 4
-4748.6 742.5 -153.6 26 0 63.0 41.4 10.5 0.0 0 0 3 5 5
-4676.5 1477.2 -139.4 206 0 15.3 60.5 14.0 3.5 2 1 4 4 4
-4787.6 1489.0 -143.1 206 0 52.0 24.0 14.0 0.0 0 0 4 2 2
-4115.7 1381.9 -131.6 121 0 26.5 44.2 12.5 0.0 0 1 5 1 1
-4834.2 920.5 -141.3 205 0 82.5 58.6 10.5 0.0 0 0 3 5 5
-4753.5 818.2 -144.5 115 0 72.1 96.6 10.5 0.0 0 1 3 2 2
-4098.2 1489.5 -135.1 334 0 59.1 117.0 12.5 0.0 0 1 5 4 4
-4661.2 1010.1 -152.0 116 0 72.7 36.9 14.0 0.0 0 0 4 4 4
-4313.5 1214.3 -154.4 116 0 72.3 37.3 14.0 0.0 0 0 4 2 2
-4709.0 1630.6 -137.6 296 0 23.7 86.3 14.0 0.0 0 1 4 4 4
-4428.3 238.3 -146.3 295 0 129.0 82.9 14.0 0.0 0 0 4 4 4
-4539.0 156.4 -143.9 206 0 59.5 120.6 14.0 0.0 0 0 4 3 3
-4683.5 977.2 -132.7 296 0 58.9 60.6 10.5 0.0 0 1 3 0 0
-4453.0 1170.5 -154.0 296 0 95.0 51.3 14.0 0.0 0 0 4 0 0
-4158.7 1579.2 -126.3 120 0 58.4 63.8 14.0 0.0 0 1 4 0 0
-4671.0 1611.5 -137.4 295 0 25.1 86.4 14.0 0.0 0 1 4 5 5
-4777.4 683.5 -153.7 26 0 68.2 41.2 10.5 0.0 0 0 3 1 1
4034.0 9664.1 -128.7 274 0 5.1 26.4 10.5 0.0 0 1 3 1 1
3930.8 9461.0 -142.7 5 0 5.9 3.1 10.5 3.5 2 0 3 0 0
4007.2 9616.0 -133.9 185 0 43.3 29.1 10.5 0.0 0 0 3 5 5
3964.8 9474.3 -141.8 185 0 30.1 7.1 10.5 3.5 4 0 3 0 0
3936.9 9519.4 -141.1 276 0 8.2 4.2 10.5 3.5 2 0 3 3 3
3861.8 9982.2 -142.4 261 0 3.2 8.3 7.0 3.5 4 1 2 5 5
3770.2 10228.3 -140.9 17 0 5.8 116.1 10.5 3.5 2 1 3 3 3
3588.6 10236.0 -153.0 154 0 29.1 12.2 14.0 3.5 2 0 4 2 2
3633.8 10152.0 -151.4 199 0 11.3 77.2 10.5 3.5 2 1 3 1 1
3807.4 10149.4 -141.3 85 0 15.9 21.7 10.5 0.0 0 1 3 5 5
3790.0 10139.3 -144.1 19 0 11.2 5.7 10.5 3.5 2 0 3 1 1
3786.5 10088.9 -154.3 86 0 63.7 41.0 10.5 0.0 0 0 3 0 0
3638.6 10264.8 -150.5 334 0 12.5 33.8 14.0 3.5 2 1 4 1 1
3959.0 9993.5 -142.5 234 0 7.2 17.4 10.5 2.5 2 1 3 5 5
4006.4 9997.2 -124.3 0 0 5.5 8.1 3.5 2.5 2 1 1 3 3
4157.3 10163.5 -130.6 351 0 53.9 10.7 10.5 3.5 4 0 3 3 3
3871.7 10195.0 -145.4 191 0 8.7 14.0 10.5 0.0 0 1 3 0 0
4017.3 10122.2 -135.8 169 0 13.4 6.1 10.5 3.5 4 0 3 0 0
4314.5 9880.4 -131.6 18 0 10.8 4.2 10.5 3.5 2 0 3 4 4
4146.8 10084.9 -114.3 244 0 13.0 23.2 12.5 0.0 0 1 5 2 2
4253.0 9826.8 -108.1 66 0 37.2 22.1 14.0 0.0 0 0 4 0 0
4219.4 10075.6 -129.0 334 0 12.8 23.8 15.0 0.0 0 1 6 0 0
4203.5 10003.2 -117.4 333 0 15.6 28.9 14.0 0.0 0 1 4 5 5
4081.5 9847.0 -117.4 79 0 19.6 21.6 10.0 0.0 0 1 4 0 0
4258.7 9791.3 -97.5 8 0 7.8 7.3 10.5 3.5 2 0 3 3 3
4097.3 9973.3 -109.2 353 0 12.9 25.2 12.5 0.0 0 1 5 2 2
4062.5 9933.4 -110.4 82 0 14.2 23.9 10.0 0.0 0 1 4 4 4
4256.7 9802.9 -98.8 8 0 7.8 7.2 10.5 3.5 2 0 3 5 5
4058.7 10078.0 -126.3 269 0 13.6 26.8 12.5 0.0 0 1 5 0 0
4242.9 9805.7 -94.9 278 0 6.4 6.9 10.5 3.5 2 1 3 1 1
4102.1 9897.1 -104.0 267 0 21.4 21.8 12.5 0.0 0 1 5 2 2
4262.2 9813.9 -102.5 8 0 7.8 7.3 10.5 3.5 2 0 3 0 0
4107.8 10015.6 -113.1 309 0 17.5 26.1 10.0 0.0 0 1 4 5 5
4329.4 9756.7 -140.2 105 0 46.0 83.0 31.5 0.0 0 1 9 3 3
4383.0 9911.0 -136.4 284 0 26.5 44.6 42.0 0.0 0 1 12 3 3
-3588.2 1846.3 -147.2 79 0 16.8 34.1 14.0 3.5 2 0 4 1 1
-3680.3 1799.9 -144.7 349 0 76.3 26.1 14.0 0.0 0 0 4 5 5
-3521.3 1584.6 -154.8 168 0 25.5 48.6 14.0 0.0 0 1 4 4 4
-3549.2 1677.5 -154.4 169 0 146.4 60.8 14.0 0.0 0 0 4 4 4
-3667.1 1745.8 -144.7 348 0 26.4 9.1 10.5 3.5 2 0 3 1 1
-3548.9 1591.0 -155.3 258 0 36.4 24.3 14.0 0.0 0 0 4 1 1
-3561.7 1682.6 -154.5 349 0 162.3 65.7 14.0 0.0 0 0 4 2 2
-3675.3 1740.9 -146.2 348 0 32.5 18.8 14.0 0.0 0 0 4 3 3
-3615.4 1979.2 -152.0 79 0 95.3 52.4 14.0 0.0 0 0 4 3 3
-3635.7 1599.2 -152.5 349 0 40.1 12.7 14.0 3.5 2 0 4 5 5
-3604.1 1518.2 -156.1 349 0 12.3 69.2 14.0 3.5 2 0 4 2 2
-3576.1 1517.4 -156.9 259 0 70.9 109.6 14.0 0.0 0 0 4 1 1
-3775.8 1667.1 -145.1 169 0 26.5 9.1 10.5 3.5 2 0 3 1 1
-3830.9 1786.9 -142.8 80 0 31.1 22.0 14.0 0.0 0 0 4 5 5
-3788.3 1721.9 -145.5 169 0 11.7 7.5 10.5 3.5 2 0 3 1 1
-3502.1 1420.3 -157.5 79 0 37.2 109.6 14.0 0.0 0 0 4 3 3
-3724.7 1426.6 -150.2 169 0 121.6 54.7 14.0 0.0 0 0 4 4 4
4077.0 9704.3 -113.0 175 0 21.7 42.2 35.0 0.0 0 1 14 1 1
4444.7 9478.9 -131.8 274 0 9.7 5.4 10.5 3.5 2 0 3 0 0
4120.1 9621.4 -122.6 9 0 75.3 42.0 14.0 0.0 0 0 4 4 4
4454.5 9478.1 -130.5 273 0 4.2 3.9 10.5 0.0 0 0 3 0 0
4394.9 9477.2 -134.0 271 0 14.6 25.4 14.0 0.0 0 1 4 5 5
4073.9 9731.8 -112.8 172 0 23.1 42.9 35.0 0.0 0 1 14 5 5
4103.7 9664.9 -113.3 82 0 44.5 21.9 35.0 0.0 0 0 14 0 0
4286.5 9363.2 -114.1 102 0 15.0 15.3 10.5 3.5 2 1 3 1 1
4488.2 9420.9 -129.5 182 0 16.9 16.8 14.0 3.5 2 0 4 0 0
4189.0 9373.9 -114.4 93 0 8.3 3.2 10.5 3.5 2 0 3 1 1
4562.9 9352.7 -134.1 270 0 10.0 52.2 10.5 0.0 0 1 3 0 0
4656.0 9023.5 -112.3 30 0 26.9 9.8 10.5 3.5 2 0 3 2 2
5593.1 10061.8 -145.5 311 0 5.8 12.0 10.5 3.5 2 1 3 3 3
5658.9 10080.6 -139.1 90 0 33.4 65.7 14.0 0.0 0 1 4 4 4
4273.8 9683.0 -112.3 10 0 31.3 65.3 45.5 0.0 0 1 13 4 4
4278.0 9685.9 -112.9 11 0 38.9 68.9 14.0 0.0 0 1 4 0 0
5392.3 10153.5 -139.2 270 0 9.6 36.2 10.5 0.0 0 1 3 2 2
5479.6 10293.9 -142.2 325 0 11.9 16.4 14.0 0.0 0 1 4 1 1
5439.0 10296.1 -142.6 266 0 11.4 14.8 14.0 3.5 2 1 4 5 5
5554.5 10410.8 -145.1 180 0 36.2 61.7 17.5 0.0 0 1 5 5 5
5456.5 10219.6 -141.3 91 0 63.1 57.7 21.0 0.0 0 0 6 5 5
5456.1 10299.1 -142.6 266 0 11.6 15.2 14.0 3.5 2 1 4 5 5
5397.0 10359.9 -139.0 42 0 17.1 25.0 14.0 0.0 0 1 4 4 4
5480.2 10534.7 -143.9 133 0 8.5 20.3 10.5 3.5 2 1 3 3 3
5704.6 10737.1 -154.3 76 0 22.6 8.8 10.5 3.5 2 0 3 1 1
5796.4 10795.8 -140.5 75 0 16.7 33.6 14.0 0.0 0 1 4 1 1
5847.4 10652.3 -160.1 177 0 8.6 19.1 10.5 3.5 2 1 3 4 4
5776.2 10666.5 -157.6 266 0 5.1 11.1 10.5 3.5 2 1 3 3 3
5916.8 10567.7 -147.1 82 0 3.7 4.1 10.5 3.5 2 1 3 4 4
5956.0 10571.5 -146.9 85 0 13.1 5.5 10.5 3.5 2 0 3 2 2
5857.0 10683.0 -157.8 264 0 10.8 5.1 10.5 3.5 2 0 3 2 2
5811.0 10652.4 -159.8 266 0 63.8 10.4 14.0 3.5 2 0 4 4 4
5936.7 10685.9 -158.0 263 0 6.5 11.1 10.5 3.5 2 1 3 4 4
5878.0 10675.3 -159.2 264 0 5.4 10.7 10.5 3.5 2 1 3 1 1
6238.8 10561.9 -153.7 61 0 11.9 13.8 14.0 3.5 2 1 4 0 0
6254.9 10564.8 -155.9 61 0 13.2 15.5 14.0 3.5 2 1 4 3 3
6242.6 10586.7 -155.0 58 0 30.3 3.8 10.5 3.5 2 0 3 3 3
6048.3 10570.0 -141.9 13 0 17.7 23.0 14.0 0.0 0 1 4 5 5
6061.4 10542.0 -124.2 183 0 19.5 23.3 14.0 0.0 0 1 4 3 3
6056.1 10504.4 -132.7 185 0 19.5 23.4 14.0 0.0 0 1 4 0 0
6132.2 10508.2 -139.3 272 0 13.0 34.1 14.0 0.0 0 1 4 4 4
5537.9 10839.9 -152.3 166 0 43.3 11.5 10.0 2.5 2 0 4 0 0
5550.4 10809.5 -153.6 254 0 11.6 52.6 10.0 2.5 2 1 4 1 1
5506.7 10800.3 -151.7 255 0 17.9 26.8 10.0 0.0 0 1 4 4 4
5566.0 10813.9 -153.2 254 0 11.7 52.6 10.0 2.5 2 1 4 2 2
5613.1 10776.0 -153.1 345 0 16.9 26.9 7.5 0.0 0 1 3 0 0
5505.2 10750.5 -151.4 165 0 18.9 27.1 40.0 0.0 0 1 16 0 0
5593.8 10847.5 -150.3 345 0 16.9 26.9 12.5 0.0 0 1 5 3 3
5603.3 10811.6 -153.3 345 0 16.9 27.0 12.5 0.0 0 1 5 1 1
5554.3 10866.5 -151.6 256 0 11.6 43.5 10.0 2.5 2 1 4 0 0
5236.4 10696.7 -142.0 162 0 3.0 7.6 10.5 3.5 2 1 3 4 4
5228.6 10792.7 -151.1 252 0 6.8 4.3 10.5 3.5 2 0 3 4 4
5167.3 10753.6 -143.3 345 0 13.0 24.1 14.0 3.5 2 1 4 2 2
5261.6 10706.3 -144.0 162 0 5.5 10.0 10.5 3.5 4 1 3 0 0
5142.9 10634.3 -136.4 164 0 59.1 63.0 10.5 0.0 0 1 3 1 1
6919.2 8846.0 -158.4 138 0 9.7 46.9 3.5 3.5 2 0 1 2 2
4868.7 10338.0 -146.8 344 0 36.0 49.3 10.5 0.0 0 1 3 2 2
4980.2 10609.6 -148.4 345 0 39.3 83.1 17.5 0.0 0 1 5 3 3
4821.8 10398.4 -147.0 74 0 56.6 58.7 10.0 0.0 0 1 4 5 5
4744.6 10568.1 -148.3 248 0 34.7 70.6 7.5 0.0 0 1 3 2 2
5069.6 10583.3 -148.4 74 0 119.9 57.6 14.0 0.0 0 0 4 0 0
5940.5 10914.0 -127.4 23 0 16.5 33.3 66.5 0.0 0 1 19 1 1
5797.6 10955.5 -125.2 107 0 13.9 20.1 63.0 0.0 0 1 18 2 2
5460.2 10927.2 -144.7 185 0 16.2 31.0 70.0 0.0 0 1 20 0 0
5963.6 10923.2 -128.0 195 0 18.6 29.6 59.5 0.0 0 1 17 4 4
5906.2 10943.5 -127.5 344 0 18.1 28.6 66.5 0.0 0 1 19 4 4
5808.6 11010.5 -126.8 287 0 12.8 20.7 63.0 0.0 0 1 18 1 1
5830.7 10981.9 -125.8 107 0 12.8 20.1 63.0 0.0 0 1 18 4 4
5742.2 11024.0 -128.2 283 0 15.3 28.9 47.5 0.0 0 1 19 4 4
5529.7 11007.7 -135.8 178 0 19.3 27.0 70.0 0.0 0 1 20 4 4
5819.0 10973.9 -125.4 17 0 21.3 11.3 7.0 3.5 2 0 2 2 2
5052.2 10843.3 -142.5 62 0 14.7 36.1 63.0 0.0 0 1 18 3 3
5066.5 10888.7 -141.9 251 0 14.8 36.1 63.0 0.0 0 1 18 4 4
5397.2 10697.8 -140.5 254 0 14.5 20.2 32.5 0.0 0 1 13 0 0
5353.5 10673.2 -138.7 164 0 17.0 20.8 50.0 0.0 0 1 20 4 4
4424.2 10270.2 -156.4 284 0 8.6 23.9 7.5 0.0 0 0 3 5 5
4415.5 10238.3 -156.7 284 0 7.1 24.7 7.5 0.0 0 0 3 0 0
4431.3 10243.0 -157.0 195 0 21.0 28.8 10.5 0.0 0 1 3 4 4
4409.4 10239.8 -156.5 104 0 7.0 9.2 7.5 0.0 0 0 3 3 3
4384.1 10247.8 -156.4 194 0 42.5 11.5 30.0 0.0 0 0 12 2 2
5987.9 10496.6 -140.3 90 0 14.7 8.3 3.5 0.0 0 0 1 5 5
-5036.9 2584.0 -139.6 322 0 48.2 84.5 17.5 0.0 0 0 5 0 0
-5372.7 2250.7 -131.7 143 0 34.1 15.4 14.0 3.5 2 0 4 0 0
-5303.0 2282.5 -131.5 51 0 81.4 19.9 14.0 0.0 0 0 4 2 2
-5355.8 2280.0 -131.0 141 0 17.4 111.8 14.0 0.0 0 1 4 3 3
-3835.3 2517.0 -153.5 321 0 91.4 54.3 14.0 0.0 0 0 4 2 2
2485.1 -8449.4 -145.1 40 0 29.0 12.4 10.0 0.0 0 0 4 1 1
2589.6 -8616.9 -153.7 29 0 40.9 9.4 10.5 3.5 2 0 3 2 2
3433.6 -7816.9 -137.6 96 0 7.1 10.9 5.0 2.5 4 1 2 0 0
2142.5 -8590.4 -143.1 168 0 26.4 7.5 7.5 2.5 2 0 3 1 1
-1044.3 12139.9 -159.0 40 0 16.1 14.5 3.5 3.5 2 0 1 1 1
-1072.0 12163.4 -159.3 220 0 16.1 9.2 3.5 3.5 2 0 1 4 4
-6720.1 2740.1 152.5 63 0 8.9 14.8 10.5 0.0 0 1 3 5 5
-6439.0 2676.2 76.9 134 0 7.4 5.3 10.5 3.5 2 0 3 2 2
-6875.4 2701.4 152.7 328 0 9.6 17.8 10.5 3.5 2 1 3 5 5
-5072.9 133.5 -48.8 275 0 20.4 7.9 10.5 3.5 2 0 3 0 0
-5075.3 149.0 -47.7 5 0 27.2 6.4 10.5 0.0 0 0 3 1 1
-4834.8 1146.9 -142.7 296 0 22.2 10.0 14.0 3.5 2 0 4 3 3
-4791.1 1125.6 -142.8 297 0 22.7 10.8 14.0 3.5 2 0 4 0 0
6769.6 8527.9 -143.6 58 0 14.7 144.0 10.5 0.0 0 1 3 4 4
6722.4 8546.8 -142.4 241 0 18.3 13.6 10.5 3.5 2 0 3 4 4
6697.5 8743.9 -143.2 144 0 24.3 4.6 10.5 3.5 2 0 3 5 5
6703.2 8670.7 -142.8 60 0 36.0 17.4 10.5 3.5 2 0 3 0 0
5369.7 4722.6 -152.8 158 0 7.6 8.4 10.5 3.5 2 1 3 2 2
-3075.0 12583.5 -162.9 192 0 33.2 21.5 14.0 0.0 0 0 4 0 0
-2976.9 12569.0 -148.4 22 0 14.3 14.0 3.5 0.0 0 0 1 3 3
-3181.1 12548.1 -151.3 205 0 32.5 20.7 10.5 0.0 0 0 3 4 4
-2411.0 12481.2 -167.9 333 0 18.8 58.4 7.0 3.5 2 1 2 5 5
2394.9 10297.3 -145.3 136 0 7.6 8.5 10.5 3.5 2 1 3 4 4
2436.0 10205.3 -146.6 246 0 4.2 5.7 10.5 3.5 2 1 3 0 0
4616.9 10283.3 -146.2 14 0 8.3 13.8 7.5 0.0 0 0 3 4 4
4660.8 10307.6 -142.6 103 0 6.9 19.1 7.5 0.0 0 0 3 3 3
4681.1 10354.5 -143.4 13 0 8.8 12.4 7.5 0.0 0 1 3 1 1
4655.0 10385.1 -143.5 194 0 8.5 12.7 7.5 0.0 0 1 3 2 2
4667.7 10406.0 -147.2 186 0 7.7 18.6 3.5 3.5 2 1 1 5 5
4423.5 10305.5 -156.0 104 0 38.5 33.7 5.0 0.0 0 0 2 0 0
4530.5 10284.8 -152.3 13 0 7.4 12.0 7.5 0.0 0 1 3 0 0
4663.4 10288.1 -143.5 15 0 7.4 24.8 7.5 0.0 0 1 3 0 0
4589.0 10369.9 -145.2 13 0 12.6 38.8 28.0 0.0 0 1 8 3 3
4418.9 10307.4 -155.8 104 0 16.1 18.7 55.0 0.0 0 1 22 4 4
4603.7 10387.3 -142.9 194 0 31.0 32.5 5.0 0.0 0 1 2 1 1
4698.1 10373.7 -146.7 193 0 13.8 36.4 5.0 2.5 2 1 2 5 5
4647.1 10311.6 -141.9 104 0 14.1 44.6 10.0 0.0 0 1 4 2 2
4493.0 10323.0 -153.8 283 0 11.2 10.5 30.0 0.0 0 0 12 3 3
5875.7 10859.7 -138.8 309 0 16.8 7.2 3.5 0.0 0 0 1 3 3
5385.4 4763.7 -152.4 344 0 8.5 7.5 10.5 3.5 2 0 3 2 2
6631.8 8725.9 -138.4 319 0 13.6 10.9 7.0 3.5 4 0 2 1 1
3346.3 10481.2 -148.8 287 0 22.4 40.6 35.0 0.0 0 0 10 0 0
3386.2 10469.7 -149.9 285 0 21.3 39.7 35.0 0.0 0 0 10 0 0
3361.7 10378.7 -147.5 105 0 21.1 44.1 35.0 0.0 0 0 10 0 0
3660.1 10361.8 -148.5 147 0 23.1 17.9 73.5 0.0 0 0 21 1 1
3110.7 10344.5 -148.8 242 0 65.3 15.6 59.5 0.0 0 0 17 4 4
3584.2 10403.8 -153.7 149 0 16.1 17.9 73.5 0.0 0 1 21 4 4
3306.7 10383.3 -150.2 331 0 76.1 27.0 7.0 0.0 0 0 2 3 3
3296.3 10462.5 -154.5 15 0 41.3 119.4 17.5 0.0 0 0 5 5 5
3847.1 10231.1 -138.5 358 0 3.2 3.2 3.5 3.5 2 0 1 5 5
3196.7 9990.0 -142.3 179 0 26.3 17.1 10.5 0.0 0 0 3 5 5
3242.0 9977.0 -143.1 89 0 10.2 27.0 17.5 3.5 2 0 5 0 0
3196.3 10008.5 -142.5 179 0 10.8 53.8 21.0 0.0 0 0 6 4 4
3824.2 10704.6 -137.3 281 0 41.2 20.2 5.0 2.5 2 0 2 3 3
4525.9 10686.7 -143.2 175 0 10.5 20.9 7.0 3.5 2 1 2 0 0
4561.5 10528.1 -151.0 351 0 9.0 9.6 7.5 0.0 0 1 3 3 3
4526.2 10533.7 -150.6 260 0 6.0 13.6 7.5 0.0 0 1 3 3 3
4335.0 10410.9 -144.8 358 0 12.3 13.4 14.0 3.5 2 1 4 5 5
4039.5 10770.6 -140.5 296 0 8.2 14.9 10.5 3.5 2 1 3 1 1
4325.7 10582.2 -152.7 359 0 9.9 6.7 7.0 3.5 2 0 2 3 3
4512.5 10477.2 -149.3 351 0 7.4 16.3 7.0 3.5 2 1 2 5 5
4137.7 10535.0 -157.4 190 0 16.9 29.7 7.0 0.0 0 0 2 3 3
3974.0 10577.3 -143.4 12 0 22.9 7.5 3.5 3.5 2 0 1 4 4
4297.6 10652.3 -147.3 109 0 4.8 9.1 3.5 3.5 2 1 1 1 1
4252.6 10427.9 -146.4 2 0 12.2 29.1 10.5 3.5 2 1 3 0 0
3952.2 10590.2 -141.8 12 0 17.6 13.9 40.0 0.0 0 0 16 3 3
4042.1 10602.4 -145.8 281 0 12.8 16.3 30.0 0.0 0 1 12 0 0
4493.9 10529.7 -150.3 260 0 9.9 12.1 7.5 0.0 0 1 3 4 4
4471.0 10484.4 -147.2 350 0 12.3 14.1 35.0 0.0 0 1 14 2 2
3724.4 10618.6 -146.5 102 0 11.6 26.7 55.0 0.0 0 1 22 2 2
4034.3 10564.5 -146.5 101 0 9.4 19.7 7.5 0.0 0 1 3 1 1
3965.0 10626.8 -141.5 11 0 13.4 19.6 30.0 0.0 0 1 12 2 2
3781.8 10712.0 -138.8 281 0 11.9 15.6 47.5 0.0 0 1 19 3 3
3992.9 10563.4 -144.8 101 0 11.2 24.3 45.0 0.0 0 1 18 0 0
4174.2 10520.3 -157.0 101 0 17.2 24.8 17.5 0.0 0 1 5 1 1
3915.0 10625.3 -139.6 101 0 10.3 21.1 47.5 0.0 0 1 19 1 1
4676.8 10528.3 -148.7 260 0 10.0 20.1 40.0 0.0 0 1 16 0 0
3729.0 10715.5 -142.4 190 0 11.8 22.2 50.0 0.0 0 1 20 4 4
3747.4 10673.3 -143.3 281 0 13.4 19.7 52.5 0.0 0 1 21 0 0
3829.8 10702.4 -135.9 281 0 11.1 17.2 45.0 0.0 0 1 18 1 1
4010.9 10572.6 -145.5 11 0 32.9 28.8 5.0 0.0 0 0 2 3 3
4295.5 10515.2 -150.0 278 0 44.5 18.7 10.5 3.5 2 0 3 5 5
4007.1 10483.6 -149.2 235 0 4.2 4.8 3.5 3.5 2 1 1 4 4
3945.5 10630.9 -141.7 188 0 30.6 20.1 5.0 0.0 0 0 2 4 4
4193.1 10359.8 -147.4 92 0 6.0 4.3 3.5 3.5 2 0 1 0 0
4465.9 10468.7 -147.7 80 0 17.2 33.1 5.0 2.5 2 1 2 0 0
4024.3 10576.8 -146.9 191 0 20.5 25.3 5.0 2.5 2 1 2 5 5
4355.6 10433.3 -145.2 358 0 14.9 10.0 10.5 3.5 2 0 3 1 1
4469.9 10654.7 -144.8 270 0 23.4 12.4 14.0 3.5 2 0 4 0 0
3736.9 10689.4 -143.5 101 0 31.5 40.7 5.0 0.0 0 1 2 0 0
3928.4 10510.9 -147.7 16 0 6.3 49.9 3.5 3.5 4 1 1 0 0
3941.5 10493.0 -149.9 106 0 15.4 7.2 3.5 3.5 2 0 1 1 1
3930.3 10590.6 -142.2 191 0 32.1 25.7 5.0 0.0 0 0 2 3 3
3905.1 10595.8 -141.0 192 0 31.7 25.2 5.0 0.0 0 0 2 1 1
3741.6 10649.0 -145.1 101 0 47.6 25.1 5.0 0.0 0 0 2 2 2
4094.8 10425.1 -151.3 305 0 15.5 7.2 3.5 3.5 2 0 1 0 0
4345.1 10514.8 -147.8 279 0 48.9 32.1 5.0 0.0 0 0 2 2 2
3683.0 10632.9 -147.7 102 0 7.7 14.8 10.5 3.5 2 1 3 2 2
3907.0 10606.8 -139.4 11 0 31.3 39.3 7.0 0.0 0 1 2 4 4
3938.7 10457.8 -152.5 194 0 6.7 24.9 3.5 3.5 4 1 1 5 5
3751.1 10643.5 -147.0 282 0 26.4 30.4 5.0 0.0 0 1 2 1 1
3691.4 10721.8 -145.0 190 0 44.3 31.4 5.0 0.0 0 0 2 2 2
4223.3 10413.1 -146.3 181 0 12.0 20.7 14.0 3.5 4 1 4 1 1
4199.6 10411.9 -146.6 271 0 5.8 31.6 10.5 3.5 2 1 3 4 4
3782.1 10691.9 -139.3 101 0 36.4 20.4 5.0 0.0 0 0 2 3 3
-3764.8 1814.8 -143.3 351 0 7.0 7.4 10.5 3.5 2 1 3 3 3
-3733.5 1827.9 -143.9 254 0 7.5 12.5 10.5 0.0 0 0 3 5 5
-3735.5 1807.4 -143.5 161 0 7.4 12.7 10.5 0.0 0 0 3 0 0
-3801.0 1811.9 -142.8 262 0 9.2 6.8 10.5 3.5 2 0 3 5 5
-3968.7 1689.1 -111.5 336 0 81.2 49.9 14.0 0.0 0 0 4 0 0
-3936.6 1557.0 -106.4 65 0 43.1 41.0 14.0 0.0 0 0 4 0 0
-3910.6 1460.6 -104.0 157 0 17.1 49.1 10.0 2.5 2 1 4 2 2
-3852.9 1376.4 -124.8 82 0 25.3 47.3 12.5 0.0 0 1 5 4 4
-4031.6 1739.4 -108.4 246 0 43.6 20.6 14.0 0.0 0 0 4 1 1
-3941.5 1627.8 -109.0 336 0 38.9 49.4 14.0 0.0 0 1 4 3 3
-3839.3 1949.0 -147.1 200 0 8.2 14.6 10.5 0.0 0 1 3 5 5
-5489.2 1377.8 -95.6 89 0 26.2 51.6 17.5 0.0 0 1 5 5 5
-5168.0 2115.1 -136.6 227 0 29.9 26.5 14.0 0.0 0 0 4 2 2
-4617.6 1771.8 -120.5 295 0 58.3 57.7 14.0 0.0 0 0 4 1 1
-3765.9 2036.7 -151.3 259 0 36.6 11.6 14.0 3.5 2 0 4 3 3
-3321.1 1536.4 -155.8 349 0 48.5 107.6 10.5 0.0 0 0 3 5 5
-5389.8 1398.4 -92.8 89 0 35.8 60.4 17.5 0.0 0 1 5 2 2
-5530.1 1376.1 -97.3 89 0 25.8 51.1 17.5 0.0 0 1 5 2 2
-4665.8 1794.5 -120.8 295 0 48.3 57.5 14.0 0.0 0 0 4 4 4
-5531.6 1509.0 -92.5 269 0 25.6 64.9 17.5 0.0 0 1 5 2 2
-5571.0 1507.4 -97.3 269 0 25.8 65.0 17.5 0.0 0 1 5 5 5
-3651.4 2136.2 -151.6 259 0 15.7 69.9 14.0 3.5 2 1 4 1 1
-3846.5 1923.6 -146.5 189 0 9.7 17.8 10.5 0.0 0 1 3 4 4
-3813.4 2025.3 -148.1 16 0 55.0 12.5 14.0 3.5 2 0 4 2 2
-5492.6 1509.9 -92.3 269 0 25.7 65.0 17.5 0.0 0 1 5 2 2
-3721.2 2019.6 -151.2 350 0 26.9 10.0 10.5 3.5 2 0 3 5 5
-3749.2 1981.4 -151.1 79 0 49.1 45.8 14.0 0.0 0 0 4 4 4
-5180.8 1711.4 -128.9 137 0 100.3 85.6 14.0 0.0 0 0 4 4 4
-5101.5 2173.6 -137.4 226 0 30.6 20.9 14.0 0.0 0 0 4 0 0
-3714.2 2120.1 -151.0 169 0 12.5 52.4 14.0 0.0 0 1 4 0 0
-3314.5 1502.7 -156.1 349 0 20.5 93.0 10.5 0.0 0 0 3 2 2
-3831.6 1967.2 -147.3 199 0 5.8 10.4 10.5 0.0 0 1 3 3 3
-5604.1 1485.1 -100.7 179 0 41.2 7.9 10.5 3.5 2 0 3 5 5
-2537.5 12504.1 -160.0 105 0 20.8 18.8 14.0 3.5 2 0 4 4 4
114.3 12283.1 -151.6 0 0 5.8 10.2 7.5 0.0 0 1 3 3 3
115.0 12291.4 -151.3 0 0 5.8 10.2 7.5 2.5 2 1 3 2 2
6767.8 4560.4 -150.7 242 0 16.5 14.7 14.0 3.5 2 0 4 0 0
3253.4 4328.6 -107.7 226 0 36.5 54.5 14.0 0.0 0 1 4 1 1
6824.8 4572.3 -150.9 150 0 18.2 55.2 14.0 3.5 4 1 4 1 1
6713.3 4872.2 -151.0 61 0 74.4 42.3 10.5 0.0 0 0 3 4 4
341.8 12477.4 -149.8 56 0 14.1 25.7 30.0 0.0 0 1 12 1 1
454.8 12514.8 -150.1 54 0 15.4 30.2 30.0 0.0 0 1 12 2 2
356.8 12518.4 -149.8 236 0 14.0 25.7 30.0 0.0 0 1 12 5 5
414.0 12562.4 -149.9 233 0 15.1 30.2 30.0 0.0 0 1 12 4 4
337.2 12692.2 -154.1 324 0 26.2 19.9 42.0 0.0 0 0 12 1 1
341.1 12638.3 -152.5 13 0 17.4 34.0 42.0 0.0 0 1 12 0 0
404.7 12601.0 -149.6 323 0 17.2 31.5 30.0 0.0 0 1 12 2 2
448.3 12548.9 -150.2 324 0 62.9 31.3 5.0 0.0 0 0 2 5 5
75.9 12702.8 -155.6 56 0 7.4 41.8 7.0 3.5 2 1 2 1 1
4654.2 9857.4 -133.1 104 0 29.1 27.7 3.5 0.0 0 0 1 0 0
4625.2 10033.9 -152.4 283 0 62.4 33.3 5.0 0.0 0 0 2 1 1
1122.8 6985.0 -154.2 339 0 8.5 5.4 10.5 3.5 2 0 3 5 5
3243.9 11146.1 -141.5 142 0 16.0 12.9 17.5 3.5 2 0 5 3 3
3024.0 11165.1 -143.3 97 0 23.7 47.8 17.5 3.5 2 1 5 5 5
3075.1 11159.9 -139.8 97 0 23.7 47.8 17.5 0.0 0 1 5 3 3
3122.1 11162.6 -135.0 97 0 23.8 47.8 17.5 3.5 2 1 5 0 0
2924.9 11162.7 -148.1 96 0 43.2 43.7 17.5 0.0 0 1 5 0 0
2980.0 11160.5 -145.4 97 0 23.7 47.8 17.5 0.0 0 1 5 3 3
2725.1 10642.9 -152.3 281 0 22.0 24.7 17.5 0.0 0 1 5 0 0
2654.6 10648.4 -156.4 194 0 18.4 29.9 17.5 0.0 0 1 5 2 2
2903.3 10504.5 -140.8 281 0 22.0 24.7 17.5 0.0 0 1 5 2 2
2674.4 10527.0 -146.0 51 0 17.8 28.3 17.5 0.0 0 1 5 4 4
2677.1 10613.1 -150.4 195 0 18.8 27.2 17.5 0.0 0 1 5 3 3
2579.8 10605.8 -156.8 195 0 19.4 24.1 17.5 0.0 0 1 5 2 2
-5656.5 5407.9 -156.4 207 0 10.5 115.3 17.5 3.5 2 1 5 0 0
5289.6 9566.9 -140.9 179 0 33.4 90.1 17.5 0.0 0 1 5 0 0
5293.1 9599.2 -139.7 88 0 84.0 29.7 56.0 0.0 0 0 16 2 2
4533.4 9753.4 -136.8 15 0 32.8 26.2 42.0 0.0 0 0 12 4 4
4994.0 9860.2 -126.8 255 0 29.4 22.7 42.0 0.0 0 0 12 3 3
4965.9 9904.0 -128.1 255 0 33.9 27.2 17.5 0.0 0 0 5 3 3
5021.2 9918.2 -134.3 251 0 21.3 26.9 49.0 0.0 0 1 14 0 0
4924.1 9893.1 -124.8 254 0 13.4 27.2 21.0 0.0 0 0 6 3 3
4910.1 9886.0 -123.5 254 0 16.9 19.1 45.5 0.0 0 0 13 3 3
4778.8 9942.8 -140.3 193 0 17.2 44.9 31.5 0.0 0 0 9 3 3
4811.9 9983.1 -148.8 284 0 44.9 38.4 59.5 0.0 0 0 17 0 0
4732.1 9592.8 -136.9 275 0 21.0 36.1 24.5 0.0 0 1 7 1 1
4756.4 9602.9 -134.1 269 0 19.5 48.3 17.5 0.0 0 1 5 1 1
4472.6 9662.1 -122.2 358 0 65.1 24.3 45.5 0.0 0 0 13 3 3
4445.5 9615.2 -117.3 180 0 21.9 24.4 42.0 0.0 0 1 12 1 1
4571.4 9582.2 -137.5 268 0 42.7 28.4 28.0 0.0 0 0 8 5 5
4559.7 9654.1 -134.5 89 0 45.1 49.3 45.5 0.0 0 1 13 3 3
4569.1 9641.1 -139.1 178 0 18.3 16.9 42.0 0.0 0 0 12 4 4
4568.2 9614.5 -139.6 180 0 32.3 21.2 49.0 0.0 0 0 14 0 0
4308.7 9596.6 -109.0 99 0 45.7 45.6 52.5 0.0 0 0 15 5 5
4388.8 9663.1 -107.8 358 0 44.9 19.5 63.0 0.0 0 0 18 2 2
4390.1 9614.7 -110.4 358 0 45.6 19.2 59.5 0.0 0 0 17 0 0
4404.1 9635.8 -113.6 179 0 77.8 23.9 59.5 0.0 0 0 17 4 4
4401.7 9572.5 -121.0 272 0 23.8 30.9 52.5 0.0 0 1 15 2 2
4303.6 9558.8 -120.6 181 0 34.3 76.5 45.5 0.0 0 1 13 0 0
4134.7 9736.7 -100.1 170 0 23.7 38.7 52.5 0.0 0 1 15 4 4
4236.6 9765.4 -104.5 279 0 29.2 28.8 50.0 0.0 0 0 20 2 2
4263.0 9713.2 -119.7 99 0 29.1 28.8 50.0 0.0 0 0 20 2 2
4148.8 9590.8 -114.1 280 0 27.9 25.7 52.5 0.0 0 0 15 4 4
4188.0 9581.8 -107.8 279 0 39.5 21.1 42.0 0.0 0 0 12 1 1
4250.1 9571.2 -112.7 279 0 72.3 22.1 52.5 0.0 0 0 15 0 0
4576.7 9781.7 -133.6 106 0 33.1 49.9 42.5 0.0 0 1 17 2 2
4641.8 9832.9 -129.4 286 0 49.9 32.5 42.5 0.0 0 0 17 5 5
4696.6 9778.3 -122.3 15 0 49.7 35.7 42.5 0.0 0 0 17 4 4
-3372.6 12734.8 -149.2 296 0 6.0 10.7 10.5 3.5 2 1 3 3 3
-3218.2 12744.8 -145.0 118 0 6.8 19.5 10.5 3.5 2 1 3 3 3
-3338.7 12725.4 -148.5 296 0 10.6 6.1 10.5 3.5 2 0 3 5 5
4141.2 9592.9 -117.5 280 0 50.7 26.8 14.0 0.0 0 0 4 5 5
4187.5 9584.7 -108.8 280 0 43.8 27.4 14.0 0.0 0 0 4 0 0
4404.3 9574.4 -121.5 272 0 32.3 36.1 14.0 0.0 0 1 4 0 0
-5847.1 3701.4 -151.8 25 0 19.9 28.9 17.5 0.0 0 1 5 4 4
5191.0 9839.4 -145.6 207 0 9.5 18.6 10.5 3.5 2 1 3 3 3
5064.8 9555.2 -144.5 90 0 23.1 14.5 14.0 3.5 2 0 4 5 5
3145.7 11046.7 -149.5 186 0 34.0 37.4 17.5 0.0 0 1 5 5 5
2896.2 11244.3 -144.4 38 0 18.1 25.7 14.0 0.0 0 1 4 2 2
2875.2 11217.4 -145.6 41 0 18.6 24.7 14.0 0.0 0 1 4 4 4
2818.5 11224.7 -143.7 178 0 19.1 27.0 14.0 0.0 0 1 4 3 3
2793.7 11241.3 -139.6 138 0 19.4 24.0 14.0 0.0 0 1 4 3 3
2899.0 10921.9 -139.1 183 0 8.7 27.3 10.5 0.0 0 1 3 4 4
3045.3 10918.2 -142.1 160 0 24.0 69.1 17.5 0.0 0 1 5 5 5
6482.4 10962.4 -154.3 116 0 11.7 35.6 14.0 0.0 0 1 4 4 4
6541.8 11075.6 -145.6 194 0 23.8 17.9 14.0 3.5 2 0 4 4 4
6535.3 11043.3 -147.8 194 0 20.5 16.8 14.0 3.5 2 0 4 2 2
6510.3 11042.1 -146.0 103 0 15.2 21.1 10.5 3.5 2 1 3 1 1
6512.3 11088.2 -136.6 195 0 22.9 15.7 10.5 3.5 2 0 3 3 3
6462.7 11035.6 -142.3 329 0 11.3 21.6 5.0 2.5 2 1 2 3 3
6501.6 11017.3 -151.2 208 0 18.7 23.3 14.0 0.0 0 1 4 5 5
6179.5 10763.4 -144.0 199 0 18.1 16.2 10.5 0.0 0 0 3 1 1
6187.0 10790.4 -140.6 200 0 21.6 17.9 10.5 0.0 0 0 3 1 1
6239.8 10811.8 -144.6 226 0 21.6 18.0 10.5 0.0 0 0 3 0 0
6352.0 10893.6 -145.4 238 0 18.3 12.9 10.5 3.5 2 0 3 2 2
6491.8 11259.1 -118.2 312 0 11.5 24.5 12.5 2.5 2 1 5 5 5
6402.9 11128.4 -121.8 251 0 14.8 13.3 10.5 3.5 2 0 3 2 2
6745.4 11246.6 -147.7 247 0 14.4 17.2 14.0 3.5 2 1 4 0 0
6809.0 11450.9 -158.5 320 0 46.0 27.9 14.0 0.0 0 0 4 1 1
6531.7 11220.0 -120.9 46 0 13.6 19.5 14.0 0.0 0 1 4 4 4
6548.8 11246.1 -121.6 53 0 15.9 19.9 14.0 0.0 0 1 4 2 2
6572.3 11258.7 -122.8 69 0 13.4 18.0 14.0 0.0 0 1 4 2 2
6676.1 11046.1 -145.5 24 0 6.3 13.3 10.5 3.5 2 0 3 4 4
6664.4 11052.8 -144.9 25 0 9.3 6.9 10.5 3.5 2 0 3 3 3
6667.9 11061.0 -143.4 21 0 8.6 6.8 10.5 3.5 2 0 3 0 0
6671.5 11071.5 -140.5 19 0 7.5 6.4 10.5 3.5 2 0 3 4 4
6674.7 11082.6 -138.0 15 0 9.5 6.2 10.5 3.5 2 0 3 2 2
6682.6 11068.3 -141.4 16 0 7.5 11.6 10.5 3.5 2 0 3 2 2
6685.8 11079.8 -138.5 14 0 7.8 11.4 10.5 3.5 2 0 3 2 2
6677.2 11093.6 -137.4 6 0 7.6 6.6 10.5 3.5 2 0 3 5 5
6678.0 11105.7 -137.0 4 0 9.3 6.3 10.5 3.5 2 0 3 2 2
6687.7 11092.9 -138.0 4 0 7.7 10.5 10.5 3.5 2 0 3 5 5
6688.2 11105.6 -137.6 1 0 6.9 10.2 10.5 3.5 2 0 3 4 4
6679.2 11116.1 -136.8 359 0 7.0 7.3 10.5 0.0 0 0 3 0 0
6679.2 11127.2 -136.4 1 0 8.9 7.4 10.5 3.5 2 0 3 0 0
6689.6 11116.6 -137.3 357 0 6.9 10.4 10.5 3.5 2 0 3 2 2
6689.6 11127.6 -136.9 358 0 6.6 10.4 10.5 3.5 2 0 3 4 4
6679.3 11138.0 -135.4 358 0 7.3 8.0 10.5 3.5 2 0 3 5 5
6678.7 11149.7 -134.0 358 0 9.4 7.7 10.5 3.5 2 0 3 2 2
6691.3 11138.7 -136.5 357 0 7.1 12.0 10.5 3.5 2 0 3 2 2
6691.0 11150.2 -134.9 358 0 6.7 12.4 10.5 3.5 4 0 3 1 1
3649.8 10905.6 -137.9 324 0 12.5 26.1 12.5 0.0 0 1 5 3 3
108.5 12302.6 -151.2 270 0 8.0 6.8 7.5 2.5 2 0 3 3 3
2022.3 11138.7 -151.1 286 0 14.5 12.0 14.0 0.0 0 0 4 0 0
2428.8 9931.7 -145.7 181 0 7.6 8.5 10.5 3.5 2 1 3 3 3
542.3 12607.6 -153.0 319 0 11.2 22.5 7.5 0.0 0 1 3 0 0
473.7 12735.0 -152.1 144 0 15.9 25.8 10.0 0.0 0 1 4 3 3
530.8 12655.5 -154.4 52 0 11.4 7.8 7.5 2.5 2 0 3 0 0
525.8 12671.5 -154.1 323 0 13.8 8.1 7.5 2.5 2 0 3 2 2
875.6 12656.1 -149.2 132 0 12.9 25.3 17.5 0.0 0 1 5 3 3
853.3 12678.4 -149.3 215 0 13.9 25.0 17.5 0.0 0 1 5 5 5
849.6 12580.7 -150.4 178 0 13.6 19.0 17.5 0.0 0 1 5 4 4
848.3 12558.5 -150.3 178 0 13.6 19.0 17.5 0.0 0 1 5 1 1
853.3 12522.8 -150.3 90 0 11.0 22.1 17.5 0.0 0 1 5 3 3
863.0 12477.7 -151.1 359 0 14.1 15.6 17.5 0.0 0 1 5 0 0
891.2 12632.7 -149.0 277 0 10.9 19.6 17.5 0.0 0 1 5 4 4
875.0 12632.3 -149.9 276 0 10.8 19.6 17.5 0.0 0 1 5 0 0
976.1 12601.3 -145.5 236 0 12.1 21.2 17.5 0.0 0 1 5 2 2
988.5 12606.4 -144.9 208 0 12.4 20.2 17.5 0.0 0 1 5 4 4
969.1 12659.9 -144.4 103 0 14.8 19.5 17.5 0.0 0 1 5 4 4
955.6 12655.6 -145.6 76 0 14.7 19.5 17.5 0.0 0 1 5 2 2
997.9 12616.5 -144.5 182 0 12.8 19.9 17.5 0.0 0 1 5 0 0
983.4 12657.9 -144.0 131 0 14.8 19.5 17.5 0.0 0 1 5 3 3
1092.0 12650.0 -139.7 213 0 10.2 20.4 17.5 0.0 0 1 5 1 1
1145.2 12610.7 -137.1 34 0 12.9 23.5 17.5 0.0 0 1 5 2 2
1114.9 12572.4 -137.5 35 0 13.9 16.3 14.0 0.0 0 1 4 2 2
1127.6 12629.3 -137.0 1 0 12.1 23.7 17.5 0.0 0 1 5 2 2
1047.0 12564.7 -140.3 274 0 11.4 24.9 17.5 0.0 0 1 5 3 3
1086.0 12624.5 -138.1 274 0 11.4 24.9 17.5 0.0 0 1 5 1 1
1059.9 12584.7 -139.0 274 0 11.4 24.9 17.5 0.0 0 1 5 1 1
1073.0 12604.6 -137.7 274 0 11.3 24.9 17.5 0.0 0 1 5 5 5
2680.9 10433.2 -144.0 180 0 8.4 6.8 7.5 2.5 2 0 3 1 1
2682.4 10423.9 -146.4 180 0 10.2 5.3 7.5 2.5 2 0 3 1 1
3667.3 10938.5 -133.0 143 0 13.9 23.9 12.5 0.0 0 1 5 4 4
3645.7 10975.5 -137.9 143 0 13.9 23.9 10.0 0.0 0 1 4 5 5
3617.3 11005.7 -142.0 143 0 13.9 23.9 7.5 0.0 0 1 3 0 0
4005.4 10674.6 -141.9 117 0 5.4 12.3 10.5 3.5 2 1 3 1 1
3941.7 10706.6 -138.1 117 0 5.4 12.3 10.5 3.5 2 1 3 0 0
4036.4 10659.0 -142.9 117 0 5.4 12.3 10.5 3.5 4 1 3 5 5
3969.1 10708.7 -140.9 117 0 5.4 12.3 10.5 3.5 2 1 3 0 0
3967.9 10693.1 -141.5 117 0 5.4 12.3 10.5 3.5 2 1 3 1 1
4048.5 10669.9 -143.7 117 0 5.4 12.3 10.5 3.5 2 1 3 5 5
4010.0 10672.1 -142.0 117 0 5.4 12.3 10.5 3.5 2 1 3 4 4
4041.3 10656.3 -143.1 117 0 5.4 12.3 10.5 3.5 2 1 3 3 3
3953.3 10717.5 -139.2 117 0 5.4 12.3 10.5 3.5 2 1 3 4 4
4021.8 10683.0 -141.9 117 0 5.4 12.3 10.5 3.5 2 1 3 2 2
3974.1 10706.0 -141.0 117 0 5.4 12.3 10.5 3.5 2 1 3 0 0
4015.0 10669.5 -142.2 117 0 5.4 12.3 10.5 3.5 4 1 3 4 4
4058.6 10671.7 -144.2 27 0 12.3 5.4 10.5 3.5 2 0 3 5 5
3946.6 10704.2 -138.8 117 0 5.4 12.3 10.5 3.5 2 1 3 1 1
3972.8 10690.7 -141.6 117 0 5.4 12.3 10.5 3.5 2 1 3 0 0
3939.2 10731.7 -137.1 207 0 12.3 5.4 10.5 3.5 2 0 3 5 5
3943.8 10729.2 -137.8 207 0 12.3 5.4 10.5 3.5 2 0 3 2 2
4046.3 10653.9 -143.3 117 0 5.4 12.3 10.5 3.5 2 1 3 2 2
3962.9 10695.7 -141.0 117 0 5.4 12.3 10.5 3.5 2 1 3 0 0
4026.8 10680.6 -142.0 117 0 5.4 12.3 10.5 3.5 2 1 3 5 5
3932.4 10718.4 -136.8 207 0 12.3 5.4 10.5 3.5 2 0 3 2 2
3979.0 10703.7 -141.0 117 0 5.4 12.3 10.5 3.5 2 1 3 4 4
4031.7 10661.4 -142.8 117 0 5.4 12.3 10.5 3.5 2 1 3 5 5
3958.3 10698.2 -140.5 117 0 5.4 12.3 10.5 3.5 2 1 3 0 0
4038.9 10675.0 -142.5 117 0 5.4 12.3 10.5 3.5 2 1 3 4 4
4019.9 10667.1 -142.4 117 0 5.4 12.3 10.5 3.5 2 1 3 1 1
4043.5 10672.5 -143.1 117 0 5.4 12.3 10.5 3.5 2 1 3 2 2
3948.8 10726.6 -138.5 207 0 12.3 5.4 10.5 3.5 2 0 3 0 0
3936.7 10709.2 -137.4 117 0 5.4 12.3 10.5 3.5 2 1 3 0 0
4012.2 10688.1 -141.5 117 0 5.4 12.3 10.5 3.5 2 1 3 4 4
4016.9 10685.6 -141.7 117 0 5.4 12.3 10.5 3.5 2 1 3 3 3
3964.5 10711.2 -140.5 117 0 5.4 12.3 10.5 3.5 2 1 3 0 0
4034.2 10726.5 -141.5 27 0 12.3 5.4 10.5 3.5 2 0 3 4 4
3988.6 10724.0 -140.1 117 0 5.4 12.3 10.5 3.5 2 1 3 0 0
4063.0 10796.5 -135.5 297 0 5.4 12.3 10.5 3.5 2 1 3 1 1
4010.3 10760.4 -139.3 207 0 12.3 5.4 10.5 3.5 2 0 3 1 1
4000.7 10748.0 -139.6 297 0 5.4 12.3 10.5 0.0 0 1 3 2 2
4060.8 10713.4 -142.7 27 0 12.3 5.4 10.5 3.5 2 0 3 4 4
4040.5 10790.8 -138.2 297 0 5.4 12.3 10.5 3.5 4 1 3 2 2
3994.6 10783.8 -138.2 207 0 12.3 5.4 10.5 3.5 2 0 3 5 5
4040.1 10807.8 -136.6 297 0 5.4 12.3 10.5 3.5 2 1 3 3 3
4078.3 10758.5 -136.0 117 0 5.5 12.3 10.5 3.5 2 1 3 0 0
3958.0 10753.1 -138.1 297 0 5.4 12.3 10.5 3.5 4 1 3 5 5
4070.5 10708.3 -142.3 27 0 12.3 5.4 10.5 3.5 2 0 3 3 3
4031.7 10703.6 -141.8 117 0 5.4 12.3 10.5 3.5 2 1 3 2 2
4005.3 10762.8 -139.1 207 0 12.3 5.4 10.5 3.5 2 0 3 1 1
4073.2 10746.5 -138.5 27 0 12.3 5.4 10.5 3.5 2 0 3 0 0
4055.1 10754.6 -139.5 27 0 12.3 5.4 10.5 3.5 2 0 3 2 2
4041.9 10705.5 -142.3 27 0 12.3 5.4 10.5 0.0 0 0 3 4 4
4078.9 10771.8 -136.3 297 0 5.4 12.3 10.5 3.5 2 1 3 2 2
4048.8 10742.2 -141.2 27 0 12.3 5.4 10.5 3.5 2 0 3 2 2
3969.1 10757.0 -139.3 207 0 12.3 5.4 10.5 3.5 2 0 3 3 3
3983.7 10780.2 -138.5 297 0 5.4 12.3 10.5 0.0 0 1 3 5 5
4063.7 10701.4 -144.0 297 0 5.4 12.3 10.5 3.5 2 1 3 2 2
4076.0 10790.4 -134.9 297 0 5.4 12.3 10.5 0.0 0 1 3 3 3
4090.6 10783.1 -134.2 297 0 5.4 12.3 10.5 3.5 2 1 3 2 2
4047.6 10804.2 -136.2 297 0 5.4 12.3 10.5 3.5 2 1 3 4 4
4058.8 10704.1 -143.6 297 0 5.4 12.3 10.5 3.5 2 1 3 0 0
3979.1 10735.7 -140.0 207 0 12.3 5.4 10.5 0.0 0 0 3 1 1
4067.3 10740.7 -140.3 297 0 5.4 12.3 10.5 3.5 2 1 3 2 2
3962.9 10750.5 -138.9 297 0 5.4 12.3 10.5 3.5 2 1 3 0 0
3985.6 10748.8 -139.4 207 0 12.3 5.4 10.5 3.5 2 0 3 2 2
3993.3 10775.1 -138.6 297 0 5.4 12.3 10.5 3.5 2 1 3 1 1
4022.1 10708.8 -141.0 117 0 5.4 12.3 10.5 3.5 2 1 3 4 4
4030.6 10795.8 -138.6 297 0 5.4 12.3 10.5 3.5 2 1 3 0 0
4068.6 10699.0 -144.0 297 0 5.4 12.3 10.5 3.5 2 1 3 0 0
3999.6 10781.4 -138.4 207 0 12.3 5.4 10.5 3.5 2 0 3 4 4
4060.0 10752.3 -139.2 27 0 12.3 5.4 10.5 3.5 4 0 3 1 1
4065.5 10710.9 -142.5 27 0 12.3 5.4 10.5 3.5 2 0 3 2 2
4054.1 10746.5 -141.0 297 0 5.4 12.3 10.5 3.5 2 1 3 4 4
4056.0 10782.7 -137.4 297 0 5.4 12.3 10.5 3.5 2 1 3 5 5
3974.4 10738.2 -140.0 207 0 12.3 5.4 10.5 3.5 2 0 3 5 5
3980.9 10751.3 -139.4 207 0 12.3 5.4 10.5 3.5 2 0 3 4 4
4076.9 10735.6 -139.8 297 0 5.4 12.3 10.5 3.5 2 1 3 4 4
3988.3 10777.7 -138.5 297 0 5.4 12.3 10.5 3.5 2 1 3 5 5
4025.9 10798.3 -138.8 297 0 5.4 12.3 10.5 0.0 0 1 3 2 2
4043.8 10721.4 -142.0 27 0 12.3 5.4 10.5 3.5 2 0 3 1 1
4011.8 10775.2 -139.5 207 0 12.3 5.4 10.5 3.5 4 0 3 3 3
4069.3 10776.9 -136.7 297 0 5.4 12.3 10.5 3.5 2 1 3 4 4
4058.1 10798.9 -135.8 297 0 5.4 12.3 10.5 3.5 2 1 3 0 0
3983.7 10726.3 -140.1 117 0 5.4 12.3 10.5 3.5 2 1 3 5 5
4071.9 10738.2 -140.1 297 0 5.4 12.3 10.5 3.5 2 1 3 5 5
3967.9 10748.1 -139.4 297 0 5.4 12.3 10.5 3.5 2 1 3 1 1
3990.5 10746.2 -139.5 207 0 12.3 5.4 10.5 3.5 4 0 3 3 3
3998.2 10772.7 -138.7 297 0 5.4 12.3 10.5 3.5 2 1 3 5 5
4054.1 10706.5 -143.1 297 0 5.4 12.3 10.5 0.0 0 1 3 0 0
4035.6 10793.2 -138.4 297 0 5.4 12.3 10.5 3.5 2 1 3 0 0
4048.8 10719.0 -142.5 27 0 12.3 5.4 10.5 3.5 2 0 3 1 1
4034.3 10810.8 -136.9 297 0 5.4 12.3 10.5 3.5 2 1 3 4 4
3953.3 10755.6 -137.5 297 0 5.4 12.3 10.5 3.5 4 1 3 4 4
4026.8 10706.3 -141.2 117 0 5.4 12.3 10.5 3.5 2 1 3 4 4
4051.1 10785.1 -137.7 297 0 5.4 12.3 10.5 3.5 2 1 3 5 5
4075.4 10705.9 -142.1 27 0 12.3 5.4 10.5 3.5 2 0 3 4 4
4078.1 10744.1 -138.3 27 0 12.3 5.4 10.5 3.5 2 0 3 5 5
4081.8 10733.2 -139.6 297 0 5.4 12.3 10.5 3.5 4 1 3 3 3
4038.9 10724.0 -142.0 27 0 12.3 5.4 10.5 3.5 2 0 3 4 4
4016.7 10772.8 -139.5 207 0 12.3 5.4 10.5 3.5 2 0 3 5 5
4074.0 10774.4 -136.5 297 0 5.4 12.3 10.5 3.5 2 1 3 0 0
3964.1 10759.3 -138.9 207 0 12.3 5.4 10.5 3.5 2 0 3 4 4
2904.5 10827.4 -142.6 88 0 18.9 22.4 10.0 0.0 0 1 4 0 0
2219.8 11490.9 -149.0 0 0 8.7 28.3 10.5 0.0 0 1 3 4 4
2168.7 11393.6 -145.7 6 0 17.1 28.6 17.5 0.0 0 1 5 3 3
2052.6 11334.1 -147.3 105 0 14.4 29.5 17.5 0.0 0 1 5 5 5
1966.9 11319.6 -149.5 106 0 14.9 24.2 17.5 0.0 0 1 5 4 4
2088.3 11458.2 -147.5 71 0 14.8 24.2 17.5 0.0 0 1 5 4 4
1941.1 11327.4 -150.0 106 0 14.9 24.2 17.5 0.0 0 1 5 3 3
1915.3 11335.3 -150.6 106 0 14.9 24.2 17.5 0.0 0 1 5 2 2
2062.6 11449.9 -148.3 71 0 14.8 24.2 17.5 0.0 0 1 5 2 2
3145.5 10260.1 -145.8 173 0 11.9 19.0 10.5 3.5 2 1 3 1 1
3162.5 10276.2 -146.4 353 0 11.9 19.0 10.5 3.5 2 1 3 4 4
3139.7 10306.1 -147.9 173 0 11.9 19.0 10.5 3.5 2 1 3 2 2
3147.2 10246.3 -145.0 173 0 11.9 19.0 10.5 0.0 0 1 3 1 1
3137.6 10289.8 -147.5 173 0 16.8 26.2 14.0 3.5 2 1 4 2 2
3193.4 10239.4 -146.7 353 0 35.7 13.2 7.0 3.5 2 0 2 1 1
3163.8 10320.2 -148.6 313 0 3.6 4.4 7.0 3.5 2 1 2 2 2
3183.8 10321.8 -150.4 172 0 16.8 16.6 14.0 0.0 0 0 4 1 1
-2373.5 12788.5 -138.6 332 0 16.1 14.7 14.0 3.5 2 0 4 3 3
-1843.1 10531.5 -121.8 292 0 12.3 15.8 17.5 3.5 2 1 5 2 2
6677.0 10896.2 -162.6 214 0 30.4 37.9 14.0 0.0 0 1 4 5 5
-2915.9 11129.3 -162.4 343 0 37.3 10.6 17.5 3.5 2 0 5 0 0
-2864.8 11114.5 -153.6 340 0 26.9 10.1 14.0 3.5 2 0 4 5 5
-4444.4 12548.3 -157.4 304 0 6.5 9.8 5.0 2.5 2 1 2 1 1
-2906.8 11935.9 -151.2 142 0 9.3 4.4 10.5 0.0 0 0 3 3 3
-1699.2 12251.3 -157.3 164 0 12.2 5.3 7.5 2.5 2 0 3 5 5
-1682.5 12249.5 -157.4 75 0 5.3 12.2 7.5 2.5 2 1 3 3 3
-1360.4 12080.8 -161.9 196 0 9.0 5.0 12.0 3.5 4 0 3 2 2
-1168.8 12178.7 -158.6 221 0 7.0 9.3 7.5 2.5 2 1 3 0 0
-1185.7 12166.0 -158.3 146 0 9.0 7.0 5.0 2.5 2 0 2 2 2
-1191.8 12175.0 -158.1 146 0 9.0 7.0 5.0 2.5 2 0 2 4 4
-1127.4 12096.6 -159.2 43 0 36.0 16.9 10.0 2.5 2 0 4 4 4
-1097.4 12736.3 -158.6 267 0 23.3 34.6 14.0 0.0 0 1 4 0 0
-1151.3 12719.3 -158.7 178 0 36.1 27.7 14.0 0.0 0 0 4 2 2
112.1 12330.6 -150.3 146 0 12.9 9.7 12.0 3.5 2 0 3 5 5
511.7 12284.1 -149.2 5 0 34.7 25.3 14.0 0.0 0 0 4 3 3
535.6 12443.3 -149.1 323 0 60.7 14.4 21.0 0.0 0 0 6 4 4
564.8 12404.4 -148.0 322 0 13.3 22.5 21.0 0.0 0 1 6 1 1
468.6 12427.3 -150.3 320 1 12.7 12.9 17.5 3.5 2 1 5 3 3
443.3 12407.1 -150.6 151 0 11.5 12.6 14.0 3.5 2 1 4 3 3
760.8 12694.0 -149.7 177 0 20.1 9.1 5.0 2.5 2 0 2 1 1
1625.8 11630.3 -150.8 265 0 11.3 4.9 10.5 3.5 2 0 3 4 4
1525.5 11567.5 -151.7 271 0 7.9 10.8 5.0 2.5 2 1 2 1 1
1672.8 12514.5 -144.5 289 0 31.8 64.8 17.5 0.0 0 1 5 4 4
6805.5 11360.6 -157.3 225 0 16.6 14.5 14.0 3.5 2 0 4 1 1
6210.6 10731.4 -150.3 266 0 10.9 6.9 10.5 3.5 2 0 3 3 3
-3030.3 12168.8 -169.3 49 0 8.3 5.4 10.5 3.5 2 0 3 5 5
-2908.0 12195.7 -164.1 122 0 5.4 10.0 10.5 3.5 2 1 3 4 4
104.2 9077.5 -42.0 188 0 12.1 7.1 10.5 3.5 2 0 3 5 5
-129.2 8494.7 -131.9 147 0 3.5 3.0 10.5 3.5 2 0 3 1 1
-123.8 8497.9 -131.9 147 0 3.5 3.0 10.5 3.5 2 0 3 4 4
-115.8 8503.4 -132.0 327 0 3.5 3.0 10.5 3.5 2 0 3 2 2
-191.8 8578.4 -133.4 340 0 3.5 3.0 10.5 3.5 2 0 3 2 2
-857.1 11928.1 -157.3 333 0 30.7 98.6 14.0 0.0 0 1 4 2 2
-1291.8 12238.4 -158.9 302 0 8.5 7.6 10.5 3.5 2 0 3 2 2
-1307.8 12243.8 -158.9 212 0 7.6 8.5 10.5 3.5 2 1 3 0 0
-1234.7 12206.1 -158.2 38 0 9.2 18.4 7.5 2.5 2 1 3 0 0
-1350.4 12174.8 -160.3 93 0 9.0 10.9 3.5 3.5 2 1 1 3 3
-1363.0 12244.6 -159.6 191 0 20.0 10.6 14.0 3.5 2 0 4 3 3
-2298.6 11956.9 -157.3 334 0 20.6 19.3 17.5 3.5 2 0 5 4 4
-2435.6 11768.0 -162.4 349 0 13.5 10.8 16.0 0.0 0 0 4 1 1
-3002.8 11523.4 -151.4 275 0 28.2 10.8 10.0 2.5 2 0 4 4 4
-2988.1 11528.6 -150.0 5 0 10.8 28.2 12.5 2.5 2 1 5 3 3
-3040.0 11518.6 -150.9 101 0 27.5 10.9 15.0 0.0 0 0 6 5 5
-3083.3 11532.6 -150.2 190 0 10.3 29.2 10.0 2.5 2 1 4 1 1
-3043.3 11540.6 -149.2 281 0 7.4 9.1 2.5 0.0 0 1 1 1 1
-3052.5 11538.0 -148.9 11 0 9.6 17.2 5.0 2.5 2 1 2 3 3
-3104.2 11530.8 -150.7 91 1 10.7 20.6 14.0 3.5 2 1 4 0 0
-3082.1 11574.4 -145.1 348 0 10.5 14.9 5.0 2.5 2 1 2 1 1
-3070.8 12145.0 -168.3 119 0 8.7 7.1 5.0 2.5 4 0 2 0 0
-3103.4 12078.7 -166.3 139 0 7.9 7.9 7.5 2.5 2 1 3 3 3
-3105.9 12091.8 -168.6 317 0 10.6 5.6 7.5 2.5 2 0 3 2 2
-3394.4 11811.7 -151.8 69 0 37.3 93.3 10.0 0.0 0 1 4 4 4
-3390.1 11658.7 -154.4 24 0 17.4 25.4 14.0 3.5 4 1 4 5 5
-3484.8 11810.6 -146.0 201 0 47.6 26.5 12.5 0.0 0 0 5 3 3
-3599.6 11823.3 -143.1 258 0 15.2 30.7 10.0 2.5 2 1 4 5 5
1439.2 7313.6 -125.9 110 0 10.3 31.0 10.5 3.5 2 1 3 0 0
1384.8 7445.1 -124.7 214 0 10.5 46.9 10.5 3.5 2 1 3 1 1
1395.5 7461.4 -124.2 215 0 10.8 45.9 10.5 3.5 4 1 3 0 0
1365.1 7420.9 -125.6 121 0 9.5 23.8 10.5 3.5 2 1 3 3 3
1421.7 7355.6 -124.9 147 0 26.4 13.4 10.5 3.5 2 0 3 0 0
1454.5 7487.8 -111.5 359 0 8.2 13.2 10.5 3.5 2 1 3 5 5
1467.1 7429.0 -122.4 265 0 10.4 22.8 10.5 3.5 2 1 3 1 1
1407.6 7382.8 -125.5 146 0 9.6 9.3 10.5 3.5 2 0 3 0 0
1483.4 7282.0 -125.6 81 0 5.1 15.9 10.5 3.5 2 1 3 1 1
1354.6 7348.7 -129.9 26 0 5.5 7.5 10.5 3.5 2 1 3 4 4
1343.7 7344.8 -131.1 27 0 3.4 5.9 10.5 3.5 4 1 3 4 4
1510.7 7365.0 -120.0 48 0 4.2 5.4 10.5 3.5 2 1 3 3 3
1448.9 7297.3 -126.9 111 0 9.6 5.2 10.5 3.5 2 0 3 3 3
1473.0 7393.4 -122.3 358 0 6.3 8.1 10.5 3.5 2 1 3 2 2
6551.0 11898.8 -98.0 150 0 7.2 12.3 10.5 0.0 0 1 3 1 1
6633.6 11628.3 -137.6 323 0 8.6 4.6 10.5 3.5 2 0 3 3 3
6663.3 11586.6 -137.3 227 0 5.1 11.5 10.5 3.5 2 1 3 5 5
5000.2 9485.3 -139.3 180 0 18.3 14.5 14.0 3.5 2 0 4 4 4
2566.9 10267.7 -153.0 211 0 3.9 10.2 3.5 3.5 2 1 1 1 1
4666.8 9066.3 -117.8 29 0 6.3 11.3 10.5 3.5 2 1 3 5 5
4664.2 9073.9 -119.2 115 0 10.8 5.8 10.5 3.5 2 0 3 2 2
4669.6 9084.8 -120.4 295 0 10.8 5.8 10.5 3.5 2 0 3 0 0
4678.0 9094.7 -121.4 256 0 6.2 11.7 10.5 3.5 2 1 3 2 2
5057.1 9508.2 -142.1 270 0 11.6 34.5 14.0 3.5 2 1 4 2 2
5042.6 9474.0 -139.3 89 0 10.5 11.4 14.0 3.5 2 1 4 4 4
5033.4 9495.6 -140.3 271 0 24.3 9.2 10.5 3.5 2 0 3 4 4
5043.4 9507.1 -141.6 270 0 11.5 9.2 10.5 3.5 2 0 3 4 4
5030.4 9507.3 -141.4 271 0 9.8 7.1 10.5 3.5 2 0 3 0 0
5028.1 9472.0 -139.0 90 0 10.9 14.0 14.0 3.5 2 1 4 5 5
1985.9 11257.3 -150.0 2 0 15.6 34.9 14.0 3.5 2 1 4 0 0
6901.0 12758.9 -160.0 69 0 13.0 32.5 14.0 0.0 0 1 4 0 0
6883.9 12807.0 -160.3 187 0 20.6 22.4 14.0 0.0 0 1 4 5 5
6906.0 12846.6 -160.6 241 0 18.7 27.4 14.0 0.0 0 1 4 2 2
2782.7 10833.5 -150.7 335 0 14.3 22.5 17.5 3.5 2 0 5 3 3
2763.3 10821.7 -153.8 336 0 9.2 19.4 10.5 3.5 2 0 3 3 3
3543.1 10181.1 -149.8 4 0 23.6 10.5 14.0 3.5 2 0 4 5 5
3472.9 10214.1 -150.6 274 0 25.9 16.8 14.0 3.5 2 0 4 3 3
3458.1 10186.8 -149.6 184 0 22.9 17.6 14.0 0.0 0 0 4 5 5
3480.6 10164.2 -148.6 348 0 13.9 17.2 14.0 3.5 2 1 4 3 3
3486.6 10143.8 -149.0 5 0 21.3 4.7 10.5 3.5 2 0 3 2 2
3482.0 10144.2 -148.9 5 0 19.4 7.0 10.5 3.5 2 0 3 3 3
3472.9 10144.8 -148.7 5 0 19.4 7.0 10.5 3.5 2 0 3 5 5
3488.2 10119.7 -149.5 18 0 19.0 16.9 14.0 3.5 2 0 4 1 1
3457.7 10148.8 -148.5 185 0 12.9 7.6 10.5 3.5 2 0 3 5 5
3449.8 10148.3 -148.3 185 0 10.4 7.8 10.5 3.5 2 0 3 1 1
-5064.8 3429.6 -150.7 101 0 48.5 15.5 17.5 3.5 2 0 5 5 5
-4987.4 3421.6 -151.8 12 0 14.3 46.4 17.5 3.5 2 1 5 4 4
-5140.7 3513.9 -150.0 279 0 9.7 11.9 10.5 3.5 2 1 3 4 4
-5128.8 3511.3 -150.1 281 0 8.5 11.2 10.5 0.0 0 1 3 0 0
-5117.2 3508.5 -150.1 281 0 8.1 11.1 10.5 3.5 2 1 3 1 1
-5105.4 3506.0 -150.2 281 0 8.8 12.6 10.5 3.5 2 1 3 0 0
-5093.9 3504.0 -150.3 282 0 9.3 13.3 10.5 3.5 2 1 3 4 4
-5076.8 3461.7 -150.3 99 0 7.6 14.0 10.5 3.5 2 1 3 4 4
-5065.2 3459.6 -150.6 99 0 8.6 14.0 10.5 3.5 2 1 3 2 2
-5050.9 3458.2 -150.9 98 0 7.9 13.3 10.5 3.5 2 1 3 5 5
-5039.7 3456.4 -151.2 100 0 8.8 12.9 10.5 3.5 2 1 3 5 5
-5025.8 3455.2 -151.5 98 0 9.4 14.6 10.5 3.5 2 1 3 3 3
-5013.5 3452.8 -151.7 102 0 8.8 13.2 10.5 3.5 2 1 3 3 3
-5000.7 3451.6 -152.0 99 1 10.4 12.8 14.0 3.5 2 1 4 2 2
-4987.6 3450.1 -152.3 102 1 10.1 12.7 14.0 3.5 2 1 4 3 3
-4973.7 3447.8 -152.6 100 0 9.7 12.3 10.5 3.5 2 1 3 1 1
-4961.8 3447.3 -152.9 100 0 8.0 14.6 10.5 3.5 2 1 3 4 4
-5435.7 4255.1 -153.4 141 0 119.1 19.8 17.5 0.0 0 0 5 5 5
-5545.0 4233.8 -153.6 141 0 151.7 21.8 14.0 0.0 0 0 4 4 4
-5291.5 4285.6 -154.5 143 0 78.4 20.8 14.0 0.0 0 0 4 2 2
-5628.6 4433.9 -153.2 183 0 14.2 12.7 14.0 3.5 4 0 4 0 0
-5687.6 4532.9 -155.2 182 0 27.8 14.4 14.0 0.0 0 0 4 1 1
-5688.3 4498.7 -154.9 184 0 27.3 13.2 14.0 0.0 0 0 4 2 2
-5696.4 4465.6 -152.9 182 0 28.3 13.9 14.0 0.0 0 0 4 3 3
-5693.9 4410.0 -149.6 183 0 26.8 14.1 14.0 3.5 2 0 4 2 2
-5696.3 4375.9 -148.3 184 0 27.6 13.5 14.0 3.5 2 0 4 0 0
-5647.5 4262.0 -152.9 143 0 83.5 18.5 14.0 3.5 2 0 4 4 4
-5692.7 4320.3 -150.7 274 0 15.4 102.3 14.0 3.5 2 1 4 4 4
-5524.4 3812.9 -147.6 59 0 12.8 30.1 14.0 3.5 4 1 4 4 4
-5560.6 3871.8 -147.8 239 0 12.8 30.1 14.0 3.5 2 1 4 4 4
-5567.4 3881.0 -146.0 59 0 12.8 30.1 14.0 3.5 2 1 4 4 4
-5593.7 3934.7 -146.3 329 0 30.1 12.8 14.0 3.5 2 0 4 3 3
-5618.6 3973.7 -146.6 329 0 30.1 12.8 14.0 3.5 4 0 4 2 2
1644.9 11423.0 -154.2 41 0 5.9 13.9 7.0 3.5 2 1 2 2 2
-6778.0 4403.4 -145.6 279 0 64.3 25.6 14.0 0.0 0 0 4 3 3
-6477.6 4234.2 -147.2 359 0 28.1 18.8 17.5 3.5 2 0 5 2 2
-6492.4 4218.7 -145.7 328 0 4.2 9.4 10.5 3.5 2 0 3 1 1
-6453.1 4105.4 -141.4 126 0 25.3 16.1 17.5 3.5 2 0 5 1 1
-6418.5 4112.0 -141.8 307 0 6.0 12.6 10.5 3.5 2 1 3 0 0
-4993.4 3488.4 -152.5 282 0 8.2 15.7 10.5 3.5 4 1 3 5 5
-5006.8 3490.3 -152.2 282 0 8.2 15.7 10.5 0.0 0 1 3 5 5
-4954.4 3484.4 -153.3 282 0 8.2 15.7 10.5 3.5 2 1 3 1 1
-4968.9 3484.7 -153.0 282 0 8.2 15.7 10.5 3.5 2 1 3 3 3
-4981.1 3486.1 -152.7 282 0 8.2 15.7 10.5 3.5 2 1 3 4 4
-5019.6 3491.5 -151.9 282 0 8.2 15.7 10.5 3.5 2 1 3 2 2
-5032.8 3493.0 -151.6 282 0 8.2 15.7 10.5 3.5 2 1 3 4 4
-5045.2 3495.3 -151.3 282 0 8.2 15.7 10.5 3.5 4 1 3 4 4
-5058.2 3497.3 -151.0 282 0 8.2 15.7 10.5 3.5 2 1 3 2 2
-5270.9 3578.5 -140.3 282 0 8.2 15.7 10.5 3.5 2 1 3 0 0
-5257.7 3575.6 -143.3 282 0 8.2 15.7 10.5 0.0 0 1 3 2 2
-5243.8 3571.2 -146.5 282 0 8.2 15.7 10.5 0.0 0 1 3 2 2
-5231.0 3568.2 -149.4 282 0 8.2 15.7 10.5 3.5 2 1 3 1 1
-5217.9 3564.6 -150.4 282 0 8.2 15.7 10.5 3.5 2 1 3 0 0
-5204.7 3560.8 -150.4 282 0 8.2 15.7 10.5 3.5 2 1 3 2 2
-5190.1 3557.5 -150.5 282 0 8.2 15.7 10.5 3.5 2 1 3 2 2
-5175.6 3553.7 -150.6 282 0 8.2 15.7 10.5 3.5 2 1 3 3 3
-5162.5 3549.8 -150.7 282 0 8.2 15.7 10.5 3.5 4 1 3 3 3
-5133.8 3542.3 -150.8 282 0 8.2 15.7 10.5 3.5 2 1 3 1 1
-5119.9 3539.3 -150.9 282 0 8.2 15.7 10.5 3.5 2 1 3 1 1
-5103.8 3535.7 -151.0 282 0 8.2 15.7 10.5 3.5 2 1 3 2 2
-5089.9 3532.3 -151.1 282 0 8.2 15.7 10.5 3.5 2 1 3 2 2
-5066.0 3528.9 -151.3 282 0 8.2 15.7 10.5 3.5 2 1 3 4 4
-5054.3 3526.3 -151.5 282 0 8.2 15.7 10.5 0.0 0 1 3 0 0
-5041.6 3524.8 -151.8 282 0 8.2 15.7 10.5 3.5 4 1 3 1 1
-5028.4 3523.0 -152.1 282 0 8.2 15.7 10.5 3.5 2 1 3 5 5
-5016.0 3520.3 -152.3 282 0 8.2 15.7 10.5 3.5 2 1 3 2 2
-5002.3 3517.3 -152.6 282 0 8.2 15.7 10.5 3.5 2 1 3 1 1
-4989.3 3517.3 -152.9 282 0 8.2 15.7 10.5 3.5 2 1 3 0 0
-4977.6 3515.9 -153.2 282 0 8.2 15.7 10.5 3.5 2 1 3 1 1
-4964.8 3516.0 -153.5 282 0 8.2 15.7 10.5 3.5 2 1 3 4 4
-4952.0 3519.3 -153.7 282 0 8.2 15.7 10.5 3.5 2 1 3 4 4
-4938.5 3521.7 -153.6 282 0 8.2 15.7 10.5 3.5 2 1 3 1 1
-4927.1 3525.4 -153.2 282 0 8.2 15.7 10.5 3.5 2 1 3 0 0
-4913.4 3532.1 -152.7 282 0 8.2 15.7 10.5 3.5 4 1 3 4 4
-5301.6 3550.0 -133.7 192 0 15.7 8.2 10.5 3.5 2 0 3 0 0
-5283.4 3553.8 -136.6 282 0 8.2 15.7 10.5 3.5 2 1 3 4 4
-5239.9 3543.2 -146.6 282 0 8.2 15.7 10.5 3.5 2 1 3 4 4
-5227.7 3539.2 -149.4 282 0 8.2 15.7 10.5 3.5 4 1 3 1 1
-5216.5 3536.4 -149.7 282 0 8.2 15.7 10.5 3.5 4 1 3 0 0
-5205.2 3533.5 -149.7 282 0 8.2 15.7 10.5 0.0 0 1 3 3 3
-5193.4 3530.5 -149.8 282 0 8.2 15.7 10.5 3.5 2 1 3 0 0
-5183.2 3527.1 -149.8 282 0 8.2 15.7 10.5 3.5 4 1 3 2 2
-5171.2 3524.6 -149.9 282 0 8.2 15.7 10.5 3.5 2 1 3 1 1
-6493.0 4084.9 -138.1 306 0 42.6 97.0 14.0 0.0 0 1 4 2 2
-6559.3 4136.4 -139.0 306 0 42.7 101.0 14.0 0.0 0 1 4 4 4
-6625.8 4186.9 -141.0 312 0 61.2 96.6 14.0 0.0 0 1 4 3 3
-6790.1 4105.0 -134.0 297 0 67.6 27.5 17.5 0.0 0 0 5 5 5
-6747.3 3833.4 -138.3 125 0 44.8 90.9 17.5 0.0 0 1 5 3 3
-6657.7 4017.2 -137.2 305 0 43.0 96.0 17.5 0.0 0 1 5 4 4
-6618.2 3953.8 -135.7 35 0 20.2 15.7 17.5 3.5 2 0 5 1 1
-6610.4 3990.3 -133.6 304 0 11.1 17.1 17.5 3.5 2 1 5 3 3
-6112.1 3443.3 -149.4 130 0 14.9 64.3 15.0 0.0 0 1 6 2 2
-6042.1 3428.0 -151.7 119 0 14.9 64.3 10.0 2.5 2 1 4 0 0
-5967.9 3431.3 -150.7 109 0 14.9 64.4 10.0 2.5 2 1 4 5 5
-5920.4 3556.4 -153.0 25 0 35.6 36.2 17.5 0.0 0 1 5 5 5
-6082.1 3686.7 -147.9 273 0 14.7 71.9 17.5 0.0 0 1 7 0 0
-5874.5 3316.7 -140.9 329 0 16.8 24.0 17.5 3.5 2 1 5 3 3
-5892.2 3285.4 -139.9 239 0 24.0 16.8 17.5 3.5 2 0 5 3 3
-5927.3 3222.5 -133.6 149 0 16.8 24.0 17.5 3.5 2 1 5 3 3
-5977.6 3181.8 -122.1 239 0 24.0 16.8 17.5 3.5 2 0 5 2 2
-5950.6 3151.4 -115.3 329 0 16.8 24.0 17.5 3.5 2 1 5 0 0
-5930.9 3185.8 -124.2 59 0 24.0 16.8 17.5 3.5 2 0 5 1 1
-5911.7 3182.1 -121.6 149 0 16.8 24.0 17.5 3.5 2 1 5 2 2
-5848.3 3210.7 -136.4 59 0 24.0 16.8 17.5 3.5 2 0 5 5 5
-5851.1 3309.6 -140.8 293 0 24.0 16.8 17.5 0.0 0 0 5 5 5
-5822.3 3298.6 -140.4 293 0 24.0 16.8 17.5 3.5 2 0 5 0 0
-5809.5 3258.8 -138.7 11 0 24.1 16.7 17.5 3.5 2 0 5 2 2
-5915.5 3271.2 -139.2 281 0 16.7 24.1 17.5 3.5 2 1 5 0 0
-5868.5 3194.9 -128.6 46 0 24.0 16.8 17.5 3.5 2 0 5 5 5
-5819.0 3223.6 -137.1 46 0 24.0 16.8 17.5 3.5 2 0 5 1 1
3067.4 10923.2 -139.7 170 0 15.6 22.9 17.5 3.5 2 1 5 5 5
3137.5 10901.6 -145.6 66 0 11.1 9.7 10.5 3.5 2 0 3 0 0
3105.4 10812.6 -150.4 12 0 19.4 10.5 17.5 3.5 2 0 5 2 2
3101.1 10794.4 -152.3 13 0 9.1 10.4 10.5 0.0 0 1 3 1 1
349.3 12390.9 -150.8 10 0 11.3 10.8 2.5 2.5 2 0 1 4 4
874.1 12779.3 -145.1 265 0 13.5 13.6 7.5 0.0 0 1 3 2 2
470.2 12236.1 -150.3 197 0 14.9 26.6 21.0 0.0 0 1 6 2 2
467.3 12380.2 -149.4 141 0 9.8 13.0 10.5 3.5 2 0 3 3 3
505.0 12327.3 -147.5 144 0 10.7 13.6 10.5 3.5 2 0 3 5 5
513.9 12314.9 -147.7 143 0 10.3 13.8 10.5 3.5 2 0 3 5 5
549.2 12220.9 -149.9 102 0 7.0 14.6 10.5 3.5 2 0 3 4 4
2954.8 10792.5 -144.6 288 0 34.9 19.8 17.5 0.0 0 0 5 5 5
2992.7 10779.9 -145.1 288 0 8.0 16.1 10.5 3.5 2 1 3 0 0
5628.7 9274.6 -143.8 16 0 27.8 29.9 14.0 3.5 2 1 4 5 5
2982.2 10082.5 -141.2 126 0 25.0 26.7 14.0 0.0 0 1 4 5 5
2964.3 10145.1 -143.4 314 0 72.7 36.4 14.0 0.0 0 0 4 2 2
3200.3 10155.4 -144.7 207 0 6.3 10.8 10.5 0.0 0 1 3 0 0
3209.0 10182.6 -145.5 207 0 6.3 10.8 10.5 0.0 0 1 3 3 3
3204.5 10168.0 -145.3 197 0 17.9 10.0 14.0 3.5 2 0 4 0 0
-5604.4 3632.1 -145.3 191 0 5.2 4.3 10.5 3.5 2 0 3 5 5
-5910.6 4030.1 -147.5 352 0 32.9 37.0 17.5 0.0 0 1 5 4 4
3018.0 11498.3 -94.1 219 0 6.5 8.6 10.5 3.5 2 1 3 2 2
3370.8 11350.3 -111.4 161 0 9.3 11.9 10.5 3.5 2 1 3 1 1
3452.5 11335.1 -104.4 247 0 6.8 7.4 10.5 3.5 2 1 3 4 4
2650.1 11720.1 -145.9 142 0 11.6 12.0 17.5 3.5 2 1 5 5 5
2227.6 12459.5 -80.6 279 0 9.9 23.4 10.5 3.5 2 1 3 5 5
-6749.6 4462.7 -147.8 99 0 95.7 6.5 10.5 3.5 2 0 3 0 0
-6045.8 721.3 -108.7 63 0 77.9 16.6 17.5 3.5 2 0 5 5 5
-5863.8 952.5 -98.9 339 0 80.2 16.3 17.5 3.5 2 0 5 5 5
-5899.1 846.5 -86.5 31 0 79.7 15.4 17.5 3.5 2 0 5 0 0
-6014.1 755.9 -92.2 143 0 15.6 82.3 17.5 3.5 2 1 5 1 1
-5915.1 928.6 -100.9 297 0 17.9 42.6 17.5 3.5 2 1 5 1 1
-5962.1 872.0 -97.8 222 0 49.9 17.1 17.5 3.5 2 0 5 4 4
-5998.7 831.6 -95.5 223 0 41.8 18.6 17.5 3.5 2 0 5 3 3
-6042.2 790.9 -98.1 221 0 53.8 12.0 17.5 3.5 2 0 5 1 1
-5031.5 3707.2 -154.2 245 0 10.1 20.9 14.0 0.0 0 0 4 5 5
-5232.2 3801.2 -154.4 327 0 14.7 17.9 17.5 3.5 2 1 5 1 1
-5256.5 3774.0 -154.4 44 0 16.4 14.8 17.5 3.5 2 0 5 2 2
-5277.8 3749.1 -154.1 40 0 33.9 15.2 17.5 0.0 0 0 5 3 3
-5307.2 3721.3 -150.1 45 0 18.9 15.0 17.5 3.5 2 0 5 1 1
-3180.7 11375.7 -156.5 127 0 26.6 21.5 12.5 2.5 2 0 5 3 3
3992.9 4386.8 -145.0 75 0 15.4 23.2 3.5 3.5 2 1 1 1 1
3906.5 10638.4 -141.0 190 0 29.8 39.5 10.0 0.0 0 1 4 5 5
3975.4 10624.5 -142.2 191 0 26.5 10.1 7.5 2.5 2 0 3 3 3
3852.6 10663.5 -137.7 190 0 48.9 47.1 10.5 0.0 0 0 3 2 2
-6318.9 3656.6 -140.5 24 0 78.7 36.1 17.5 0.0 0 0 5 1 1
-5980.4 3907.6 -147.6 247 0 7.4 33.7 10.5 3.5 2 1 3 1 1
-6002.2 3892.1 -147.0 247 0 7.4 33.7 10.5 3.5 2 1 3 5 5
-5958.1 3922.0 -148.3 247 0 7.4 33.7 10.5 3.5 2 1 3 0 0
-6027.8 3889.8 -146.0 265 0 6.8 33.9 10.5 3.5 4 1 3 4 4
-6049.6 3860.1 -145.2 83 0 7.4 35.2 10.5 3.5 2 1 3 5 5
-6075.3 3869.6 -144.7 83 0 7.7 34.5 10.5 3.5 2 1 3 5 5
-6070.3 3743.8 -145.4 115 0 8.8 28.4 10.5 3.5 2 1 3 1 1
-6029.2 3750.6 -145.9 26 0 10.9 13.9 17.5 3.5 4 0 5 0 0
-5939.4 3850.1 -148.6 64 0 14.1 12.2 17.5 3.5 2 0 5 3 3
-5985.6 3956.9 -146.9 353 0 33.9 8.3 10.5 3.5 2 0 3 0 0
-6012.4 3936.1 -146.2 82 0 8.8 35.0 10.5 3.5 2 1 3 3 3
-5298.0 3023.4 -132.7 199 0 17.0 14.0 14.0 3.5 2 0 4 4 4
-5329.8 3000.4 -130.2 18 0 13.9 13.5 17.5 3.5 4 0 5 4 4
-5321.5 3022.9 -130.1 18 0 13.9 13.5 17.5 0.0 0 0 5 1 1
-5313.4 3044.7 -131.5 18 0 13.9 13.5 17.5 3.5 2 0 5 5 5
-5305.9 3068.9 -133.6 18 0 13.9 13.5 17.5 3.5 2 0 5 1 1
-5361.0 3014.5 -127.7 18 0 13.9 13.5 17.5 3.5 2 0 5 0 0
-5383.1 2977.9 -126.8 108 0 13.5 13.9 17.5 3.5 2 1 5 3 3
-5389.1 2954.0 -124.9 108 0 13.6 13.9 17.5 3.5 2 1 5 5 5
-5417.3 2966.6 -117.7 108 0 13.5 13.9 17.5 3.5 2 1 5 2 2
-5410.5 2987.1 -119.7 108 0 13.5 13.9 17.5 3.5 2 1 5 4 4
-5346.3 2967.5 -130.1 18 0 13.9 13.6 17.5 3.5 2 0 5 3 3
-5397.0 3031.1 -123.1 288 0 13.6 13.9 17.5 3.5 2 1 5 5 5
-5388.6 3052.2 -125.0 288 0 13.5 13.9 17.5 3.5 2 1 5 4 4
-5312.8 3172.6 -139.4 270 0 9.0 17.0 10.5 3.5 2 1 3 1 1
-4905.9 3296.9 -151.4 289 0 17.9 13.0 17.5 3.5 2 0 5 5 5
-4885.0 492.9 -143.4 263 0 9.9 23.5 10.5 3.5 2 0 3 2 2
-4906.8 398.9 -135.7 267 0 9.2 23.6 10.5 3.5 2 0 3 3 3
-4927.8 456.4 -139.2 172 0 78.5 6.0 10.5 3.5 2 0 3 4 4
-4913.7 498.6 -143.0 263 0 28.3 9.1 10.5 3.5 2 0 3 5 5
-4890.5 462.9 -142.8 171 0 11.2 4.5 10.5 3.5 2 0 3 1 1
-4968.0 831.8 -142.9 27 0 16.8 14.9 14.0 3.5 2 0 4 2 2
-4960.0 847.8 -144.0 26 0 19.0 15.1 14.0 3.5 2 0 4 1 1
-4951.6 865.2 -145.2 25 0 19.7 15.2 14.0 3.5 2 0 4 2 2
-4942.6 884.2 -146.2 26 0 22.3 15.2 14.0 3.5 2 0 4 5 5
-4985.9 840.7 -140.7 27 0 16.8 14.9 14.0 3.5 2 0 4 3 3
-4977.9 856.7 -141.9 26 0 19.0 15.1 14.0 3.5 2 0 4 3 3
-4969.5 874.1 -143.0 25 0 19.7 15.2 14.0 3.5 4 0 4 5 5
-4962.5 906.5 -144.3 296 0 15.2 22.3 14.0 3.5 2 0 4 3 3
-5003.2 849.8 -138.6 27 0 16.8 14.9 14.0 3.5 2 0 4 4 4
-4995.3 865.7 -139.8 26 0 19.0 15.1 14.0 3.5 2 0 4 2 2
-4989.5 895.4 -140.9 296 0 15.3 19.8 14.0 3.5 2 0 4 4 4
-4979.9 915.5 -142.2 296 0 15.2 22.3 14.0 3.5 4 0 4 3 3
-5032.6 854.1 -136.3 116 0 14.7 16.8 14.0 3.5 2 0 4 2 2
-5017.0 886.2 -137.5 296 0 15.2 18.9 14.0 3.5 2 0 4 0 0
-5008.6 904.0 -138.6 296 0 15.3 19.8 14.0 3.5 2 0 4 1 1
-4998.9 924.1 -139.9 296 0 15.2 22.3 14.0 3.5 2 0 4 0 0
-5050.6 862.8 -133.6 116 0 14.7 16.8 14.0 3.5 2 0 4 2 2
-5034.9 894.8 -135.2 296 0 15.2 18.9 14.0 3.5 2 0 4 3 3
-5026.5 912.7 -136.5 296 0 15.3 19.8 14.0 3.5 2 0 4 3 3
-5016.8 932.8 -137.8 296 0 15.2 22.3 14.0 3.5 2 0 4 2 2
-5073.2 882.9 -130.7 206 0 16.8 14.9 14.0 3.5 2 0 4 1 1
-5054.5 904.2 -132.3 296 0 15.2 18.9 14.0 3.5 2 0 4 5 5
-5046.1 922.1 -134.0 296 0 15.3 19.8 14.0 3.5 2 0 4 3 3
-5036.4 942.2 -135.4 296 0 15.2 22.3 14.0 0.0 0 0 4 0 0
-5090.0 891.4 -128.2 206 0 16.8 14.9 14.0 3.5 2 0 4 1 1
-5071.3 912.7 -129.8 296 0 15.2 18.9 14.0 3.5 2 0 4 3 3
-5062.9 930.5 -131.5 296 0 15.3 19.7 14.0 3.5 2 0 4 2 2
-5053.2 950.6 -133.4 296 0 15.2 22.3 14.0 3.5 4 0 4 5 5
-4937.7 867.3 -144.8 205 0 18.7 38.2 14.0 3.5 2 1 4 0 0
-4916.0 814.2 -142.1 25 0 22.3 26.4 14.0 3.5 2 1 4 2 2
-5150.8 880.4 -115.8 359 0 19.0 12.3 14.0 3.5 2 0 4 5 5
-5147.1 832.7 -115.5 359 0 19.0 12.3 14.0 3.5 2 0 4 3 3
4398.6 10276.4 -156.5 285 0 17.2 58.5 10.0 0.0 0 0 4 5 5
4404.2 10214.3 -156.7 104 0 17.1 26.0 7.5 2.5 2 0 3 1 1
4410.6 10239.5 -156.5 104 0 17.1 9.2 7.5 2.5 2 0 3 3 3
4418.8 10271.6 -156.4 284 0 17.1 23.9 10.0 2.5 2 0 4 3 3
4412.5 10281.6 -156.2 194 0 16.3 17.1 7.5 2.5 4 0 3 4 4
3773.6 10631.2 -144.2 191 0 17.5 44.0 17.5 0.0 0 1 7 3 3
3817.2 10624.0 -140.3 191 0 19.8 16.9 10.0 2.5 2 0 4 5 5
3842.6 10609.0 -140.0 101 0 21.4 20.0 12.5 0.0 0 0 5 1 1
4279.2 10422.9 -145.3 87 0 29.9 14.4 12.5 2.5 2 0 5 0 0
3965.6 10627.9 -141.8 191 0 29.8 10.1 7.5 2.5 2 0 3 2 2
4036.7 10563.0 -147.3 282 0 21.2 10.5 5.0 2.5 2 0 2 2 2
4478.2 10519.2 -149.7 349 0 15.0 31.4 12.5 2.5 4 0 5 4 4
4478.2 10519.2 -150.3 169 0 15.4 27.3 7.5 0.0 0 0 3 1 1
4482.1 10318.4 -156.2 13 0 14.6 30.4 10.0 2.5 4 0 4 3 3
4482.1 10318.4 -154.1 193 0 14.6 18.5 12.5 2.5 2 0 5 0 0
4684.1 9096.2 -121.4 256 0 6.2 11.7 10.5 3.5 4 1 3 4 4
4690.2 9097.7 -121.4 256 0 6.2 11.7 10.5 3.5 2 1 3 2 2
4696.4 9099.3 -121.3 256 0 6.2 11.7 10.5 3.5 2 1 3 2 2
4704.0 9101.2 -121.3 256 0 6.2 11.7 10.5 3.5 2 1 3 5 5
4710.2 9102.7 -121.3 256 0 6.2 11.7 10.5 0.0 0 1 3 2 2
4668.2 9111.8 -125.1 256 0 6.2 11.7 10.5 3.5 2 1 3 3 3
4677.2 9101.9 -125.0 76 0 6.2 11.7 10.5 3.5 4 1 3 3 3
4680.9 9113.2 -124.9 256 0 6.2 11.7 10.5 0.0 0 1 3 3 3
4687.1 9114.8 -124.8 256 0 6.2 11.7 10.5 3.5 2 1 3 3 3
4662.6 9121.7 -125.9 166 0 11.7 6.2 10.5 3.5 2 0 3 3 3
4670.4 9129.6 -125.8 256 0 6.2 11.7 10.5 3.5 2 1 3 2 2
4676.6 9131.1 -125.8 256 0 6.2 11.7 10.5 3.5 4 1 3 0 0
4686.0 9119.6 -125.6 76 0 6.2 11.7 10.5 3.5 2 1 3 2 2
4698.9 9105.7 -124.7 76 0 6.2 11.7 10.5 3.5 2 1 3 3 3
4705.1 9107.2 -124.7 76 0 6.2 11.7 10.5 3.5 2 1 3 5 5
4691.6 9135.0 -125.6 256 0 6.2 11.7 10.5 3.5 2 1 3 1 1
4697.8 9136.6 -125.6 256 0 6.2 11.7 10.5 3.5 2 1 3 2 2
4708.1 9121.9 -124.7 256 0 6.2 11.7 10.5 3.5 2 1 3 5 5
4714.3 9123.5 -124.7 256 0 6.2 11.7 10.5 3.5 2 1 3 0 0
4717.0 9102.1 -120.7 256 0 6.2 11.7 10.5 3.5 2 1 3 2 2
4723.2 9103.7 -120.6 256 0 6.2 11.7 10.5 3.5 4 1 3 3 3
4704.0 9138.1 -125.5 256 0 6.2 11.7 10.5 3.5 2 1 3 3 3
4710.2 9139.7 -125.5 256 0 6.2 11.7 10.5 3.5 2 1 3 1 1
4722.6 9122.5 -124.5 256 0 6.2 11.7 10.5 3.5 2 1 3 4 4
4728.9 9124.1 -124.4 256 0 6.2 11.7 10.5 3.5 2 1 3 1 1
4721.1 9128.8 -125.3 76 0 6.2 11.7 10.5 3.5 4 1 3 4 4
4724.2 9143.5 -125.4 256 0 6.2 11.7 10.5 3.5 2 1 3 1 1
4730.4 9145.0 -125.3 256 0 6.2 11.7 10.5 0.0 0 1 3 5 5
4741.1 9141.6 -125.2 346 0 11.7 6.2 10.5 3.5 2 0 3 0 0
4734.7 9127.4 -124.4 256 0 6.2 11.7 10.5 3.5 2 1 3 4 4
4743.7 9117.6 -124.4 76 0 6.2 11.7 10.5 3.5 2 1 3 4 4
4734.5 9094.4 -120.6 76 0 6.2 11.7 10.5 3.5 2 1 3 2 2
4740.8 9096.0 -120.5 76 0 6.2 11.7 10.5 3.5 2 1 3 1 1
4743.7 9111.1 -121.1 256 0 6.2 11.7 10.5 3.5 2 1 3 4 4
4752.7 9101.3 -121.0 76 0 6.2 11.7 10.5 3.5 2 1 3 4 4
4760.7 9103.3 -121.0 76 0 6.2 11.7 10.5 3.5 2 1 3 0 0
4766.9 9104.8 -120.9 76 0 6.2 11.7 10.5 3.5 4 1 3 5 5
4770.8 9115.7 -120.4 256 0 6.2 11.7 10.5 3.5 2 1 3 0 0
4777.0 9117.3 -120.4 256 0 6.2 11.7 10.5 3.5 2 1 3 3 3
4751.4 9119.5 -124.3 76 0 6.2 11.7 10.5 3.5 2 1 3 0 0
4757.6 9121.1 -124.2 76 0 6.2 11.7 10.5 3.5 2 1 3 5 5
4764.2 9120.8 -124.1 76 0 6.2 11.7 10.5 3.5 2 1 3 2 2
4770.4 9122.3 -124.0 76 0 6.2 11.7 10.5 3.5 2 1 3 2 2
3742.1 10300.7 -141.6 195 0 25.3 37.3 14.0 0.0 0 1 4 4 4
4523.9 10493.3 -149.9 172 0 13.6 36.5 10.0 2.5 2 0 4 0 0
4560.2 10497.2 -149.9 172 0 16.5 52.6 12.5 2.5 2 0 5 5 5
4541.0 10536.3 -151.0 260 0 37.8 15.3 7.5 2.5 4 0 3 0 0
4518.6 10289.1 -152.4 194 0 16.7 12.7 2.5 2.5 2 0 1 4 4
4545.7 10291.1 -151.5 284 0 25.9 16.9 12.5 2.5 2 0 5 1 1
4598.5 10278.1 -149.4 284 0 31.1 16.8 10.0 2.5 2 0 4 2 2
4553.7 10293.1 -151.1 104 0 66.4 16.6 12.5 2.5 2 0 5 4 4
4588.3 10293.2 -147.6 194 0 16.6 30.2 12.5 2.5 2 1 5 1 1
4646.7 10547.3 -151.4 260 0 58.9 15.4 12.5 2.5 2 0 5 1 1
4680.5 10492.4 -148.8 80 0 22.3 36.5 12.5 0.0 0 1 5 4 4
4657.3 10495.7 -148.1 350 0 15.6 26.4 12.5 2.5 2 1 5 3 3
4729.4 10348.3 -146.2 14 0 13.6 36.6 12.5 2.5 2 1 5 5 5
4654.8 10299.6 -144.0 285 0 22.7 15.9 12.5 0.0 0 0 5 1 1
4694.5 10280.7 -143.8 14 0 14.9 31.5 12.5 2.5 4 1 5 2 2
4676.7 10330.6 -143.1 13 0 45.6 15.9 12.5 0.0 0 0 5 1 1
4654.8 10355.8 -143.6 104 0 13.9 33.3 12.5 2.5 2 1 5 2 2
4670.0 10369.5 -144.3 194 0 33.5 14.4 15.0 0.0 0 0 6 2 2
4094.7 10802.8 -131.3 27 0 12.3 5.4 10.5 3.5 4 0 3 3 3
4084.5 10801.1 -131.5 117 0 5.4 12.3 10.5 3.5 2 1 3 1 1
4065.2 10824.7 -132.7 297 0 5.4 12.3 10.5 3.5 2 1 3 4 4
4064.5 10811.3 -132.4 117 0 5.4 12.3 10.5 3.5 2 1 3 5 5
4069.4 10808.8 -132.2 117 0 5.4 12.3 10.5 3.5 2 1 3 1 1
4074.3 10806.3 -132.0 117 0 5.4 12.3 10.5 3.5 4 1 3 0 0
4114.8 10794.1 -130.0 205 0 12.3 5.4 10.5 3.5 2 0 3 0 0
4119.7 10785.0 -129.7 115 0 5.4 12.3 10.5 3.5 2 1 3 0 0
4130.3 10780.2 -129.1 115 0 5.4 12.3 10.5 3.5 2 1 3 4 4
4135.3 10777.9 -128.9 115 0 5.4 12.3 10.5 3.5 2 1 3 0 0
4145.4 10773.3 -128.4 115 0 5.4 12.3 10.5 3.5 2 1 3 4 4
4150.4 10770.9 -128.1 115 0 5.4 12.3 10.5 3.5 2 1 3 3 3
4155.5 10768.6 -127.9 115 0 5.4 12.3 10.5 0.0 0 1 3 3 3
4160.6 10766.3 -127.6 115 0 5.4 12.3 10.5 0.0 0 1 3 0 0
4170.8 10761.6 -127.1 115 0 5.4 12.3 10.5 3.5 2 1 3 1 1
4175.8 10759.2 -126.8 115 0 5.4 12.3 10.5 3.5 2 1 3 2 2
4161.2 10792.6 -125.9 294 0 12.2 5.5 10.5 3.5 2 0 3 2 2
4163.5 10797.7 -125.3 294 0 12.2 5.5 10.5 0.0 0 0 3 0 0
4154.7 10752.9 -130.9 295 0 5.4 12.3 10.5 3.5 2 1 3 1 1
4149.5 10755.4 -131.2 295 0 5.4 12.3 10.5 3.5 2 1 3 5 5
4142.0 10758.8 -131.6 295 0 5.4 12.3 10.5 3.5 2 1 3 5 5
4164.8 10748.4 -130.4 295 0 5.4 12.3 10.5 3.5 2 1 3 1 1
4170.0 10745.9 -130.1 295 0 5.4 12.3 10.5 3.5 2 1 3 0 0
4179.9 10741.6 -130.7 295 0 5.4 12.3 10.5 3.5 2 1 3 2 2
4185.1 10732.3 -131.6 25 0 12.3 5.4 10.5 3.5 2 0 3 5 5
4177.7 10716.4 -134.4 25 0 12.3 5.4 10.5 3.5 2 0 3 0 0
4172.4 10718.9 -133.4 25 0 12.3 5.4 10.5 3.5 2 0 3 3 3
4162.7 10723.5 -132.2 25 0 12.3 5.4 10.5 3.5 4 0 3 5 5
4157.6 10732.7 -132.5 295 0 5.4 12.3 10.5 3.5 2 1 3 3 3
4141.2 10733.4 -133.1 205 0 12.3 5.4 10.5 3.5 2 0 3 1 1
4136.0 10735.9 -133.4 205 0 12.3 5.4 10.5 3.5 2 0 3 5 5
4126.5 10740.2 -133.8 205 0 12.3 5.4 10.5 3.5 2 0 3 2 2
4121.2 10736.0 -134.1 115 0 5.4 12.3 10.5 0.0 0 1 3 0 0
4116.0 10628.1 -147.6 24 0 12.3 5.4 10.5 3.5 2 0 3 0 0
4105.9 10625.9 -147.0 114 0 5.4 12.3 10.5 3.5 2 1 3 0 0
4100.8 10628.1 -146.1 114 0 5.4 12.3 10.5 3.5 4 1 3 4 4
4095.7 10630.4 -146.2 114 0 5.4 12.3 10.5 0.0 0 1 3 5 5
4137.4 10612.0 -150.5 114 0 5.4 12.3 10.5 3.5 2 1 3 5 5
4132.4 10614.2 -149.9 114 0 5.4 12.3 10.5 3.5 2 1 3 5 5
4127.3 10616.5 -149.4 114 0 5.4 12.3 10.5 3.5 4 1 3 3 3
4122.2 10625.4 -148.8 204 0 12.3 5.4 10.5 3.5 2 0 3 0 0
4101.8 10651.2 -144.4 204 0 12.3 5.4 10.5 0.0 0 0 3 0 0
4111.9 10646.7 -144.1 24 0 12.3 5.4 10.5 3.5 2 0 3 5 5
4117.0 10644.4 -144.5 24 0 12.3 5.4 10.5 0.0 0 0 3 4 4
4122.1 10642.2 -145.4 24 0 12.3 5.4 10.5 3.5 2 0 3 4 4
4128.3 10639.5 -147.0 204 0 12.3 5.4 10.5 3.5 2 0 3 1 1
4133.4 10637.2 -147.6 204 0 12.3 5.4 10.5 3.5 2 0 3 0 0
4138.5 10635.0 -148.1 204 0 12.3 5.4 10.5 3.5 2 0 3 5 5
4143.5 10626.0 -148.7 114 0 5.4 12.3 10.5 3.5 2 1 3 4 4
4110.1 10669.8 -141.9 204 0 12.3 5.4 10.5 0.0 0 0 3 3 3
4115.2 10660.8 -141.6 114 0 5.4 12.3 10.5 3.5 2 1 3 1 1
4120.3 10658.6 -141.3 114 0 5.4 12.3 10.5 3.5 2 1 3 4 4
4125.3 10656.3 -142.2 114 0 5.4 12.3 10.5 3.5 2 1 3 2 2
4136.5 10651.4 -144.1 114 0 5.4 12.3 10.5 3.5 2 1 3 2 2
4141.6 10649.2 -144.9 114 0 5.4 12.3 10.5 3.5 2 1 3 3 3
4146.7 10646.9 -145.7 114 0 5.4 12.3 10.5 3.5 2 1 3 4 4
4156.8 10649.2 -146.3 24 0 12.3 5.4 10.5 3.5 2 0 3 5 5
4116.1 10683.5 -140.0 204 0 12.3 5.4 10.5 0.0 0 0 3 0 0
4121.2 10681.3 -139.8 204 0 12.3 5.4 10.5 3.5 2 0 3 2 2
4126.3 10672.3 -139.5 114 0 5.4 12.3 10.5 0.0 0 1 3 2 2
4131.4 10670.1 -139.8 114 0 5.4 12.3 10.5 3.5 4 1 3 3 3
4142.6 10665.2 -141.7 114 0 5.4 12.3 10.5 3.5 2 1 3 1 1
4152.6 10667.4 -142.6 24 0 12.3 5.4 10.5 3.5 2 0 3 0 0
4157.7 10665.2 -143.4 24 0 12.3 5.4 10.5 3.5 2 0 3 2 2
4162.8 10662.9 -144.3 24 0 12.3 5.4 10.5 3.5 2 0 3 5 5
4124.3 10702.2 -137.6 204 0 12.3 5.4 10.5 3.5 2 0 3 4 4
4129.4 10700.0 -137.3 204 0 12.3 5.4 10.5 3.5 2 0 3 3 3
4134.5 10697.7 -137.0 204 0 12.3 5.4 10.5 3.5 2 0 3 3 3
4139.6 10695.5 -136.7 204 0 12.3 5.4 10.5 3.5 2 0 3 2 2
4155.7 10688.4 -138.5 24 0 12.3 5.4 10.5 3.5 2 0 3 3 3
4160.8 10686.1 -139.3 24 0 12.3 5.4 10.5 3.5 2 0 3 0 0
4165.9 10683.9 -140.2 24 0 12.3 5.4 10.5 3.5 2 0 3 1 1
4171.0 10681.6 -141.1 24 0 12.3 5.4 10.5 0.0 0 0 3 3 3
4164.4 10701.4 -136.4 25 0 12.3 5.4 10.5 3.5 2 0 3 4 4
4171.9 10697.9 -137.7 25 0 12.3 5.4 10.5 3.5 2 0 3 2 2
4177.1 10695.5 -138.6 25 0 12.3 5.4 10.5 3.5 2 0 3 3 3
4148.7 10708.7 -134.9 25 0 12.3 5.4 10.5 3.5 2 0 3 2 2
4131.0 10716.9 -135.6 205 0 12.3 5.4 10.5 3.5 2 0 3 5 5
4136.2 10714.5 -135.3 205 0 12.3 5.4 10.5 3.5 2 0 3 4 4
4722.3 9865.9 -131.3 15 0 41.2 26.8 14.0 0.0 0 0 4 4 4
4700.4 9907.9 -133.3 285 0 7.3 7.5 10.5 3.5 2 1 3 1 1
4158.0 10607.6 -152.8 294 0 12.2 5.5 10.5 3.5 2 0 3 3 3
4164.8 10607.8 -152.3 24 0 5.5 12.2 10.5 3.5 2 1 3 0 0
4168.3 10615.9 -151.3 24 0 5.5 12.2 10.5 0.0 0 1 3 3 3
4170.6 10621.1 -150.7 24 0 5.5 12.2 10.5 3.5 2 1 3 5 5
4726.6 9980.2 -146.6 285 0 51.2 28.0 10.5 0.0 0 0 3 3 3
4175.6 10628.5 -150.0 111 0 12.2 5.5 10.5 3.5 2 0 3 2 2
4173.0 10638.6 -149.3 201 0 5.5 12.2 10.5 3.5 4 1 3 4 4
4174.9 10643.8 -148.6 201 0 5.5 12.2 10.5 3.5 2 1 3 5 5
4177.0 10649.1 -147.9 201 0 5.5 12.2 10.5 3.5 2 1 3 0 0
4188.9 10658.5 -147.3 210 0 5.5 12.2 10.5 3.5 2 1 3 3 3
4191.7 10663.5 -146.6 210 0 5.5 12.2 10.5 3.5 2 1 3 1 1
4194.5 10668.3 -146.0 209 0 5.5 12.2 10.5 3.5 2 1 3 4 4
4197.3 10673.2 -145.4 209 0 5.5 12.2 10.5 3.5 2 1 3 0 0
4213.6 10678.6 -144.0 18 0 5.5 12.2 10.5 3.5 2 1 3 3 3
4215.4 10684.1 -143.3 18 0 5.5 12.2 10.5 3.5 2 1 3 1 1
4217.1 10689.5 -142.5 17 0 5.5 12.2 10.5 3.5 2 1 3 3 3
4218.8 10694.9 -141.5 17 0 5.5 12.2 10.5 0.0 0 1 3 2 2
4222.6 10707.4 -139.2 18 0 5.5 12.2 10.5 3.5 2 1 3 3 3
4224.3 10712.9 -138.2 18 0 5.5 12.2 10.5 3.5 2 1 3 4 4
4226.1 10718.3 -137.3 17 0 5.5 12.2 10.5 0.0 0 1 3 0 0
4227.8 10723.7 -136.3 17 0 5.5 12.2 10.5 3.5 2 1 3 5 5
4190.8 10598.9 -152.9 24 0 5.5 12.2 10.5 3.5 2 1 3 2 2
4182.0 10609.0 -152.5 204 0 5.5 12.2 10.5 3.5 4 1 3 2 2
4201.9 10608.1 -152.0 113 0 12.2 5.5 10.5 3.5 4 0 3 1 1
4204.2 10613.3 -151.6 113 0 12.2 5.5 10.5 3.5 2 0 3 5 5
4206.4 10618.5 -151.1 113 0 12.2 5.5 10.5 3.5 2 0 3 0 0
4215.3 10623.9 -150.7 23 0 5.5 12.2 10.5 3.5 2 1 3 0 0
4213.8 10634.5 -149.8 24 0 5.5 12.2 10.5 3.5 2 1 3 4 4
4216.1 10639.7 -149.4 24 0 5.5 12.2 10.5 3.5 2 1 3 1 1
2643.8 11521.1 -150.2 280 0 8.1 4.4 10.5 3.5 2 0 3 1 1
2649.9 11518.2 -150.3 220 0 3.5 7.2 10.5 3.5 2 1 3 3 3
2673.5 11483.8 -150.1 151 0 9.0 4.0 10.5 3.5 2 0 3 4 4
2596.0 11504.1 -149.7 81 0 8.5 6.9 10.5 3.5 2 0 3 1 1
2569.9 11536.1 -150.4 180 0 6.8 9.1 10.5 3.5 2 1 3 0 0
2532.5 11680.6 -151.8 189 0 7.8 4.6 10.5 3.5 2 0 3 1 1
2631.2 11761.4 -146.4 150 0 12.7 6.1 10.5 3.5 2 0 3 3 3
2527.9 11329.6 -149.0 110 0 5.1 15.4 10.5 0.0 0 0 3 4 4
5371.0 10695.7 -138.9 344 0 52.0 24.0 12.5 2.5 2 0 5 3 3
5345.6 10757.3 -149.1 74 0 24.9 60.0 10.0 2.5 2 1 4 4 4
5375.4 10680.6 -141.3 164 0 20.8 44.6 12.5 2.5 4 0 5 5 5
5375.5 10729.1 -140.6 74 0 75.8 25.1 10.0 0.0 0 0 4 4 4
5379.4 10801.3 -146.5 74 0 57.3 26.8 10.0 2.5 2 0 4 1 1
5421.0 10730.3 -142.3 164 0 69.9 25.5 10.0 0.0 0 0 4 0 0
5440.4 10782.5 -138.3 75 0 36.8 47.5 10.0 0.0 0 1 4 3 3
5472.4 10743.3 -147.6 254 0 34.1 48.1 12.5 0.0 0 1 5 2 2
5509.7 9339.0 -147.5 292 0 11.7 18.5 10.5 0.0 0 1 3 3 3
5503.1 9295.4 -146.9 64 0 14.6 25.0 10.5 0.0 0 1 3 2 2
3493.7 11077.3 -149.0 270 0 6.4 22.2 10.5 3.5 2 1 3 5 5
3454.5 11092.1 -144.2 89 0 9.2 10.1 10.5 3.5 2 1 3 2 2
3455.6 11145.8 -137.0 226 0 6.0 10.2 10.5 3.5 2 1 3 1 1
3471.8 11012.7 -143.5 90 0 8.5 4.3 10.5 3.5 2 0 3 0 0
3364.8 11098.1 -141.8 0 0 12.8 8.7 10.5 3.5 2 0 3 2 2
3379.0 11105.0 -141.4 360 0 16.4 10.7 14.0 3.5 2 0 4 5 5
-1382.8 12862.0 -157.3 64 0 10.4 67.8 24.5 0.0 0 1 7 4 4
-1404.0 12847.5 -154.1 244 0 19.6 29.9 10.5 3.5 2 1 3 4 4
-1402.7 12802.7 -153.6 64 0 67.6 10.3 24.5 0.0 0 0 7 3 3
-1439.5 12801.0 -155.4 154 0 9.1 26.6 10.5 0.0 0 0 3 0 0
3219.4 10865.0 -151.9 270 0 17.5 12.4 14.0 3.5 4 0 4 2 2
3241.2 10872.1 -152.9 270 0 20.6 5.0 10.5 3.5 2 0 3 5 5
3266.6 10936.7 -150.8 90 0 9.1 5.8 10.5 3.5 4 0 3 1 1
3277.7 10936.8 -148.9 90 0 9.1 5.8 10.5 3.5 2 0 3 4 4
-5171.6 172.8 -48.8 275 0 12.5 26.8 14.0 3.5 4 1 4 3 3
2535.2 -8359.5 -144.2 201 0 9.1 14.4 2.5 2.5 2 1 1 4 4
2523.5 -8416.4 -145.3 45 0 19.4 8.2 5.0 2.5 2 0 2 3 3
2545.4 -8399.1 -145.6 110 0 7.2 28.3 7.5 2.5 2 1 3 2 2
2457.6 -8473.4 -141.3 36 0 21.2 8.0 2.5 0.0 0 0 1 5 5
2455.0 -8345.6 -133.4 82 0 6.8 22.0 5.0 2.5 2 1 2 1 1
2621.3 -8338.4 -145.9 19 0 10.5 29.5 10.0 2.5 2 1 4 2 2
3339.0 10145.8 -147.8 130 1 11.0 16.8 14.0 3.5 2 1 4 3 3
3396.2 10210.8 -150.8 167 0 12.8 17.8 14.0 0.0 0 1 4 5 5
3410.4 10183.3 -149.1 169 0 6.9 13.0 10.5 3.5 2 0 3 3 3
3411.2 10152.2 -147.6 191 0 6.9 13.0 10.5 3.5 2 0 3 4 4
3400.2 10122.9 -147.7 215 0 6.9 13.1 10.5 3.5 4 0 3 4 4
5176.2 4592.6 -152.3 337 0 13.1 14.0 14.0 3.5 2 1 4 5 5
-5967.4 3960.3 -147.5 349 0 32.6 11.2 17.5 3.5 2 0 5 5 5
2329.5 11040.2 -154.0 228 0 13.4 8.2 7.5 2.5 2 0 3 0 0
2355.7 11023.0 -153.5 327 0 6.9 9.0 7.5 0.0 0 1 3 0 0
2341.6 11027.3 -153.5 148 0 8.8 8.4 7.5 0.0 0 0 3 3 3
2357.7 11041.6 -153.4 324 0 8.0 9.5 5.0 2.5 2 1 2 5 5
2966.2 11094.4 -145.9 94 0 44.3 32.2 17.5 0.0 0 0 5 0 0
2931.4 11105.0 -147.1 93 0 27.2 23.8 17.5 0.0 0 0 5 3 3
5378.1 4739.7 -152.6 69 0 7.8 8.3 10.5 3.5 2 1 3 1 1
-6460.7 3589.1 -137.2 114 0 33.6 41.3 17.5 0.0 0 1 5 0 0
5505.9 9162.4 -141.5 122 0 6.2 16.3 10.5 3.5 2 1 3 1 1
5525.0 9207.3 -141.1 180 0 22.5 19.6 10.5 3.5 2 0 3 4 4
5534.2 9247.8 -142.7 269 0 18.1 21.5 10.5 3.5 2 1 3 5 5
5519.7 9190.2 -141.1 181 0 8.4 10.2 10.5 3.5 2 1 3 0 0
5516.7 9221.1 -142.0 180 0 12.4 6.1 10.5 3.5 2 0 3 1 1
5516.6 9233.8 -142.7 180 0 12.4 6.1 10.5 3.5 2 0 3 1 1
5519.6 9252.6 -143.4 270 0 6.1 12.4 10.5 3.5 2 1 3 3 3
5550.2 9251.4 -141.9 270 0 7.4 36.3 10.5 3.5 2 1 3 0 0
5554.1 9258.2 -142.1 270 0 9.4 6.0 10.5 3.5 2 0 3 0 0
4245.7 10726.9 -137.6 16 0 12.3 5.4 10.5 3.5 2 0 3 3 3
4245.9 10726.9 -138.4 196 0 12.3 5.4 10.5 3.5 2 0 3 3 3
4244.4 10758.7 -131.7 196 0 12.3 5.4 10.5 3.5 2 0 3 1 1
4249.9 10757.0 -132.4 196 0 12.3 5.4 10.5 3.5 2 0 3 5 5
4237.7 10571.8 -154.1 106 0 5.4 12.3 10.5 3.5 2 1 3 4 4
4243.1 10570.2 -154.2 106 0 5.4 12.3 10.5 3.5 2 1 3 3 3
4248.5 10568.6 -154.2 106 0 5.4 12.3 10.5 3.5 2 1 3 1 1
4254.0 10567.0 -154.3 106 0 5.4 12.3 10.5 0.0 0 1 3 5 5
4264.3 10564.2 -154.4 106 0 5.4 12.3 10.5 3.5 2 1 3 4 4
4269.7 10562.6 -154.4 106 0 5.5 12.3 10.5 3.5 2 1 3 3 3
4275.1 10561.0 -154.5 106 0 5.4 12.3 10.5 3.5 2 1 3 3 3
4280.5 10559.4 -154.5 106 0 5.4 12.3 10.5 3.5 2 1 3 0 0
4255.3 10601.1 -152.7 286 0 5.4 12.3 10.5 3.5 2 1 3 2 2
4260.8 10599.5 -152.7 286 0 5.5 12.3 10.5 3.5 2 1 3 0 0
4266.1 10598.0 -152.8 286 0 5.4 12.3 10.5 3.5 2 1 3 3 3
4271.5 10596.4 -152.8 286 0 5.4 12.3 10.5 3.5 2 1 3 2 2
4272.4 10618.7 -150.2 112 0 5.4 12.3 10.5 3.5 2 1 3 5 5
4282.3 10621.3 -150.3 22 0 12.3 5.4 10.5 3.5 2 0 3 5 5
4275.6 10641.3 -149.0 22 0 12.3 5.4 10.5 3.5 2 0 3 2 2
4280.8 10639.2 -149.0 22 0 12.3 5.4 10.5 3.5 2 0 3 4 4
4258.8 10645.3 -149.0 202 0 10.4 8.1 10.5 3.5 2 0 3 2 2
4249.9 10653.3 -147.9 112 0 5.4 12.3 10.5 3.5 2 1 3 4 4
4255.1 10651.2 -148.0 112 0 5.4 12.3 10.5 3.5 2 1 3 2 2
4249.1 10682.1 -146.0 202 0 12.3 5.4 10.5 3.5 2 0 3 4 4
4254.2 10680.1 -146.2 202 0 12.3 5.4 10.5 3.5 2 0 3 5 5
2474.9 10731.8 -152.0 35 0 19.8 27.1 17.5 3.5 2 1 5 1 1
2014.8 11005.5 -154.8 298 0 8.8 9.2 2.5 2.5 2 1 1 1 1
2157.9 11184.9 -149.1 340 0 7.6 5.2 7.5 0.0 0 0 3 2 2
2252.4 11889.9 -142.2 47 0 4.8 14.6 3.5 3.5 2 1 1 4 4
6739.9 11715.5 -139.3 214 0 12.8 25.4 10.5 0.0 0 1 3 5 5
6728.6 11729.5 -139.5 260 0 15.4 26.6 10.5 0.0 0 1 3 1 1
6616.2 11721.6 -139.0 169 0 20.7 22.0 10.5 0.0 0 1 3 4 4
6671.9 11671.3 -146.6 183 0 14.3 23.5 10.5 0.0 0 1 3 5 5
6713.4 11835.2 -126.8 195 0 17.1 15.4 10.5 0.0 0 0 3 2 2
6728.3 11860.9 -128.3 226 0 17.1 15.5 10.5 0.0 0 0 3 4 4
6767.7 11871.2 -131.7 345 0 10.9 24.6 10.5 0.0 0 1 3 4 4
6713.1 11797.2 -121.3 169 0 17.1 15.4 10.5 0.0 0 0 3 2 2
6272.5 10910.4 -136.6 147 0 15.4 28.9 10.5 0.0 0 1 3 3 3
6279.6 10940.6 -136.7 148 0 15.0 25.7 10.5 0.0 0 1 3 3 3
6307.3 10972.4 -139.1 238 0 14.1 29.3 10.5 0.0 0 1 3 1 1
-3087.9 11472.8 -158.9 282 0 7.1 9.1 7.5 2.5 4 1 3 2 2
-3142.7 11469.9 -157.9 170 0 10.7 6.1 7.5 0.0 0 0 3 5 5
-1271.6 12182.4 -159.2 118 0 8.5 7.6 10.5 3.5 2 0 3 5 5
-1633.2 12047.0 -152.1 79 0 5.5 11.6 7.5 2.5 2 1 3 1 1
-2642.3 11867.4 -160.2 286 0 7.7 8.6 7.5 2.5 2 1 3 1 1
-2938.8 11615.1 -147.1 189 0 9.1 7.1 7.5 2.5 2 0 3 4 4
-2658.1 11890.1 -159.0 194 0 10.6 6.0 7.5 2.5 4 0 3 5 5
-2672.4 11874.2 -158.8 195 0 9.0 7.9 7.5 2.5 2 0 3 3 3
-2638.2 11846.6 -160.3 191 0 7.6 8.4 7.5 2.5 2 1 3 0 0
-2347.6 11395.2 -157.6 289 0 7.6 8.5 10.5 3.5 2 1 3 2 2
-2311.3 11365.3 -156.0 8 0 6.1 10.7 10.5 3.5 2 1 3 3 3
-3154.6 11466.8 -157.4 170 0 6.5 10.0 7.5 2.5 2 1 3 1 1
-3119.1 11446.6 -159.3 246 0 6.0 10.6 7.5 2.5 4 1 3 1 1
-3140.7 11495.1 -157.9 262 0 8.6 7.6 7.5 2.5 2 0 3 3 3
-3128.4 11441.5 -158.7 246 0 7.6 8.5 7.5 2.5 2 1 3 0 0
-3136.2 11472.5 -158.3 170 0 10.7 6.1 7.5 2.5 2 0 3 0 0
-3150.1 11425.7 -157.5 156 0 8.5 7.6 7.5 2.5 2 0 3 2 2
-3079.5 11579.3 -144.1 167 0 9.1 7.1 7.5 0.0 0 0 3 5 5
-3118.5 11478.5 -158.9 175 0 8.5 7.6 7.5 2.5 2 0 3 1 1
-3033.9 11576.6 -145.0 282 0 7.6 8.5 7.5 2.5 2 1 3 1 1
2434.5 10265.6 -147.0 138 0 7.0 9.6 10.5 3.5 2 1 3 5 5
2454.6 10282.9 -147.6 324 0 6.8 9.4 10.5 3.5 2 1 3 0 0
2757.6 11411.7 -134.2 150 0 26.3 12.8 14.0 3.5 2 0 4 4 4
-6468.8 3935.1 -136.7 84 0 12.8 36.4 17.5 3.5 2 1 5 3 3
-6328.8 3580.0 -135.9 287 0 75.4 65.7 17.5 0.0 0 0 5 2 2
-6376.0 3498.4 -132.7 106 0 79.6 15.2 17.5 3.5 2 0 5 0 0
-6629.9 3898.2 -137.4 221 0 26.1 61.4 17.5 0.0 0 1 5 0 0
-6625.0 3824.7 -138.0 131 0 18.9 21.7 17.5 3.5 2 1 5 4 4
-5998.6 3648.1 -151.3 296 0 25.6 75.0 10.0 0.0 0 1 4 3 3
2525.1 11154.4 -149.0 360 0 14.0 15.2 17.5 0.0 0 1 5 4 4
2583.0 11508.7 -148.8 16 0 5.6 17.1 10.5 3.5 2 1 3 1 1
2553.7 11530.6 -150.3 205 0 10.7 15.0 17.5 3.5 2 1 5 0 0
2550.0 11490.7 -145.9 57 0 11.7 6.0 10.5 3.5 2 0 3 2 2
-6177.9 508.2 -99.9 213 0 34.0 21.8 17.5 0.0 0 0 5 5 5
486.9 12604.9 -149.8 197 1 11.7 20.2 17.5 0.0 0 0 5 4 4
498.8 12615.6 -151.4 234 1 11.6 18.7 17.5 3.5 4 0 5 1 1
508.0 12622.2 -153.0 234 1 11.8 17.6 17.5 3.5 2 0 5 2 2
527.2 12625.6 -154.6 324 1 17.0 11.4 17.5 3.5 2 0 5 5 5
2466.8 9978.1 -147.4 47 0 8.5 7.6 10.5 3.5 2 0 3 0 0
2543.3 9990.8 -148.3 325 0 8.5 7.7 10.5 3.5 2 0 3 1 1
2499.6 9941.0 -146.4 60 0 7.0 9.0 10.5 3.5 2 1 3 2 2
2485.5 9975.0 -147.7 222 0 7.1 9.2 10.5 3.5 2 1 3 2 2
2482.7 9932.7 -145.8 319 0 7.6 8.6 10.5 3.5 2 1 3 3 3
2528.6 9987.0 -148.2 320 0 8.5 7.6 10.5 3.5 4 0 3 4 4
2519.0 9976.4 -148.0 45 0 6.1 10.6 10.5 3.5 2 1 3 5 5
2486.3 10001.1 -148.6 181 0 8.4 7.6 10.5 3.5 2 0 3 2 2
2462.4 9930.0 -145.9 0 0 4.8 10.1 10.5 3.5 2 1 3 2 2
2550.3 10007.5 -149.2 15 0 8.4 7.6 10.5 3.5 2 0 3 4 4
2510.0 9947.3 -146.7 61 0 7.3 9.2 10.5 3.5 2 1 3 3 3
2488.8 9988.1 -148.3 222 0 6.1 10.7 10.5 3.5 2 1 3 2 2
2476.3 9940.0 -146.1 318 0 7.6 8.6 10.5 3.5 2 1 3 4 4
2483.8 9952.8 -147.0 133 0 7.6 8.5 10.5 3.5 2 1 3 4 4
2446.6 9915.8 -145.0 281 0 10.6 6.1 10.5 3.5 2 0 3 5 5
2540.5 9969.9 -147.6 45 0 6.1 10.7 10.5 3.5 2 1 3 5 5
2513.0 10013.4 -149.3 267 0 7.6 8.5 10.5 3.5 2 1 3 1 1
2495.3 9961.0 -147.3 140 0 8.5 7.7 10.5 3.5 2 0 3 0 0
2419.9 9906.3 -144.8 37 0 7.6 8.5 10.5 3.5 2 1 3 4 4
2560.1 10009.7 -149.2 180 0 10.6 6.0 10.5 3.5 4 0 3 1 1
2499.0 9979.2 -147.9 228 0 8.6 7.6 10.5 3.5 2 0 3 0 0
2398.9 9865.5 -142.9 180 0 7.1 8.2 10.5 3.5 4 1 3 5 5
2386.8 10332.8 -146.3 201 0 8.7 7.9 10.5 0.0 0 0 3 1 1
2418.5 10221.5 -145.8 308 0 7.6 5.5 10.5 3.5 2 0 3 2 2
2422.8 10238.1 -146.3 134 0 6.2 10.2 10.5 3.5 2 1 3 1 1
2422.8 10251.5 -146.3 132 0 7.6 8.4 10.5 3.5 2 1 3 2 2
2422.0 10320.4 -145.8 337 0 8.5 7.5 10.5 3.5 2 0 3 4 4
2449.2 10295.0 -147.2 326 0 7.6 8.5 10.5 3.5 2 1 3 0 0
2459.0 10300.1 -147.6 326 0 7.6 8.5 10.5 3.5 2 1 3 1 1
2441.1 10311.9 -146.9 256 0 8.5 7.7 10.5 3.5 2 0 3 4 4
2453.9 10313.5 -147.5 256 0 10.7 6.1 10.5 3.5 2 0 3 4 4
2450.9 10328.3 -147.2 270 0 8.5 7.5 10.5 3.5 2 0 3 5 5
2402.5 9855.8 -142.5 169 0 7.5 8.6 10.5 3.5 2 1 3 3 3
2429.3 9845.9 -141.9 357 0 7.6 8.5 10.5 3.5 2 1 3 2 2
2421.5 9940.3 -145.0 15 0 7.1 9.4 10.5 3.5 2 1 3 4 4
2460.4 9874.9 -143.2 0 0 7.5 8.5 10.5 3.5 2 1 3 4 4
2427.6 9889.7 -144.1 164 0 10.7 6.1 10.5 3.5 2 0 3 4 4
2426.7 9861.6 -142.6 352 0 6.1 10.6 10.5 3.5 2 1 3 2 2
5671.2 4794.6 -153.8 261 0 8.5 7.6 7.5 2.5 2 0 3 5 5
5377.3 4788.4 -152.0 258 0 7.6 8.5 10.5 3.5 4 1 3 4 4
-5922.4 5083.7 -149.3 296 0 38.5 27.1 14.0 3.5 4 0 4 5 5
-6917.8 5100.2 -156.4 268 0 29.3 45.4 17.5 0.0 0 1 5 3 3
-299.9 11799.2 -150.3 67 0 9.1 8.7 10.5 3.5 2 0 3 1 1
-298.6 11794.8 -149.9 247 0 9.1 8.7 10.5 3.5 2 0 3 1 1
-289.3 11804.1 -150.5 67 0 9.1 8.7 10.5 3.5 2 0 3 0 0
-278.5 11808.2 -150.7 67 0 9.1 8.7 10.5 3.5 2 0 3 1 1
-271.4 11820.1 -150.9 247 0 9.1 8.7 10.5 3.5 2 0 3 1 1
-261.2 11824.5 -151.1 247 0 9.1 8.7 10.5 3.5 2 0 3 0 0
-304.6 11812.5 -150.5 67 0 9.1 8.7 10.5 3.5 2 0 3 4 4
-294.1 11815.9 -150.8 67 0 9.1 8.7 10.5 3.5 2 0 3 1 1
-284.1 11820.6 -151.1 67 0 9.1 8.7 10.5 3.5 2 0 3 1 1
-276.1 11832.1 -151.2 247 0 9.1 8.7 10.5 3.5 2 0 3 1 1
-265.7 11836.2 -151.4 247 0 9.1 8.7 10.5 3.5 2 0 3 3 3
-299.5 11827.8 -150.9 67 0 9.1 8.7 10.5 3.5 2 0 3 0 0
-288.4 11831.9 -151.3 67 0 9.1 8.7 10.5 3.5 2 0 3 2 2
-277.4 11836.6 -151.6 67 0 9.1 8.7 10.5 3.5 2 0 3 0 0
-307.1 11848.3 -151.1 247 0 9.1 8.7 10.5 0.0 0 0 3 0 0
-297.1 11852.4 -151.5 247 0 9.1 8.7 10.5 3.5 2 0 3 1 1
-285.9 11857.5 -151.8 247 0 9.1 8.7 10.5 3.5 2 0 3 4 4
-287.9 11799.5 -150.1 247 0 9.1 8.7 10.5 3.5 2 0 3 3 3
-277.6 11804.1 -150.4 247 0 9.1 8.7 10.5 3.5 2 0 3 3 3
-266.0 11808.5 -150.6 247 0 9.1 8.7 10.5 3.5 2 0 3 5 5
-296.6 11777.6 -149.6 157 0 8.7 9.1 10.5 3.5 2 1 3 3 3
-279.3 11779.3 -149.8 67 0 9.1 8.7 10.5 3.5 2 0 3 2 2
-278.6 11767.7 -149.5 67 0 9.1 8.7 10.5 3.5 2 0 3 2 2
-269.0 11783.6 -150.0 67 0 9.1 8.7 10.5 3.5 4 0 3 4 4
-428.7 11960.3 -153.9 182 0 8.7 9.1 5.0 2.5 2 1 2 0 0
-429.7 11972.1 -154.0 182 0 8.7 9.1 5.0 2.5 2 1 2 1 1
-418.5 11971.2 -153.2 182 0 8.7 9.1 5.0 2.5 2 1 2 4 4
-398.5 11970.0 -152.3 2 0 8.7 9.1 5.0 2.5 2 1 2 3 3
-431.0 11984.8 -154.2 182 0 8.7 9.1 5.0 2.5 2 1 2 3 3
-417.3 11984.0 -153.1 182 0 8.7 9.1 5.0 2.5 4 1 2 3 3
-393.8 11983.3 -152.1 2 0 8.7 9.1 5.0 2.5 2 1 2 5 5
-432.8 11996.3 -154.4 182 0 8.7 9.1 7.5 2.5 2 1 3 3 3
-413.3 11999.8 -153.3 272 0 9.1 8.7 5.0 2.5 2 0 2 2 2
-394.5 11994.5 -152.3 2 0 8.7 9.1 7.5 0.0 0 1 3 2 2
-434.5 12008.5 -154.5 182 0 8.7 9.1 5.0 2.5 4 1 2 4 4
-415.9 12012.0 -153.5 272 0 9.1 8.7 5.0 2.5 2 0 2 2 2
-400.7 12010.5 -152.5 272 0 9.1 8.7 5.0 2.5 4 0 2 4 4
4194.3 10893.5 -113.4 32 0 7.6 12.0 10.5 3.5 2 1 3 0 0
4183.0 10871.0 -116.6 24 0 7.9 8.9 10.5 3.5 4 1 3 4 4
4188.2 10820.7 -121.4 273 0 6.4 12.9 10.5 3.5 2 1 3 1 1
4208.0 10907.5 -110.5 192 0 8.2 7.7 10.5 3.5 2 0 3 1 1
4198.8 10891.6 -112.8 211 0 8.2 13.0 10.5 3.5 2 1 3 5 5
4160.2 10911.2 -114.4 157 0 9.5 9.2 10.5 3.5 2 0 3 2 2
4173.0 10936.2 -111.1 233 0 4.9 5.1 10.5 3.5 2 1 3 5 5
4202.1 10910.6 -111.4 17 0 11.2 9.3 10.5 3.5 2 0 3 1 1
4194.8 10824.5 -119.5 186 0 12.5 5.5 10.5 3.5 2 0 3 3 3
4203.2 10921.2 -109.5 106 0 10.2 7.2 10.5 3.5 2 0 3 4 4
4221.4 10802.2 -119.8 132 0 8.3 7.2 10.5 3.5 2 0 3 3 3
4231.5 10798.1 -121.1 112 0 5.8 7.0 10.5 3.5 2 1 3 3 3
4180.6 10926.4 -111.9 346 0 5.7 8.0 10.5 3.5 2 1 3 5 5
4286.3 10743.8 -136.8 106 0 8.7 11.9 10.5 3.5 2 1 3 2 2
4318.4 10726.0 -141.3 84 0 10.2 7.0 10.5 3.5 2 0 3 5 5
1770.0 10771.4 -149.4 66 0 6.9 9.2 7.5 2.5 2 1 3 0 0
-6906.0 4344.5 -133.0 47 0 9.8 17.2 10.5 0.0 0 1 3 4 4
-6804.2 4348.2 -138.0 342 0 19.1 9.8 7.5 2.5 2 0 3 3 3
-6816.7 4364.1 -138.0 342 0 18.9 9.9 7.5 2.5 2 0 3 5 5
-6837.0 4387.5 -138.0 252 0 9.8 19.1 7.5 2.5 2 0 3 2 2
-5117.9 3652.2 -154.3 25 0 34.4 59.7 7.5 0.0 0 1 3 1 1
-5250.0 3647.7 -152.7 205 0 35.1 40.0 12.5 0.0 0 1 5 0 0
-5095.5 3830.2 -154.3 320 0 11.0 53.9 14.0 3.5 1 0 4 2 2
-4891.5 3458.7 -152.5 191 0 56.2 11.9 17.5 3.5 2 0 5 3 3
-4527.0 3003.3 -152.3 231 0 43.1 27.1 17.5 0.0 0 0 5 5 5
-6168.7 4038.0 -143.8 264 0 57.6 17.7 49.0 0.0 0 0 14 2 2
-5065.6 3640.0 -154.1 295 0 32.8 26.2 10.0 0.0 0 0 4 5 5
2576.4 10003.4 -148.7 237 0 6.2 10.7 10.5 3.5 2 1 3 3 3
2594.7 9975.3 -147.7 58 0 6.0 10.6 10.5 3.5 2 1 3 1 1
2569.3 9999.8 -148.5 238 0 6.1 10.7 10.5 3.5 2 1 3 4 4
2581.0 9979.5 -148.0 58 0 6.1 10.6 10.5 3.5 2 1 3 4 4
2589.2 9970.7 -147.5 58 0 6.0 10.6 10.5 3.5 2 1 3 1 1
2562.0 9985.7 -148.2 149 0 9.1 7.1 10.5 3.5 4 0 3 3 3
2563.5 9981.3 -147.8 239 0 9.0 7.1 10.5 3.5 2 0 3 2 2
2534.5 10005.3 -149.0 326 0 7.2 9.2 10.5 0.0 0 0 3 1 1
2538.5 9999.4 -148.7 326 0 7.1 9.1 10.5 3.5 2 0 3 5 5
2540.3 10021.7 -149.7 285 0 7.6 8.5 10.5 3.5 2 0 3 0 0
2533.0 10023.7 -149.8 285 0 7.5 8.5 10.5 3.5 4 0 3 1 1
-1656.3 12179.0 -155.2 104 0 7.5 8.5 7.5 2.5 2 1 3 3 3
-1639.9 12111.6 -153.2 163 0 7.4 8.9 7.5 2.5 2 1 3 2 2
-1257.2 12174.6 -158.8 118 0 8.5 7.7 7.5 0.0 0 0 3 4 4
-1646.1 12121.0 -153.4 162 0 7.4 8.9 7.5 2.5 2 1 3 1 1
-1645.4 12047.7 -152.3 78 0 7.6 8.5 7.5 2.5 4 1 3 0 0
-1269.8 12225.5 -158.8 301 0 8.5 7.6 10.5 3.5 2 0 3 4 4
-1659.8 12268.0 -157.7 158 0 7.1 9.2 7.5 2.5 2 0 3 2 2
-1640.6 12222.8 -156.3 9 0 7.6 8.5 7.5 0.0 0 1 3 2 2
-1646.4 12176.6 -155.1 104 0 7.6 8.5 7.5 2.5 2 1 3 0 0
-1290.0 12197.3 -159.3 208 0 7.6 8.5 7.5 2.5 2 1 3 2 2
-1472.3 12065.6 -154.5 270 0 8.5 7.6 10.5 3.5 2 0 3 2 2
-1247.0 12184.4 -158.5 28 0 7.6 8.5 10.5 0.0 0 1 3 4 4
-1331.7 11911.1 -166.4 129 0 7.5 8.5 10.5 3.5 2 1 3 0 0
-1510.9 11751.6 -155.9 158 0 7.6 8.5 7.5 0.0 0 1 3 4 4
-1478.2 12049.3 -154.0 282 0 6.7 7.4 10.5 3.5 2 1 3 2 2
-1502.6 11733.0 -156.6 158 0 7.6 8.5 7.5 2.5 4 1 3 0 0
2797.5 10272.4 -148.8 48 0 7.6 8.5 10.5 3.5 2 1 3 5 5
2775.5 10301.7 -150.9 321 0 7.6 8.5 10.5 3.5 4 1 3 2 2
2784.5 10290.9 -150.0 321 0 8.5 7.7 10.5 3.5 2 0 3 5 5
3014.1 9622.9 -142.3 193 0 20.3 6.6 10.5 3.5 2 0 3 3 3
3001.1 9573.4 -142.2 102 0 14.0 37.1 10.5 3.5 2 1 3 3 3
-1634.6 12102.7 -152.9 162 0 7.4 8.8 7.5 0.0 0 1 3 0 0
-1661.3 12275.0 -157.9 158 0 7.1 9.1 7.5 2.5 2 0 3 5 5
-1319.1 11926.7 -164.0 310 0 7.5 8.5 10.5 3.5 2 1 3 5 5
-1268.1 12191.5 -159.0 118 0 8.5 7.6 10.5 3.5 2 0 3 2 2
-1507.3 11764.3 -155.4 338 0 8.8 7.9 7.5 2.5 2 0 3 2 2
-1507.2 11742.3 -156.3 158 0 7.6 8.5 7.5 2.5 2 1 3 5 5
-1636.9 12067.1 -152.4 259 0 9.3 7.0 7.5 2.5 2 0 3 0 0
-1623.3 12034.0 -151.4 349 0 3.8 9.6 10.5 3.5 2 1 3 4 4
-1629.0 12041.3 -151.6 260 0 9.0 6.1 10.5 3.5 4 0 3 0 0
-1617.0 12021.3 -150.9 160 0 3.8 10.0 10.5 3.5 2 1 3 5 5
-1610.3 12053.6 -151.4 192 0 5.6 11.0 10.5 3.5 2 1 3 3 3
-3002.4 11500.5 -152.7 95 0 7.4 4.5 10.5 3.5 2 0 3 4 4
-3047.2 11477.7 -155.9 192 0 8.5 7.6 7.5 2.5 2 0 3 5 5
-3030.6 11473.2 -155.9 79 0 8.5 7.6 7.5 2.5 2 0 3 3 3
-3023.1 11480.3 -155.3 169 0 6.0 10.6 7.5 2.5 2 1 3 3 3
-3050.3 11599.2 -141.4 96 0 6.0 10.7 7.5 0.0 0 1 3 1 1
-3061.2 11600.2 -141.2 96 0 6.0 10.6 7.5 2.5 2 1 3 3 3
-3033.6 11667.9 -140.2 69 0 7.6 8.5 7.5 2.5 2 1 3 5 5
-3053.9 11664.2 -139.4 161 0 7.6 8.4 7.5 2.5 2 1 3 5 5
-2357.7 11381.4 -157.2 198 0 8.5 7.6 10.5 3.5 2 0 3 4 4
-2338.7 11389.2 -157.3 288 0 8.5 7.6 10.5 3.5 2 0 3 0 0
-2332.9 11364.3 -156.3 108 0 7.6 8.6 10.5 3.5 4 1 3 0 0
-2327.7 11383.1 -156.8 288 0 7.6 8.5 10.5 3.5 2 1 3 2 2
-2643.2 11823.5 -159.4 191 0 8.5 7.6 7.5 2.5 2 0 3 0 0
-2648.9 11852.4 -159.6 286 0 7.6 8.5 7.5 2.5 2 1 3 4 4
-2638.5 11872.8 -160.2 16 0 8.5 7.6 7.5 0.0 0 0 3 5 5
-2655.1 11874.6 -159.3 14 0 10.6 6.0 7.5 2.5 4 0 3 1 1
-2668.2 11891.4 -158.4 194 0 8.5 7.5 7.5 2.5 2 0 3 5 5
-2676.5 11859.9 -158.7 202 0 9.4 6.8 7.5 0.0 0 0 3 5 5
-2960.9 11574.6 -146.1 94 0 7.6 8.5 10.5 3.5 2 1 3 1 1
-3078.6 11473.8 -158.0 282 0 7.1 9.1 7.5 2.5 4 1 3 1 1
-3126.9 11490.1 -158.1 84 0 8.5 7.6 7.5 2.5 2 0 3 0 0
-3152.1 11482.4 -157.2 85 0 8.6 7.7 7.5 2.5 2 0 3 3 3
-3140.2 11436.2 -158.0 246 0 7.6 8.5 7.5 2.5 2 1 3 0 0
-3045.1 11577.2 -144.8 282 0 8.5 7.6 7.5 2.5 2 0 3 0 0
-2472.6 11624.7 -159.4 59 0 72.5 160.0 17.5 0.0 0 1 5 3 3
-280.8 11868.0 -152.1 353 0 7.3 6.8 10.5 3.5 2 0 3 5 5
-254.1 11840.8 -151.6 247 0 7.7 9.0 10.5 3.5 4 1 3 5 5
-264.7 8489.5 -128.4 86 0 8.4 13.0 10.5 3.5 2 1 3 0 0
29.2 8458.2 -122.3 207 0 13.3 10.5 17.5 0.0 0 0 5 2 2
5179.5 9816.9 -146.2 296 0 16.3 20.0 10.5 3.5 2 1 3 0 0
5627.6 9887.6 -154.1 42 0 6.6 10.0 10.5 3.5 2 1 3 4 4
753.9 12723.9 -148.3 90 0 19.3 14.9 17.5 3.5 4 0 5 2 2
596.6 12464.1 -150.0 231 0 17.9 26.0 12.5 2.5 2 1 5 1 1
6026.2 10755.2 -138.2 140 0 6.2 5.8 3.5 3.5 2 0 1 5 5
2151.5 11209.7 -148.4 349 0 15.4 12.1 2.5 2.5 2 0 1 4 4
1106.3 12677.2 -140.8 121 0 8.1 9.0 10.5 3.5 2 1 3 5 5
-1707.9 12098.6 -154.3 20 0 10.9 9.1 10.5 0.0 0 0 3 0 0
-1778.3 12164.8 -156.5 327 0 17.2 18.8 14.0 3.5 2 1 4 2 2
-1754.9 12193.3 -157.7 49 0 13.8 7.2 7.0 0.0 0 0 2 5 5
4294.1 10620.9 -150.3 203 0 12.3 5.4 10.5 3.5 2 0 3 2 2
4304.3 10623.3 -150.4 293 0 5.5 12.3 10.5 3.5 2 1 3 5 5
4309.4 10621.1 -150.5 292 0 5.4 12.3 10.5 3.5 2 1 3 1 1
4309.9 10607.6 -150.6 112 0 5.4 12.3 10.5 3.5 2 1 3 4 4
2413.7 10429.5 -149.2 16 0 8.5 7.4 10.5 0.0 0 0 3 5 5
735.2 12322.5 -150.5 354 0 6.9 9.7 10.5 3.5 2 1 3 2 2
