957.3 -8977.3 -5.7 332 0 84.2 129.3 17.5 0.0 0 1 5 4 4
586.6 -8576.6 -3.7 150 0 86.5 122.9 17.5 0.0 0 1 5 3 3
-2630.3 -11279.6 -15.0 0 0 188.6 135.6 10.0 0.0 0 0 4 3 3
-6341.3 11294.5 -17.0 68 0 105.7 20.6 7.5 0.0 0 0 3 2 2
4876.3 -12179.8 -11.1 207 0 50.6 48.8 14.0 0.0 0 0 4 1 1
5260.4 -10994.5 -4.1 11 0 44.3 99.1 10.0 0.0 0 1 4 5 5
5081.8 -10976.5 -4.4 104 0 96.4 38.5 12.5 0.0 0 0 5 1 1
-2799.0 -4950.0 -2.3 181 0 68.9 57.6 10.0 0.0 0 0 4 4 4
-2797.1 -4878.8 -3.4 182 0 74.1 58.3 10.0 0.0 0 0 4 3 3
-2794.6 -4794.1 -4.9 182 0 95.9 58.1 12.5 0.0 0 0 5 1 1
-2756.5 -4606.9 -6.8 273 0 63.0 70.5 12.5 0.0 0 0 5 3 3
-2648.6 -4808.2 5.2 7 0 10.8 20.6 4.0 2.5 2 0 1 0 0
410.1 -8639.3 -5.7 331 0 32.3 23.6 17.5 0.0 0 0 5 2 2
698.1 -9163.2 -6.6 332 0 31.9 24.8 17.5 0.0 0 0 5 5 5
-2146.7 -10487.2 -11.4 90 0 12.6 84.5 7.5 2.5 2 1 3 3 3
-2118.1 -10486.5 -12.0 89 0 12.9 84.2 10.0 2.5 2 1 4 5 5
-2088.4 -10443.9 -11.0 359 0 84.2 12.4 12.5 2.5 2 0 5 3 3
-2126.5 -10386.4 -11.7 52 0 15.0 23.8 10.0 2.5 2 1 4 3 3
-2093.1 -10386.8 -11.3 52 0 15.0 25.1 7.5 2.5 2 1 3 5 5
-2126.8 -10298.2 -12.5 305 0 13.1 23.9 7.5 2.5 2 1 3 5 5
-2094.6 -10298.0 -11.8 304 0 14.5 24.2 10.0 2.5 2 1 4 1 1
-2153.7 -10220.1 -12.2 271 0 14.2 64.7 10.0 0.0 0 1 4 3 3
-2127.1 -10220.7 -11.6 270 0 13.1 62.9 10.0 2.5 2 1 4 0 0
2402.2 -10223.3 -9.6 354 0 326.5 103.3 10.0 0.0 0 0 4 1 1
2163.9 -10384.3 -10.2 330 0 56.7 91.8 14.0 0.0 0 1 4 4 4
-707.6 -9214.7 -15.3 226 0 308.4 480.4 14.0 0.0 0 1 4 4 4
-2629.1 -11439.3 -15.1 0 0 100.2 90.1 7.5 0.0 0 0 3 2 2
1367.3 -8551.2 -11.5 238 0 152.9 271.6 14.0 0.0 0 1 4 0 0
1264.7 -7765.0 -5.7 187 0 66.1 132.5 17.5 0.0 0 1 5 3 3
1759.0 -9363.9 -9.3 240 0 84.1 101.4 17.5 0.0 0 1 5 0 0
-2150.2 -10651.8 -11.6 180 0 204.8 121.9 14.0 0.0 0 0 4 4 4
-2147.2 -10820.5 -10.5 180 0 29.1 120.1 14.0 0.0 0 1 4 3 3
-2194.6 -9188.7 -9.2 182 0 86.9 139.4 14.0 0.0 0 1 4 0 0
-2799.1 -11765.7 -9.6 360 0 139.3 74.1 10.0 0.0 0 0 4 5 5
870.2 -8292.8 -8.6 62 0 89.4 121.4 14.0 0.0 0 1 4 1 1
684.9 -8313.6 -4.3 151 0 66.0 124.4 14.0 0.0 0 1 4 3 3
-2877.1 -11924.2 -9.6 180 0 67.5 75.5 15.0 0.0 0 1 6 5 5
-1207.2 -11783.0 -13.9 359 0 88.8 72.7 14.0 0.0 0 0 4 1 1
-1240.3 -12093.8 -8.7 231 0 67.7 54.9 10.0 0.0 0 0 4 0 0
-940.2 -12397.8 -12.0 55 0 77.9 49.5 12.5 0.0 0 0 5 3 3
-829.2 -12410.7 -14.8 0 0 54.7 83.9 12.5 0.0 0 1 5 2 2
-233.8 -11876.7 -17.2 51 0 43.1 63.4 14.0 0.0 0 1 4 2 2
5496.4 -12579.7 -6.3 100 0 84.2 32.5 14.0 0.0 0 0 4 4 4
3617.2 -10456.0 -1.5 178 0 133.6 25.2 14.0 0.0 0 0 4 5 5
-974.6 -12320.2 -9.3 54 0 25.1 51.5 12.5 2.5 2 1 5 3 3
6764.3 -12283.4 -15.4 215 0 71.4 25.7 10.0 0.0 0 0 4 5 5
6927.7 -12228.5 -14.7 35 0 90.2 27.3 12.5 0.0 0 0 5 0 0
6248.8 -12030.1 -11.9 40 0 18.0 58.4 7.5 2.5 2 1 3 2 2
6369.3 -12394.6 -13.1 178 0 70.6 42.7 17.5 0.0 0 0 7 5 5
4622.0 -11791.9 -12.0 43 0 24.0 93.9 10.0 0.0 0 1 4 4 4
4596.4 -11820.8 -12.1 48 0 30.3 107.7 12.5 0.0 0 1 5 3 3
-2391.0 -10572.1 -10.7 180 0 45.9 149.2 14.0 0.0 0 1 4 2 2
-3102.3 -12742.8 -8.6 72 0 38.2 52.9 10.0 0.0 0 1 4 5 5
-3058.0 -12700.9 -9.5 340 0 51.0 31.8 10.0 0.0 0 0 4 5 5
-3141.8 -12728.6 -7.2 343 0 52.7 69.4 10.0 0.0 0 1 4 3 3
-1990.5 -12634.6 -10.4 148 0 65.1 57.1 7.5 0.0 0 0 3 4 4
-1108.5 -12017.6 -10.7 319 0 48.5 109.2 12.5 0.0 0 1 5 0 0
-1174.4 -12023.9 -10.5 50 0 113.2 51.3 15.0 0.0 0 0 6 4 4
1188.7 -8322.0 -9.2 61 0 86.8 147.3 17.5 0.0 0 1 5 0 0
1489.2 -8070.4 -11.9 332 0 136.8 64.8 14.0 0.0 0 0 4 1 1
-2746.4 -11388.7 -15.1 269 0 52.8 99.5 12.5 0.0 0 0 5 5 5
-3024.9 -10751.2 -10.9 360 0 55.6 61.5 10.0 0.0 0 1 4 5 5
-4612.7 -11937.2 -15.2 291 0 101.0 88.6 12.5 0.0 0 0 5 2 2
-4589.7 -12230.3 -16.1 117 0 189.3 284.2 10.0 0.0 0 1 4 1 1
-2680.5 -9490.5 -15.3 271 0 91.1 308.8 10.0 0.0 0 1 4 5 5
-2498.0 -12229.6 -3.6 270 0 16.2 39.3 7.5 2.5 2 1 3 0 0
-2544.9 -12230.3 -3.7 269 0 72.9 38.1 10.0 0.0 0 0 4 3 3
-2147.8 -10781.7 -9.7 179 0 42.3 121.3 14.0 0.0 0 1 4 0 0
-2490.2 -12577.5 -11.6 273 0 26.1 25.9 7.5 0.0 0 0 3 5 5
-1040.0 -7162.2 -6.0 269 0 50.7 48.9 10.5 0.0 0 0 3 5 5
-1028.8 -12173.3 -9.7 50 0 34.5 40.5 10.0 0.0 0 1 4 0 0
-5419.6 -11089.0 -15.7 297 0 47.0 70.8 10.0 0.0 0 1 4 3 3
4026.0 -3326.1 -7.6 359 0 50.1 71.1 10.0 0.0 0 1 4 1 1
3906.4 -11309.6 -2.6 214 0 51.7 49.2 10.0 0.0 0 0 4 5 5
6101.9 -11721.4 -10.8 182 0 36.3 41.5 10.0 0.0 0 1 4 2 2
5464.4 -12336.4 -9.9 297 0 82.5 98.6 10.5 0.0 0 1 3 0 0
6714.6 -10479.3 -13.0 122 0 39.6 35.1 10.0 0.0 0 0 4 0 0
6723.6 -11126.5 -12.5 133 0 59.2 33.9 10.0 0.0 0 0 4 2 2
4010.4 -4872.7 -4.7 270 0 109.0 121.1 10.0 0.0 0 1 4 0 0
1689.8 -9666.7 -8.8 60 0 25.3 14.9 14.0 3.5 2 0 4 2 2
31.3 -1339.7 -1.5 89 0 51.1 80.4 7.5 0.0 0 1 3 2 2
62.3 -1011.2 -1.6 360 0 73.8 110.2 10.0 0.0 0 0 4 2 2
280.6 -3028.0 -6.2 140 0 358.6 282.0 10.0 0.0 0 0 4 3 3
240.4 -2758.1 -5.8 41 0 280.8 292.9 10.0 0.0 0 1 4 1 1
1328.4 -8328.6 -5.7 331 0 104.3 164.2 17.5 0.0 0 1 5 1 1
