2196.7 -5130.9 -125.7 179 0 109.8 233.7 14.0 0.0 0 1 4 4 4
6915.4 -5000.1 -160.2 333 0 145.1 310.3 14.0 0.0 0 1 4 1 1
3698.0 11888.3 -76.4 348 0 49.4 126.2 14.0 0.0 0 1 4 5 5
1841.9 10862.3 -66.0 238 0 62.3 140.4 14.0 0.0 0 1 4 4 4
6395.8 -4772.9 -148.8 333 0 74.7 151.6 14.0 0.0 0 1 4 0 0
6584.6 -4757.9 -153.9 63 0 162.5 285.2 14.0 0.0 0 1 4 5 5
6349.1 -4681.6 -152.6 334 0 72.5 296.5 10.5 0.0 0 1 3 3 3
6117.2 -4912.8 -152.7 154 0 74.7 145.1 14.0 0.0 0 1 4 5 5
4961.3 -5492.2 -147.6 243 0 48.5 89.0 14.0 0.0 0 1 4 1 1
6182.8 5552.7 -100.3 152 0 118.9 36.8 7.5 0.0 0 0 3 3 3
6214.2 5637.8 -102.1 242 0 37.6 118.2 12.5 0.0 0 0 5 2 2
5614.6 5854.6 -97.3 139 0 35.7 88.8 17.5 0.0 0 1 5 5 5
5648.5 5567.1 -104.3 140 0 118.0 139.3 14.0 0.0 0 1 4 0 0
5838.3 5805.5 -104.2 230 0 140.0 118.0 14.0 0.0 0 0 4 3 3
6356.3 5579.4 -105.9 61 0 35.0 119.4 10.0 0.0 0 1 4 5 5
6307.1 5553.5 -103.6 62 0 46.7 118.2 15.0 0.0 0 0 6 3 3
6265.9 -4634.9 -149.2 58 0 39.8 35.2 14.0 0.0 0 0 4 1 1
6192.0 -4638.5 -145.7 238 0 79.3 25.8 14.0 0.0 0 0 4 5 5
4.8 -9428.9 -148.0 275 0 60.2 92.9 14.0 0.0 0 1 4 2 2
22.6 -9582.0 -152.3 5 0 92.6 50.1 14.0 0.0 0 0 4 1 1
-189.1 -9626.9 -157.7 185 0 124.2 117.4 14.0 0.0 0 0 4 2 2
-19.8 -9731.4 -157.4 95 0 60.4 93.2 14.0 0.0 0 1 4 5 5
-1673.0 -9305.0 -155.8 275 0 167.8 120.2 14.0 0.0 0 0 4 1 1
-1573.3 -9569.9 -153.7 95 0 47.1 120.3 14.0 0.0 0 1 4 5 5
-1768.6 -9457.8 -153.7 185 0 47.9 167.0 14.0 0.0 0 1 4 3 3
-1377.4 -9393.1 -154.9 5 0 128.1 143.8 14.0 0.0 0 1 4 3 3
332.7 -8315.7 -148.4 179 0 288.4 76.5 10.5 0.0 0 0 3 0 0
-1789.4 -7915.5 -147.4 179 0 172.8 68.4 14.0 0.0 0 0 4 3 3
279.9 -8215.6 -144.9 359 0 132.7 85.7 14.0 0.0 0 0 4 4 4
-1781.0 -8104.1 -148.9 179 0 130.9 63.7 14.0 0.0 0 0 4 3 3
-2706.5 -7291.0 -134.4 179 0 22.6 37.0 10.0 0.0 0 0 4 4 4
-2821.8 -6771.3 -144.5 179 0 108.6 57.7 10.0 0.0 0 0 4 3 3
-2677.1 -7388.2 -140.7 89 0 36.6 79.2 12.5 0.0 0 0 5 4 4
-2582.6 -6866.6 -140.8 359 0 273.7 154.4 12.5 0.0 0 0 5 4 4
-4884.2 10601.3 -88.7 82 0 70.3 160.1 10.5 0.0 0 1 3 5 5
-840.8 7744.9 -84.2 89 0 114.4 136.5 14.0 0.0 0 1 4 3 3
-653.3 7898.0 -85.8 278 0 127.4 82.7 14.0 0.0 0 0 4 4 4
-677.6 7735.0 -85.8 98 0 127.6 73.3 14.0 0.0 0 0 4 0 0
-550.9 9127.9 -74.8 246 0 64.4 160.9 17.5 0.0 0 1 5 2 2
-624.8 8893.0 -71.5 64 0 30.5 78.6 17.5 0.0 0 1 5 5 5
-693.9 9026.5 -68.4 156 0 36.7 125.8 17.5 0.0 0 1 5 4 4
-559.1 8931.8 -72.9 65 0 86.6 72.5 17.5 0.0 0 0 5 4 4
3060.0 12232.6 -89.9 44 0 35.9 60.1 14.0 0.0 0 1 4 5 5
3063.9 12199.2 -86.8 224 0 103.1 45.2 14.0 0.0 0 0 4 0 0
3036.9 12185.5 -89.5 44 0 45.4 94.9 14.0 0.0 0 1 4 0 0
4677.8 3968.2 -106.9 178 0 111.3 43.0 17.5 0.0 0 0 5 1 1
4741.1 3996.5 -108.1 179 0 57.3 147.6 14.0 0.0 0 1 4 5 5
4996.7 4035.1 -108.2 89 0 70.2 99.0 17.5 0.0 0 1 5 5 5
5135.8 3997.9 -109.5 180 0 105.8 32.0 17.5 0.0 0 0 5 2 2
4994.7 4145.9 -104.7 89 0 70.8 100.5 17.5 0.0 0 1 5 1 1
5220.8 3998.5 -107.9 360 0 105.9 32.1 14.0 0.0 0 0 4 5 5
4694.9 4157.8 -99.4 269 0 41.7 112.9 14.0 0.0 0 1 4 4 4
4997.0 4024.2 -110.7 269 0 70.1 100.4 14.0 0.0 0 1 4 0 0
5152.0 4201.3 -108.8 270 0 32.0 105.9 14.0 0.0 0 1 4 4 4
5203.8 4200.8 -108.4 270 0 32.1 106.0 17.5 0.0 0 1 5 5 5
4942.4 4147.0 -101.8 359 0 52.3 207.5 17.5 0.0 0 1 5 5 5
4945.2 3974.0 -109.7 359 0 110.5 39.8 14.0 0.0 0 0 4 5 5
4840.0 4046.8 -104.1 89 0 198.4 50.7 14.0 0.0 0 0 4 3 3
-13.2 11034.7 -60.3 251 0 48.7 126.1 17.5 0.0 0 0 5 2 2
4150.8 -4562.3 -122.7 101 0 43.9 18.8 14.0 3.5 2 0 4 3 3
4156.1 -4404.8 -117.4 143 0 28.3 17.1 14.0 3.5 4 0 4 0 0
4020.5 -4628.9 -118.2 208 0 39.2 20.2 10.5 0.0 0 0 3 0 0
4248.6 -4296.5 -123.8 24 0 101.2 21.6 14.0 0.0 0 0 4 0 0
1764.9 -6420.1 -142.8 53 0 32.5 25.9 14.0 0.0 0 0 4 2 2
-6820.3 -1773.2 -139.9 270 0 72.5 189.2 14.0 0.0 0 1 4 1 1
1854.3 1491.4 -108.4 156 0 10.6 11.1 14.0 3.5 2 1 4 4 4
1570.9 1054.5 -101.0 331 0 179.2 83.4 14.0 0.0 0 0 4 5 5
-2018.2 -1001.6 -98.8 353 0 44.2 32.0 7.5 0.0 0 0 3 4 4
1829.8 2062.2 -100.0 187 0 144.8 84.9 14.0 0.0 0 0 4 4 4
-6367.0 4864.4 -119.9 241 0 32.1 183.4 14.0 0.0 0 1 4 4 4
-6450.5 4977.5 -126.2 61 0 47.4 44.4 17.5 0.0 0 0 5 5 5
-966.5 9307.1 -63.7 243 0 22.3 54.2 14.0 3.5 2 1 4 4 4
-1000.9 9289.9 -64.8 243 0 22.0 53.9 14.0 0.0 0 1 4 1 1
-937.7 9168.3 -77.2 153 0 130.0 35.3 14.0 0.0 0 0 4 3 3
-4967.0 6446.6 -120.9 229 0 49.8 100.7 10.5 0.0 0 1 3 2 2
-4837.8 6497.3 -118.6 319 0 89.8 55.6 10.5 0.0 0 0 3 3 3
-4923.1 6482.4 -119.8 229 0 37.5 98.7 10.5 0.0 0 0 3 3 3
-5017.0 6337.9 -120.7 140 0 100.9 71.9 10.5 0.0 0 0 3 5 5
-4710.1 6321.9 -121.7 49 0 35.0 146.4 10.5 0.0 0 1 3 4 4
-4926.2 6242.0 -122.5 140 0 36.7 187.5 10.5 0.0 0 1 3 5 5
-4957.5 6281.2 -121.3 140 0 37.1 187.9 10.5 0.0 0 1 3 4 4
-4532.9 4392.4 -122.9 83 0 59.3 164.4 14.0 0.0 0 1 4 1 1
-68.4 9296.8 -64.8 81 0 16.2 56.0 17.5 3.5 2 1 5 2 2
-6429.2 5936.2 -128.0 229 0 97.6 83.3 14.0 0.0 0 0 4 0 0
-5469.8 -2926.8 -139.2 74 0 19.6 97.8 10.5 0.0 0 1 3 3 3
-5335.1 -3141.4 -141.6 74 0 18.9 97.5 14.0 0.0 0 1 4 0 0
4223.0 -5879.9 -150.5 63 0 141.8 32.6 14.0 0.0 0 0 4 2 2
2556.5 -6567.8 -143.8 161 0 63.8 123.9 14.0 0.0 0 1 4 3 3
1869.8 -8838.4 -157.0 154 0 91.5 212.9 10.5 0.0 0 1 3 0 0
1120.1 10121.6 -59.3 331 0 14.7 44.6 17.5 3.5 2 1 5 0 0
520.4 10588.5 -57.5 246 0 11.4 12.6 14.0 3.5 2 1 4 5 5
1299.0 9902.1 -65.3 82 0 31.4 49.6 14.0 0.0 0 1 4 1 1
1101.9 10152.4 -60.7 331 0 11.4 10.5 17.5 3.5 4 0 5 2 2
732.6 10294.9 -64.7 330 0 11.1 10.2 17.5 3.5 2 0 5 2 2
571.2 10594.1 -58.2 246 0 10.2 12.6 14.0 3.5 2 1 4 2 2
984.0 10231.6 -66.4 148 0 11.3 30.3 17.5 3.5 2 0 5 3 3
753.9 10247.9 -65.4 60 0 11.1 11.5 17.5 3.5 2 1 5 1 1
916.8 11675.2 -69.9 69 0 25.5 103.7 17.5 0.0 0 1 5 4 4
1397.0 9895.9 -69.0 259 0 31.0 60.7 14.0 0.0 0 1 4 3 3
1078.5 10194.7 -63.1 331 0 11.4 10.5 17.5 3.5 2 0 5 2 2
1024.2 10239.8 -65.9 331 0 11.4 10.5 17.5 3.5 2 0 5 3 3
1076.4 10116.1 -58.7 331 0 10.3 10.1 17.5 3.5 2 0 5 0 0
407.9 10177.2 -55.8 60 0 22.5 96.1 12.5 0.0 0 1 5 3 3
1212.0 10000.5 -64.0 260 0 11.6 50.1 14.0 3.5 2 1 4 5 5
1031.6 10226.4 -65.1 331 0 11.4 10.5 17.5 3.5 2 0 5 5 5
505.7 10582.0 -57.0 246 0 11.4 12.6 14.0 3.5 4 1 4 3 3
1056.0 10182.2 -62.9 331 0 11.4 10.5 17.5 3.5 2 0 5 2 2
1200.1 10383.6 -69.3 45 0 39.0 11.1 14.0 3.5 2 0 4 0 0
456.5 10519.5 -55.5 65 0 19.5 49.6 17.5 3.5 2 1 5 2 2
535.0 10595.1 -58.0 246 0 11.4 12.6 14.0 3.5 2 1 4 0 0
1054.1 10238.9 -65.3 331 0 11.4 10.5 17.5 3.5 2 0 5 5 5
1090.5 11662.5 -76.7 159 0 76.7 21.0 17.5 0.0 0 0 5 0 0
1143.0 10049.9 -55.7 352 0 10.8 9.9 10.5 0.0 0 0 3 0 0
1157.7 9924.8 -65.6 82 0 4.2 9.6 10.5 3.5 2 1 3 2 2
1031.4 10316.2 -69.2 137 0 10.5 82.5 14.0 0.0 0 1 4 5 5
630.8 10314.2 -58.9 330 0 21.9 42.0 12.5 0.0 0 1 5 0 0
1090.6 10146.1 -60.3 331 0 11.4 23.4 17.5 3.5 2 1 5 5 5
1228.1 10022.5 -51.4 86 0 22.7 10.2 14.0 3.5 2 0 4 1 1
531.9 10562.7 -56.8 66 0 11.4 12.6 14.0 3.5 2 1 4 5 5
620.6 10534.8 -58.3 336 0 11.7 10.2 17.5 3.5 2 0 5 1 1
534.6 10325.6 -54.5 240 0 19.5 58.6 15.0 0.0 0 1 6 4 4
820.6 10118.4 -62.0 227 0 34.2 8.1 10.5 3.5 2 0 3 1 1
1155.8 10051.7 -55.9 352 0 10.8 9.9 10.5 3.5 2 0 3 4 4
546.5 10569.3 -57.3 66 0 11.4 12.6 14.0 3.5 2 1 4 1 1
1437.4 9954.1 -44.6 352 0 10.5 37.4 14.0 3.5 2 1 4 2 2
477.4 10535.4 -54.1 338 0 5.7 9.0 10.5 3.5 2 1 3 4 4
1047.4 10197.7 -63.4 331 0 11.4 10.5 17.5 3.5 2 0 5 3 3
1140.9 10199.1 -64.2 150 0 27.0 49.4 14.0 0.0 0 1 4 3 3
753.8 10289.6 -65.0 330 0 12.0 10.2 17.5 3.5 2 0 5 1 1
626.7 10521.0 -58.7 336 0 12.3 10.2 17.5 3.5 2 0 5 3 3
761.5 10276.2 -65.2 330 0 11.1 10.2 17.5 3.5 2 0 5 5 5
1388.0 9817.7 -69.2 172 0 16.6 40.4 14.0 3.5 2 1 4 1 1
1095.9 9914.9 -62.0 82 0 26.9 63.2 17.5 0.0 0 1 5 1 1
1074.7 10175.0 -62.2 331 0 11.4 10.5 17.5 3.5 2 0 5 5 5
872.6 10153.2 -63.7 227 0 42.6 10.8 17.5 3.5 2 0 5 5 5
1203.6 10420.9 -68.8 315 0 8.4 100.8 10.5 3.5 2 1 3 3 3
549.3 10524.4 -54.0 246 0 12.3 10.8 17.5 3.5 2 0 5 3 3
1008.1 9915.2 -56.2 308 0 13.5 49.8 17.5 3.5 2 1 5 0 0
1040.2 10210.9 -64.2 331 0 11.4 10.5 17.5 3.5 2 0 5 5 5
542.9 10538.7 -53.6 246 0 12.3 12.6 17.5 0.0 0 1 5 4 4
1234.5 9821.6 -78.7 171 0 24.5 46.2 14.0 0.0 0 1 4 1 1
590.6 10339.1 -56.0 330 0 13.5 19.5 12.5 2.5 4 1 5 3 3
988.2 10259.1 -67.3 149 0 14.9 29.1 17.5 0.0 0 0 5 4 4
579.5 10615.0 -59.4 246 0 10.2 12.6 14.0 3.5 2 1 4 3 3
1124.6 9999.1 -53.1 352 0 10.8 9.9 10.5 3.5 2 0 3 3 3
1033.4 11681.5 -76.6 249 0 21.0 76.7 17.5 0.0 0 1 5 0 0
1198.8 10054.8 -55.4 150 0 16.5 39.8 14.0 3.5 2 1 4 5 5
1094.5 10165.8 -61.3 331 0 11.4 10.5 17.5 3.5 2 0 5 1 1
1140.6 11722.9 -76.8 249 0 21.0 76.7 17.5 0.0 0 1 5 1 1
1181.7 10442.9 -70.1 315 0 27.9 102.0 14.0 0.0 0 1 4 2 2
425.3 10504.9 -54.5 65 0 19.5 49.6 17.5 3.5 2 1 5 5 5
717.2 10268.6 -64.8 150 0 12.0 10.5 17.5 3.5 2 0 5 0 0
524.1 10542.1 -55.1 66 0 10.2 12.6 14.0 3.5 2 1 4 4 4
1111.9 9997.3 -52.9 352 0 10.8 9.9 10.5 3.5 4 0 3 0 0
587.0 10558.4 -56.6 246 0 10.2 12.6 17.5 3.5 2 1 5 4 4
833.8 10115.5 -61.5 227 0 26.1 8.9 10.5 3.5 2 0 3 1 1
1169.5 10072.8 -57.3 150 0 28.5 31.4 14.0 0.0 0 1 4 2 2
582.7 10568.3 -56.9 66 0 10.2 12.6 14.0 3.5 4 1 4 2 2
608.0 10550.7 -58.0 246 0 10.2 10.8 17.5 3.5 4 1 5 1 1
1156.8 10019.5 -54.2 352 0 10.8 9.9 10.5 3.5 4 0 3 3 3
638.8 10493.8 -59.5 336 0 10.5 10.2 17.5 3.5 2 0 5 0 0
1158.0 10346.6 -68.9 45 0 11.7 9.9 10.5 3.5 2 0 3 2 2
1071.8 9900.9 -71.2 262 0 31.4 50.0 17.5 0.0 0 1 5 5 5
1114.8 11713.0 -76.8 249 0 13.5 76.7 17.5 3.5 2 1 5 3 3
1273.6 9897.0 -67.7 82 0 8.0 49.6 10.5 3.5 2 1 3 4 4
464.4 10221.1 -49.7 60 0 12.0 27.1 12.5 2.5 2 1 5 5 5
451.4 10217.1 -49.8 60 0 9.1 19.2 5.0 2.5 2 1 2 2 2
568.0 10561.8 -56.4 66 0 10.2 12.6 14.0 3.5 2 1 4 4 4
767.3 10255.6 -65.5 60 0 10.2 11.5 17.5 3.5 2 1 5 3 3
1325.9 9995.4 -46.2 237 0 21.0 21.0 14.0 3.5 2 1 4 4 4
1146.9 10067.5 -56.7 352 0 12.1 15.5 17.5 3.5 2 1 5 3 3
1018.6 10181.7 -63.3 151 0 11.4 20.1 17.5 3.5 2 1 5 4 4
1234.9 9892.8 -72.2 80 0 11.6 50.1 14.0 3.5 2 1 4 0 0
1112.6 10250.0 -67.7 150 0 54.1 29.2 14.0 0.0 0 0 4 2 2
593.1 10597.0 -58.7 336 0 12.6 10.2 14.0 0.0 0 0 4 2 2
549.7 10601.6 -58.5 246 0 11.4 12.6 14.0 3.5 2 1 4 3 3
593.3 10544.1 -57.0 246 0 10.2 10.8 17.5 3.5 2 1 5 4 4
435.1 10193.0 -53.3 60 0 19.5 103.7 15.0 0.0 0 1 6 1 1
1144.1 10017.7 -54.1 352 0 10.8 9.9 10.5 3.5 2 0 3 5 5
1062.7 10223.4 -64.6 331 0 11.4 10.5 17.5 3.5 2 0 5 5 5
1355.8 9891.9 -71.0 259 0 32.5 61.2 14.0 0.0 0 1 4 2 2
538.2 10548.4 -55.5 66 0 11.4 12.6 14.0 0.0 0 1 4 4 4
1087.0 9988.3 -52.8 82 0 24.8 10.8 17.5 3.5 2 0 5 4 4
517.8 10556.4 -56.3 66 0 10.2 12.6 14.0 3.5 2 1 4 0 0
1083.2 10159.5 -61.1 331 0 11.4 19.5 17.5 3.5 2 1 5 5 5
980.3 11661.0 -76.1 249 0 21.0 76.7 17.5 0.0 0 1 5 1 1
1029.3 10284.2 -67.3 329 0 14.9 19.1 17.5 3.5 2 0 5 2 2
1046.7 10252.4 -65.8 331 0 11.4 10.5 17.5 3.5 2 0 5 0 0
702.2 10261.0 -64.1 150 0 10.2 10.8 17.5 3.5 2 1 5 1 1
1175.6 10006.3 -54.7 352 0 10.8 9.9 10.5 3.5 2 0 3 2 2
1422.1 9928.4 -52.4 82 0 37.4 10.5 14.0 3.5 2 0 4 0 0
632.9 10507.0 -59.1 336 0 12.3 10.2 17.5 3.5 2 0 5 1 1
1134.9 9920.4 -64.9 82 0 24.2 60.2 17.5 3.5 2 1 5 2 2
340.9 10492.7 -52.3 155 0 49.6 19.5 17.5 3.5 2 0 5 5 5
1048.0 10282.0 -68.3 150 0 38.8 17.7 14.0 0.0 0 0 4 1 1
1044.7 10175.9 -62.6 331 0 11.4 20.1 17.5 3.5 2 1 5 4 4
715.4 10222.3 -64.7 148 0 13.3 6.7 10.5 3.5 2 0 3 3 3
929.3 11641.4 -75.4 249 0 25.5 76.7 17.5 0.0 0 1 5 3 3
1346.8 9909.9 -57.7 82 0 31.4 49.6 14.0 0.0 0 1 4 4 4
564.9 10608.4 -58.9 246 0 10.2 12.6 14.0 3.5 2 1 4 1 1
724.6 10255.5 -65.0 150 0 12.0 11.4 17.5 3.5 4 0 5 4 4
1123.7 10031.7 -54.7 352 0 10.8 22.7 17.5 3.5 2 1 5 3 3
505.5 10308.7 -52.0 240 0 21.0 42.1 12.5 0.0 0 1 5 3 3
718.0 10233.3 -65.2 150 0 12.7 12.6 17.5 3.5 2 0 5 1 1
1137.4 10000.9 -53.2 352 0 10.8 9.9 10.5 3.5 4 0 3 3 3
1150.1 10002.7 -53.4 352 0 10.8 9.9 10.5 3.5 2 0 3 5 5
1162.9 10004.5 -53.7 352 0 10.8 9.9 10.5 3.5 2 0 3 4 4
1393.0 9914.9 -52.0 82 0 31.4 49.6 14.0 0.0 0 1 4 5 5
561.7 10576.1 -57.8 66 0 10.2 12.6 14.0 3.5 2 1 4 5 5
1169.6 10021.4 -54.4 352 0 10.8 9.9 10.5 3.5 4 0 3 1 1
601.7 10565.0 -57.6 246 0 10.2 12.6 17.5 3.5 2 1 5 4 4
553.4 10555.2 -56.0 66 0 10.2 12.6 14.0 0.0 0 1 4 1 1
1069.9 10210.3 -64.0 331 0 11.4 10.5 17.5 3.5 2 0 5 3 3
997.6 10219.8 -65.4 151 0 10.2 20.1 17.5 3.5 2 1 5 2 2
596.8 10574.6 -57.3 66 0 11.4 12.6 14.0 0.0 0 1 4 1 1
1085.9 10181.3 -62.5 331 0 11.4 10.5 17.5 3.5 2 0 5 1 1
1481.2 9907.0 -64.1 261 0 25.2 60.2 14.0 3.5 2 1 4 2 2
578.7 10537.6 -56.0 246 0 10.2 10.8 17.5 3.5 2 1 5 3 3
1202.7 9892.4 -78.4 349 0 45.3 9.3 10.5 3.5 2 0 3 4 4
1063.4 10168.8 -61.9 331 0 11.4 10.5 17.5 3.5 2 0 5 0 0
740.9 10282.2 -64.9 330 0 12.0 11.1 17.5 0.0 0 0 5 2 2
1088.6 11852.7 -72.0 249 0 25.5 103.7 14.0 0.0 0 1 4 0 0
1440.0 9898.0 -67.0 260 0 30.9 58.6 14.0 0.0 0 1 4 3 3
1051.4 10217.1 -64.5 331 0 11.4 10.5 17.5 3.5 2 0 5 1 1
1110.6 10136.6 -59.9 331 0 11.4 36.3 17.5 3.5 2 1 5 1 1
488.5 10567.3 -56.5 156 0 12.6 11.4 14.0 3.5 2 0 4 3 3
1254.8 9897.1 -69.7 80 0 11.1 47.2 14.0 0.0 0 1 4 4 4
508.8 10535.2 -54.6 66 0 8.7 12.6 10.5 3.5 4 1 3 4 4
1035.5 10246.1 -65.9 331 0 11.4 10.5 17.5 0.0 0 0 5 5 5
391.4 10489.0 -53.3 65 0 19.5 49.6 17.5 3.5 2 1 5 3 3
438.0 10243.4 -47.5 60 0 12.0 25.1 12.5 2.5 2 1 5 3 3
1149.2 10035.3 -55.0 352 0 10.8 9.9 10.5 3.5 4 0 3 5 5
342.8 10552.5 -54.6 245 0 53.9 18.0 17.5 3.5 2 0 5 3 3
1162.0 10037.1 -55.2 352 0 10.8 9.9 10.5 3.5 2 0 3 3 3
1041.2 11778.9 -71.7 159 0 103.7 25.5 14.0 0.0 0 0 4 5 5
1239.7 10003.7 -60.8 260 0 17.5 47.3 14.0 3.5 2 1 4 3 3
1107.7 10012.0 -53.6 352 0 9.6 19.4 10.5 0.0 0 1 3 3 3
710.1 10247.2 -64.7 150 0 12.0 12.6 17.5 3.5 2 1 5 1 1
1130.8 10048.2 -55.6 352 0 10.8 20.9 17.5 3.5 2 1 5 0 0
407.9 10583.0 -56.8 245 0 53.9 18.0 17.5 3.5 2 0 5 4 4
708.4 10234.3 -64.1 147 0 11.8 5.4 10.5 0.0 0 0 3 0 0
1312.7 9883.8 -73.2 262 0 31.4 58.7 14.0 0.0 0 1 4 1 1
871.2 10164.2 -64.2 227 0 29.6 5.7 10.5 3.5 2 0 3 2 2
1058.7 10204.0 -63.7 331 0 11.4 10.5 17.5 3.5 2 0 5 0 0
1052.1 10162.5 -61.7 331 0 11.4 20.1 17.5 3.5 2 1 5 2 2
1060.7 10147.0 -60.6 331 0 11.4 20.1 17.5 0.0 0 1 5 1 1
347.4 10196.4 -56.2 150 0 54.9 18.0 10.0 2.5 2 0 4 4 4
1011.4 10194.8 -63.9 151 0 11.4 20.1 17.5 3.5 2 1 5 2 2
1067.7 10187.7 -62.9 331 0 9.6 10.5 10.5 3.5 2 1 3 1 1
571.8 10551.6 -55.6 246 0 11.4 12.6 17.5 3.5 2 1 5 3 3
1042.9 10232.7 -65.3 331 0 11.4 10.5 17.5 3.5 2 0 5 4 4
1303.8 10025.3 -40.4 46 0 6.6 13.7 10.5 3.5 2 1 3 5 5
699.9 10247.9 -63.7 150 0 13.9 7.0 10.5 3.5 2 0 3 3 3
887.2 10134.4 -62.3 227 0 38.4 18.0 17.5 3.5 2 0 5 4 4
1118.2 9853.1 -74.6 82 0 34.6 54.5 17.5 0.0 0 1 5 4 4
914.5 10185.3 -64.3 317 0 8.4 27.6 10.5 3.5 2 1 3 0 0
1253.9 9877.3 -79.0 262 0 52.3 25.0 14.0 3.5 2 0 4 4 4
1176.1 9926.2 -67.4 82 0 20.9 63.2 17.5 3.5 2 1 5 0 0
408.6 10312.3 -47.1 240 0 29.9 57.1 10.0 2.5 4 1 4 2 2
1131.3 10015.9 -54.0 352 0 10.8 20.9 17.5 3.5 2 1 5 4 4
1206.6 10011.5 -55.9 63 0 9.9 52.7 10.5 3.5 4 1 3 2 2
495.9 10553.6 -55.9 156 0 12.6 10.2 14.0 3.5 4 0 4 4 4
917.5 10130.1 -61.1 317 0 6.3 44.4 10.5 3.5 4 1 3 0 0
485.2 10541.3 -54.8 336 0 10.8 5.0 10.5 3.5 4 0 3 5 5
1191.4 10280.9 -68.1 315 0 31.8 43.3 14.0 0.0 0 1 4 3 3
514.3 10523.9 -51.5 246 0 9.6 10.8 10.5 3.5 2 1 3 4 4
739.7 10239.7 -65.3 60 0 10.5 11.5 17.5 3.5 2 1 5 1 1
517.7 10504.3 -51.9 156 0 10.8 9.6 10.5 3.5 2 0 3 3 3
534.5 10517.8 -52.9 246 0 9.6 10.8 10.5 3.5 2 1 3 0 0
-2704.2 -9019.5 -144.3 275 0 47.5 46.9 14.0 0.0 0 0 4 5 5
-2769.9 -8961.1 -144.6 94 0 25.8 52.7 14.0 3.5 2 1 4 5 5
95.5 -8514.2 -150.4 270 0 53.1 32.6 14.0 0.0 0 0 4 1 1
-26.7 -8510.1 -147.7 270 0 18.6 59.7 14.0 3.5 2 1 4 2 2
-3731.3 6725.5 -120.5 350 0 149.2 83.8 10.0 0.0 0 0 4 0 0
-3905.1 -10262.1 -156.4 91 0 21.3 31.9 14.0 0.0 0 1 4 3 3
-5353.7 6366.7 -124.2 39 0 124.1 201.6 10.5 0.0 0 1 3 2 2
-5505.4 6615.6 -122.4 194 0 153.8 319.6 10.5 0.0 0 1 3 2 2
-805.3 -8931.8 -153.6 179 0 13.6 30.6 21.0 0.0 0 1 6 0 0
-805.8 -8909.8 -153.4 179 0 12.8 12.2 24.5 0.0 0 0 7 3 3
-805.8 -8893.8 -153.1 179 0 12.3 12.1 24.5 0.0 0 0 7 0 0
-806.0 -8877.8 -152.7 179 0 13.0 12.0 24.5 0.0 0 0 7 1 1
-806.2 -8861.8 -152.7 179 0 13.1 12.4 28.0 0.0 0 0 8 1 1
-806.3 -8846.0 -152.6 179 0 12.8 12.7 24.5 0.0 0 0 7 5 5
-806.9 -8830.2 -152.6 179 0 13.1 12.6 24.5 0.0 0 0 7 4 4
-801.2 -8806.6 -152.5 269 0 12.4 13.9 31.5 0.0 0 1 9 5 5
-788.4 -8909.8 -153.3 179 0 12.8 12.2 14.0 3.5 4 0 4 2 2
-788.4 -8893.8 -152.9 179 0 12.3 12.1 14.0 3.5 2 0 4 5 5
-788.6 -8877.8 -152.5 179 0 13.0 12.0 14.0 3.5 2 0 4 4 4
-788.9 -8861.8 -152.3 179 0 13.1 12.4 14.0 3.5 2 0 4 5 5
-789.0 -8846.0 -152.2 179 0 12.8 12.7 14.0 3.5 2 0 4 3 3
-783.4 -8823.5 -152.1 269 0 12.6 13.1 14.0 0.0 0 1 4 1 1
-783.8 -8806.6 -152.1 269 0 12.4 13.9 14.0 3.5 2 1 4 4 4
-766.0 -8806.6 -151.7 269 0 12.4 13.9 14.0 3.5 2 1 4 1 1
-765.6 -8823.5 -151.7 269 0 12.6 13.1 14.0 3.5 4 1 4 1 1
-765.0 -8839.5 -151.8 269 0 12.7 12.8 14.0 3.5 2 1 4 1 1
-771.0 -8861.8 -152.0 179 0 13.1 12.4 14.0 3.5 2 0 4 0 0
-770.8 -8877.8 -152.3 179 0 13.0 12.0 14.0 3.5 2 0 4 4 4
-770.6 -8893.8 -152.7 179 0 12.3 12.1 14.0 3.5 2 0 4 2 2
-764.4 -8916.1 -153.1 89 0 12.2 12.8 14.0 3.5 2 1 4 4 4
-748.2 -8805.7 -151.2 269 0 12.4 13.9 14.0 3.5 2 1 4 2 2
-747.8 -8822.7 -151.3 269 0 12.6 13.1 14.0 3.5 2 1 4 4 4
-740.7 -8844.9 -151.4 359 0 12.8 12.7 14.0 3.5 2 0 4 4 4
-740.8 -8860.8 -151.8 359 0 13.1 12.4 14.0 3.5 2 0 4 1 1
-741.0 -8876.8 -152.1 359 0 13.0 12.0 14.0 3.5 2 0 4 2 2
-740.6 -8892.8 -152.5 359 0 12.3 12.1 14.0 3.5 2 0 4 5 5
-740.6 -8908.7 -152.9 359 0 12.8 12.2 14.0 3.5 2 0 4 2 2
-730.4 -8805.7 -150.8 269 0 12.4 13.9 14.0 3.5 2 1 4 2 2
-723.5 -8829.1 -150.9 359 0 13.1 12.6 14.0 3.5 2 0 4 4 4
-722.9 -8844.9 -151.2 359 0 12.8 12.7 14.0 3.5 4 0 4 2 2
-723.0 -8860.8 -151.6 359 0 13.1 12.4 14.0 0.0 0 0 4 4 4
-723.2 -8876.8 -152.0 359 0 13.0 12.0 14.0 3.5 2 0 4 5 5
-722.8 -8892.8 -152.3 359 0 12.3 12.1 14.0 0.0 0 0 4 0 0
-722.7 -8908.7 -152.7 359 0 12.8 12.2 14.0 3.5 4 0 4 1 1
-705.9 -8811.4 -150.4 359 0 13.9 12.4 14.0 3.5 2 0 4 3 3
-705.4 -8828.0 -150.7 359 0 13.1 12.6 14.0 3.5 2 0 4 0 0
-704.8 -8843.8 -151.0 359 0 12.8 12.7 14.0 3.5 4 0 4 2 2
-704.9 -8859.7 -151.4 359 0 13.1 12.4 14.0 3.5 2 0 4 5 5
-705.1 -8875.7 -151.8 359 0 13.0 12.0 14.0 3.5 2 0 4 1 1
-704.7 -8891.7 -152.1 359 0 12.3 12.1 14.0 3.5 2 0 4 5 5
-704.7 -8907.6 -152.5 359 0 12.8 12.2 14.0 3.5 2 0 4 1 1
-919.2 12164.6 -75.1 61 0 19.5 46.6 17.5 3.5 2 1 5 1 1
-1037.6 12815.0 -70.2 101 0 41.7 11.9 17.5 0.0 0 0 5 1 1
341.3 12747.0 -84.0 269 0 28.5 80.5 14.0 0.0 0 1 4 5 5
587.6 12330.5 -80.0 331 0 100.4 43.8 15.0 0.0 0 0 6 2 2
-1088.2 12820.2 -73.2 102 0 50.4 14.2 17.5 3.5 2 0 5 1 1
-1124.8 12122.6 -83.1 348 0 70.7 14.7 17.5 3.5 2 0 5 5 5
-1227.9 12181.1 -82.4 77 0 29.3 58.9 17.5 0.0 0 1 5 3 3
-1109.0 12266.5 -83.1 259 0 10.7 48.8 14.0 3.5 2 1 4 3 3
-953.0 12145.5 -74.2 62 0 24.7 50.1 17.5 3.5 2 1 5 1 1
-927.9 12804.7 -73.2 251 0 13.1 51.3 14.0 3.5 2 1 4 4 4
-890.7 12176.9 -76.0 63 0 22.6 47.7 17.5 3.5 2 1 5 5 5
-1097.2 12205.1 -82.2 258 0 12.3 56.4 14.0 3.5 2 1 4 2 2
-1148.7 12765.4 -75.6 179 0 47.8 18.0 17.5 3.5 2 0 5 5 5
-1195.7 12248.7 -86.7 256 0 27.5 63.5 17.5 0.0 0 1 5 3 3
-2046.5 2385.6 -95.3 84 0 7.0 53.8 10.5 3.5 2 1 3 3 3
-1951.6 2212.8 -86.9 47 0 25.9 34.6 14.0 0.0 0 1 4 3 3
-1974.2 2186.5 -78.7 47 0 15.9 43.1 14.0 3.5 2 1 4 0 0
-1896.5 2383.0 -103.8 293 0 10.3 13.9 14.0 3.5 2 1 4 5 5
-1465.9 11021.6 -56.4 210 0 163.0 135.4 17.5 0.0 0 0 5 0 0
-1291.1 11132.1 -71.2 280 0 189.1 88.7 17.5 0.0 0 0 5 3 3
-1232.5 10944.2 -68.2 17 0 149.3 108.3 17.5 0.0 0 0 5 4 4
-1594.9 10836.5 -66.8 27 0 184.8 190.8 14.0 0.0 0 1 4 5 5
-1809.1 11018.8 -65.8 290 0 149.3 128.8 14.0 0.0 0 0 4 2 2
-1959.8 10854.9 -53.1 4 0 65.2 141.1 14.0 0.0 0 1 4 5 5
-2124.1 10924.3 -52.7 3 0 197.3 104.5 17.5 0.0 0 0 5 2 2
-1541.6 10738.2 -56.2 100 0 98.6 172.3 14.0 0.0 0 1 4 3 3
5943.9 -5414.4 -151.1 63 0 52.7 150.0 14.0 0.0 0 1 4 3 3
5720.7 -5359.4 -144.6 334 0 42.7 45.0 14.0 0.0 0 1 4 2 2
5542.6 -5496.3 -148.1 63 0 65.3 16.8 10.5 3.5 2 0 3 4 4
5578.5 -5449.1 -149.3 153 0 50.0 52.6 14.0 0.0 0 1 4 0 0
5601.9 -5480.6 -149.1 153 0 19.0 31.8 14.0 0.0 0 1 4 5 5
1038.0 10263.9 -66.4 330 0 11.3 32.6 17.5 3.5 2 0 5 0 0
-1724.3 10745.9 -63.9 286 0 9.1 4.0 10.5 3.5 2 0 3 5 5
-1736.0 10688.8 -66.7 303 0 15.3 6.6 10.5 0.0 0 0 3 3 3
-1653.7 10729.5 -52.6 238 0 5.2 6.7 10.5 3.5 2 1 3 5 5
-1647.3 10708.1 -54.4 1 0 24.9 9.9 10.5 3.5 2 0 3 5 5
-1666.8 10736.2 -56.1 281 0 21.4 9.1 10.5 3.5 2 0 3 5 5
-1849.1 10731.4 -62.4 301 0 5.6 4.8 10.5 3.5 2 0 3 2 2
-1845.1 10737.3 -62.5 303 0 9.5 6.1 10.5 3.5 2 0 3 0 0
-1888.9 10769.0 -58.8 280 0 8.4 6.9 10.5 3.5 2 0 3 4 4
-1895.7 10779.1 -57.8 305 0 8.2 11.7 10.5 0.0 0 1 3 3 3
-1880.5 10782.4 -58.7 277 0 22.3 9.2 10.5 3.5 2 0 3 1 1
-1864.2 10773.7 -59.8 308 0 7.9 23.1 10.5 3.5 2 1 3 3 3
-1898.3 10731.7 -60.0 129 0 8.8 22.6 10.5 3.5 2 1 3 1 1
-1890.8 10718.8 -60.8 128 0 10.4 26.4 17.5 3.5 2 1 5 3 3
1103.1 -8974.6 -151.2 179 0 21.5 60.6 14.0 3.5 2 1 4 2 2
1232.5 -8972.3 -153.0 359 0 21.5 60.7 14.0 3.5 2 1 4 2 2
1121.6 -9057.5 -150.0 91 0 31.2 57.5 14.0 0.0 0 1 4 2 2
1166.3 -9056.0 -150.4 91 0 31.2 57.5 14.0 0.0 0 1 4 2 2
1204.7 -9053.4 -150.9 91 0 31.2 57.5 14.0 0.0 0 1 4 4 4
1123.5 -9155.0 -149.1 91 0 31.6 71.7 14.0 0.0 0 1 4 4 4
1168.0 -9156.7 -145.4 91 0 31.6 71.7 14.0 0.0 0 1 4 1 1
1209.8 -9156.7 -145.7 91 0 31.6 71.7 14.0 0.0 0 1 4 4 4
1252.5 -9153.2 -146.1 91 0 31.6 71.7 14.0 0.0 0 1 4 3 3
1166.3 -9249.5 -150.7 91 0 31.6 71.7 14.0 0.0 0 1 4 2 2
1212.4 -9248.6 -153.8 91 0 31.6 71.7 14.0 0.0 0 1 4 5 5
1254.2 -9248.6 -156.6 91 0 31.6 71.7 14.0 0.0 0 1 4 0 0
1114.4 -9199.5 -148.7 180 0 40.6 16.9 14.0 3.5 2 0 4 0 0
1111.4 -9247.9 -148.5 180 0 14.9 17.8 14.0 3.5 2 1 4 0 0
-1351.9 -9895.4 -151.8 184 0 56.4 22.3 14.0 3.5 2 0 4 5 5
-1355.8 -9960.4 -152.0 185 0 45.6 21.8 14.0 3.5 2 0 4 3 3
-1302.5 -10000.7 -152.1 95 0 32.4 57.9 10.5 0.0 0 1 3 0 0
-1310.2 -9895.9 -151.3 185 0 57.9 32.4 10.5 0.0 0 0 3 0 0
-1251.7 -9964.8 -156.1 95 0 45.5 90.7 10.5 0.0 0 1 3 1 1
-1342.6 -9845.4 -150.7 184 0 13.1 68.3 10.5 3.5 2 1 3 3 3
-1346.0 -9733.9 -152.0 185 0 63.4 32.1 10.5 0.0 0 0 3 3 3
-1282.8 -9712.3 -149.9 274 0 35.5 85.6 10.5 0.0 0 1 3 0 0
-1343.6 -9823.6 -150.5 184 0 12.2 69.0 10.5 3.5 2 1 3 3 3
-1254.3 -9994.8 -155.8 95 0 41.4 21.6 10.5 0.0 0 0 3 1 1
-1189.8 -9998.9 -157.4 94 0 37.5 119.7 10.5 0.0 0 1 3 5 5
-1263.5 -9850.5 -154.5 184 0 15.7 59.6 10.5 3.5 2 1 3 1 1
-1159.3 -9862.0 -155.9 5 0 18.8 37.9 10.5 3.5 4 1 3 5 5
3658.6 -6473.7 -151.5 62 0 26.3 103.3 14.0 0.0 0 1 4 2 2
3665.5 -6489.0 -152.4 242 0 26.5 77.5 10.5 0.0 0 1 3 1 1
5421.2 -5564.4 -143.6 64 0 34.7 21.9 14.0 0.0 0 0 4 2 2
5457.7 -5523.1 -145.0 243 0 38.0 9.5 10.5 3.5 2 0 3 0 0
5453.6 -5501.2 -144.5 62 0 25.9 7.1 10.5 3.5 2 0 3 5 5
6040.6 -4911.1 -153.2 153 0 53.8 29.3 10.5 0.0 0 0 3 2 2
5981.4 -4989.0 -152.9 243 0 24.9 25.2 14.0 0.0 0 0 4 2 2
6013.6 -5047.3 -153.3 64 0 40.8 33.2 14.0 0.0 0 0 4 0 0
5946.9 -5005.3 -153.0 243 0 28.0 52.5 14.0 0.0 0 1 4 2 2
6005.7 -5009.6 -152.8 333 0 8.2 22.3 10.5 3.5 2 0 3 5 5
5986.8 -4868.1 -151.2 333 0 54.7 18.1 14.0 3.5 2 0 4 5 5
5938.5 -4903.5 -150.6 63 0 18.2 57.3 14.0 3.5 2 0 4 1 1
5957.8 -5292.1 -148.1 153 0 65.5 119.7 10.0 0.0 0 1 4 0 0
6083.4 -5331.5 -152.0 63 0 55.9 45.7 10.0 0.0 0 0 4 3 3
6162.3 -5052.7 -150.7 242 0 51.1 151.9 14.0 0.0 0 1 4 5 5
4527.8 -5456.8 -143.6 153 0 98.2 30.1 14.0 0.0 0 0 4 2 2
4752.4 -5605.4 -146.3 242 0 46.2 81.0 14.0 0.0 0 1 4 5 5
4814.1 -5574.4 -146.7 242 0 46.2 81.0 14.0 0.0 0 1 4 5 5
6850.5 -4533.9 -154.3 161 0 152.7 25.4 14.0 0.0 0 0 4 1 1
6847.9 6132.8 -117.4 84 0 23.8 56.9 14.0 0.0 0 1 4 3 3
6808.0 6129.6 -116.8 84 0 23.8 54.4 17.5 3.5 2 1 5 5 5
6749.3 6149.9 -115.3 174 0 53.6 37.6 17.5 0.0 0 0 5 0 0
6821.1 6276.1 -117.9 245 0 4.4 18.1 5.0 0.0 0 1 2 5 5
1866.8 -8750.9 -157.3 243 0 62.4 15.4 7.5 2.5 2 0 3 0 0
-6240.7 -3044.0 -148.6 10 0 49.7 46.8 14.0 0.0 0 0 4 0 0
-5582.3 8211.5 -108.8 4 0 41.2 41.9 14.0 0.0 0 1 4 1 1
-5045.5 10811.1 -89.5 334 0 83.1 55.8 14.0 0.0 0 0 4 3 3
-2461.9 -8328.9 -153.4 179 0 63.1 32.5 12.5 0.0 0 0 5 0 0
-2363.8 -8117.4 -152.0 359 0 63.5 95.7 12.5 0.0 0 1 5 1 1
-2339.9 -8184.7 -146.7 179 0 20.5 30.0 14.0 0.0 0 1 4 4 4
-2358.7 -8174.6 -147.1 269 0 30.0 20.5 14.0 0.0 0 0 4 1 1
-2415.0 -8175.7 -149.3 269 0 66.8 21.5 14.0 0.0 0 0 4 4 4
-2236.6 -8182.8 -149.5 359 0 20.8 65.5 38.5 0.0 0 0 11 5 5
-2299.4 -8278.1 -148.9 269 0 89.8 10.0 20.0 0.0 0 0 8 3 3
-2359.8 -8284.4 -150.3 359 0 10.7 103.9 20.0 0.0 0 1 8 0 0
-2342.3 -8368.0 -152.9 179 0 18.9 88.9 17.5 0.0 0 1 7 0 0
-2343.0 -8310.1 -149.9 179 0 18.9 88.9 10.0 0.0 0 1 4 5 5
-2342.2 -8338.6 -150.9 179 0 21.3 15.8 10.0 2.5 4 0 4 2 2
-2357.0 -8327.4 -152.7 359 0 58.4 26.6 7.5 2.5 2 0 3 0 0
-2357.0 -8374.3 -154.2 359 0 15.9 98.0 10.0 2.5 2 1 4 3 3
-2262.5 -8395.3 -155.0 269 0 19.0 50.2 14.0 0.0 0 1 4 5 5
-2295.2 -8395.7 -154.1 269 0 19.0 50.2 14.0 3.5 4 1 4 1 1
-2328.9 -8396.5 -153.6 269 0 19.0 50.2 14.0 3.5 2 1 4 3 3
-2427.6 -8398.2 -156.4 269 0 19.0 50.2 14.0 3.5 2 1 4 0 0
-2393.9 -8397.3 -153.3 269 0 19.0 50.2 14.0 3.5 2 1 4 1 1
-2361.3 -8396.9 -153.0 269 0 19.0 50.2 14.0 0.0 0 1 4 3 3
-1889.4 -8522.2 -151.3 270 0 37.8 68.4 10.5 0.0 0 1 3 0 0
-1890.7 -8424.9 -159.3 270 0 37.8 68.4 10.5 0.0 0 1 3 5 5
-1945.3 -8425.8 -155.2 270 0 37.8 68.4 10.5 0.0 0 1 3 0 0
-1944.0 -8523.1 -154.4 270 0 37.8 68.4 10.5 0.0 0 1 3 0 0
-1998.2 -8429.5 -155.6 270 0 37.8 68.4 10.5 0.0 0 1 3 2 2
-1996.8 -8524.6 -156.0 270 0 37.8 65.1 10.5 0.0 0 1 3 2 2
-2047.9 -8435.3 -155.7 269 0 28.0 64.3 10.5 0.0 0 1 3 2 2
-2045.0 -8591.4 -156.2 89 0 28.0 64.3 10.5 0.0 0 1 3 1 1
-2092.9 -8434.9 -155.9 269 0 28.0 64.3 10.5 0.0 0 1 3 3 3
-2090.0 -8590.9 -156.2 89 0 28.0 64.3 10.5 0.0 0 1 3 1 1
-2189.0 -8471.3 -156.2 179 0 68.5 9.2 10.5 3.5 2 0 3 5 5
-2157.2 -8524.0 -156.1 89 0 63.2 10.7 10.5 3.5 2 0 3 5 5
-2111.1 -8182.7 -147.3 90 0 46.5 25.5 10.5 0.0 0 0 3 1 1
-2115.4 -8108.2 -145.6 269 0 45.4 11.7 10.5 3.5 2 0 3 0 0
-1159.8 -10555.2 -154.8 266 0 75.2 223.1 7.0 0.0 0 1 2 4 4
-1011.2 -10533.6 -153.5 267 0 63.3 224.0 7.0 0.0 0 1 2 4 4
-880.9 -10515.3 -153.8 266 0 75.0 223.2 7.0 0.0 0 1 2 0 0
-1736.9 -10636.9 -161.2 258 0 99.2 223.7 7.0 0.0 0 1 2 4 4
-1894.1 -10773.0 -160.7 172 0 222.4 108.1 7.0 0.0 0 0 2 5 5
-1458.0 -10597.0 -158.8 258 0 99.0 223.8 14.0 0.0 0 1 4 1 1
-1606.6 -10618.6 -161.1 257 0 97.4 224.0 7.0 0.0 0 1 2 3 3
4843.7 12833.3 -83.4 269 0 57.8 30.3 14.0 0.0 0 0 4 2 2
3078.9 12819.3 -89.6 146 0 20.5 153.9 21.0 0.0 0 1 6 5 5
1859.1 11458.8 -82.8 33 0 160.7 22.3 12.5 0.0 0 0 5 1 1
966.9 10138.3 -61.4 229 0 35.8 38.8 17.5 0.0 0 1 5 5 5
953.8 10101.2 -59.7 320 0 39.4 26.4 17.5 0.0 0 0 5 5 5
866.0 10027.2 -58.3 140 0 39.5 71.2 17.5 0.0 0 1 5 1 1
867.3 9919.2 -51.4 217 0 23.3 78.9 17.5 0.0 0 1 5 3 3
4500.2 -3027.7 151.1 63 0 9.2 11.0 3.5 3.5 2 0 1 4 4
4571.9 -3035.7 140.0 237 0 17.1 10.7 7.0 3.5 2 0 2 5 5
4605.6 -3014.4 143.7 315 0 8.6 18.5 7.0 3.5 2 1 2 3 3
4552.1 -3042.4 139.6 270 0 14.9 8.6 7.0 0.0 0 0 2 1 1
4582.4 -2992.6 148.1 54 0 13.9 23.7 7.0 3.5 2 1 2 0 0
4504.7 -3026.2 152.2 153 0 14.2 34.5 7.0 3.5 4 0 2 0 0
4472.2 -3029.2 138.7 86 0 9.1 10.0 3.5 3.5 2 0 1 1 1
4455.1 -3037.9 124.3 86 0 26.2 17.6 7.0 3.5 2 0 2 0 0
