-1989.6 -5446.2 -6.3 174 0 76.7 79.1 5.0 0.0 0 1 2 3 3
997.9 -12269.1 -16.3 187 0 51.4 84.7 10.0 0.0 0 1 4 2 2
574.9 -6079.8 -5.5 214 0 39.3 16.2 10.0 0.0 0 0 4 4 4
660.8 -6108.9 -5.5 124 0 16.2 39.3 10.0 2.5 2 1 4 4 4
708.2 -5861.9 -4.8 304 0 16.2 39.3 12.5 2.5 2 1 5 3 3
810.6 -6194.1 -5.3 34 0 39.3 16.2 10.0 2.5 2 0 4 3 3
673.8 -6153.7 -5.4 34 0 39.3 16.2 10.0 0.0 0 0 4 0 0
615.4 -6112.4 -5.5 214 0 39.3 16.2 7.5 2.5 2 0 3 4 4
701.9 -6112.7 -5.4 34 0 39.3 16.2 7.5 0.0 0 0 3 0 0
789.7 -6178.6 -5.2 34 0 39.3 16.2 10.0 2.5 2 0 4 3 3
740.5 -6206.3 -5.2 34 0 39.3 16.2 12.5 2.5 2 0 5 5 5
768.0 -6164.6 -5.0 34 0 39.3 16.2 10.0 2.5 2 0 4 2 2
766.2 -6228.6 -5.4 214 0 39.3 16.2 7.5 2.5 2 0 3 4 4
679.9 -5918.1 -5.7 34 0 39.3 16.2 12.5 2.5 2 0 5 2 2
759.9 -6222.7 -5.3 34 0 39.3 16.2 7.5 2.5 2 0 3 0 0
651.1 -6138.2 -5.4 34 0 39.3 16.2 7.5 2.5 2 0 3 0 0
568.5 -6072.7 -5.0 34 0 39.3 16.2 10.0 2.5 2 0 4 1 1
610.1 -6105.8 -5.5 34 0 39.3 16.2 12.5 0.0 0 0 5 5 5
-299.3 -11203.0 -14.7 90 0 20.8 56.5 7.5 2.5 2 1 3 4 4
-509.3 -11150.3 -14.2 0 0 89.6 48.3 12.5 0.0 0 0 5 4 4
-339.8 -11174.6 -14.5 181 0 56.4 22.0 10.0 2.5 2 0 4 0 0
5997.5 -10745.3 -16.5 66 0 19.2 22.7 7.5 2.5 2 1 3 5 5
5978.5 -10701.5 -16.3 247 0 18.5 22.8 7.5 2.5 2 1 3 2 2
5975.4 -10671.2 -16.2 336 0 23.1 18.9 10.0 2.5 2 0 4 4 4
5952.7 -10642.5 -15.8 246 0 18.7 22.6 15.0 0.0 0 1 6 0 0
5995.6 -10643.3 -15.2 65 0 36.4 21.2 10.0 0.0 0 0 4 1 1
6022.3 -10700.7 -16.7 64 0 13.4 26.1 10.0 2.5 2 1 4 3 3
6000.5 -10655.0 -16.0 244 0 13.7 24.2 7.5 0.0 0 1 3 4 4
6016.2 -10715.2 -16.9 245 0 16.4 19.3 10.0 2.5 2 1 4 5 5
6032.5 -10706.9 -17.1 245 0 16.1 20.4 10.0 2.5 2 1 4 3 3
6071.0 -10700.4 -17.0 334 0 20.3 19.8 7.5 2.5 2 0 3 2 2
6044.6 -10690.2 -16.4 155 0 20.0 19.3 7.5 2.5 2 0 3 1 1
6036.7 -10672.7 -15.8 155 0 18.7 19.1 5.0 2.5 2 0 2 4 4
6028.8 -10655.3 -15.3 157 0 19.1 18.9 7.5 2.5 2 0 3 3 3
6021.1 -10637.9 -14.7 156 0 19.0 18.6 7.5 2.5 2 0 3 5 5
6018.3 -10608.1 -14.2 247 0 18.7 18.8 10.0 2.5 2 0 4 3 3
5970.9 -10609.5 -14.6 67 0 19.8 21.8 7.5 2.5 2 1 3 0 0
5931.7 -10610.9 -14.9 155 0 15.6 24.7 12.5 2.5 2 1 5 3 3
5923.1 -10591.4 -14.6 159 0 21.1 21.4 10.0 2.5 2 0 4 2 2
5913.9 -10569.6 -14.4 153 0 19.7 20.7 10.0 2.5 2 0 4 3 3
5911.1 -10533.0 -13.1 191 0 18.9 21.3 12.5 2.5 2 0 5 2 2
5922.3 -10504.7 -13.5 213 0 16.6 21.2 10.0 2.5 2 0 4 2 2
5936.6 -10486.4 -13.5 222 0 18.0 20.4 10.0 2.5 2 0 4 5 5
5970.1 -10470.1 -13.3 308 0 12.1 22.7 7.5 2.5 2 0 3 0 0
5999.4 -10597.1 -14.2 65 0 10.7 23.9 10.0 2.5 2 1 4 1 1
6015.3 -10592.1 -14.0 65 0 10.7 28.3 10.0 2.5 2 1 4 2 2
6001.6 -10550.2 -13.8 335 0 27.8 10.0 10.0 2.5 4 0 4 3 3
5987.0 -10556.9 -14.0 336 0 23.6 9.9 7.5 2.5 2 0 3 5 5
5974.8 -10529.8 -13.8 336 0 23.7 9.7 7.5 2.5 2 0 3 3 3
5988.9 -10522.4 -13.6 335 0 27.8 9.8 5.0 0.0 0 0 2 2 2
6154.1 -10800.7 -18.8 69 0 19.7 24.4 5.0 2.5 2 1 2 5 5
6130.6 -10768.5 -18.4 157 0 23.8 19.8 7.5 0.0 0 0 3 3 3
6120.6 -10745.2 -18.0 157 0 24.4 19.7 10.0 0.0 0 0 4 4 4
6110.6 -10721.3 -17.2 157 0 24.1 19.4 12.5 2.5 2 0 5 0 0
6088.4 -10680.0 -16.0 156 0 30.8 25.4 12.5 0.0 0 0 5 3 3
6194.9 -10767.6 -18.7 337 0 24.9 18.2 10.0 2.5 2 0 4 0 0
6184.8 -10745.1 -17.9 337 0 22.3 17.7 7.5 2.5 2 0 3 2 2
6175.7 -10722.6 -17.2 336 0 24.2 17.8 12.5 2.5 2 0 5 2 2
6165.5 -10697.8 -16.4 338 0 24.7 18.0 12.5 2.5 2 0 5 2 2
6072.1 -10655.0 -15.1 156 0 24.4 17.9 10.0 2.5 2 0 4 0 0
6062.4 -10632.5 -14.4 158 0 24.6 18.1 10.0 2.5 2 0 4 3 3
6122.2 -10594.5 -13.5 268 0 17.2 30.3 12.5 2.5 2 0 5 4 4
6124.0 -10579.1 -12.6 245 0 20.5 16.8 7.5 2.5 2 0 3 0 0
6142.0 -10570.9 -12.4 246 0 19.3 17.0 5.0 2.5 2 0 2 5 5
6161.4 -10649.3 -14.4 7 0 12.5 26.2 7.5 2.5 2 1 3 4 4
6208.8 -10614.3 -13.4 285 0 14.6 22.7 7.5 2.5 2 0 3 3 3
6247.5 -10589.6 -12.2 335 0 20.8 17.6 10.0 2.5 2 0 4 3 3
6236.2 -10567.0 -11.5 335 0 20.1 17.0 7.5 2.5 2 0 3 0 0
6226.0 -10545.1 -11.4 334 0 21.6 16.8 12.5 2.5 2 0 5 1 1
6305.9 -10593.8 -11.7 156 0 23.6 17.2 10.0 0.0 0 0 4 4 4
6294.8 -10569.8 -10.9 157 0 22.8 18.1 10.0 2.5 2 0 4 2 2
6284.8 -10546.9 -10.3 155 0 21.5 17.6 10.0 2.5 2 0 4 4 4
6274.8 -10523.8 -10.6 156 0 21.5 17.7 10.0 2.5 2 0 4 3 3
6264.6 -10500.8 -10.8 157 0 21.0 17.8 10.0 2.5 2 0 4 5 5
6244.8 -10457.1 -10.6 156 0 22.1 17.8 7.5 2.5 2 0 3 3 3
6235.0 -10434.0 -10.9 158 0 21.5 17.2 10.0 2.5 2 0 4 0 0
6225.4 -10411.2 -11.2 157 0 22.2 17.4 12.5 2.5 4 0 5 1 1
6215.3 -10388.7 -11.5 155 0 21.2 16.8 10.0 2.5 2 0 4 2 2
6205.2 -10365.6 -11.7 157 0 21.8 16.5 10.0 2.5 2 0 4 4 4
6205.5 -10440.5 -11.0 66 0 16.9 22.5 10.0 2.5 2 1 4 1 1
6182.5 -10409.9 -11.5 155 0 22.6 16.9 10.0 2.5 2 0 4 2 2
6174.4 -10372.8 -11.9 245 0 16.7 21.9 15.0 0.0 0 1 6 3 3
6167.8 -10463.5 -11.3 154 0 20.9 16.8 5.0 2.5 2 0 2 5 5
6173.8 -10435.2 -11.2 336 0 22.6 17.8 10.0 2.5 2 0 4 3 3
6164.4 -10412.8 -11.3 335 0 21.7 18.4 7.5 2.5 2 0 3 0 0
6153.9 -10390.2 -11.9 334 0 23.6 18.2 10.0 2.5 2 0 4 0 0
6630.0 -10353.5 -7.6 332 0 19.8 16.3 10.0 2.5 2 0 4 5 5
6618.7 -10334.0 -8.3 332 0 20.4 15.5 7.5 2.5 2 0 3 4 4
6547.8 -10320.3 -9.8 150 0 22.1 15.9 12.5 2.5 2 0 5 1 1
6863.6 -10189.6 -11.5 66 0 84.3 91.6 12.5 0.0 0 1 5 5 5
6872.4 -10562.0 -13.9 60 0 23.2 20.4 10.0 2.5 2 0 4 1 1
6845.4 -10537.5 -13.5 149 0 22.4 23.8 12.5 2.5 2 0 5 2 2
6834.1 -10518.4 -13.1 150 0 22.5 23.8 15.0 0.0 0 0 6 4 4
6822.8 -10498.7 -12.7 150 0 23.3 23.4 12.5 2.5 2 0 5 0 0
6812.1 -10479.9 -12.3 151 0 20.8 22.6 12.5 2.5 2 0 5 4 4
6805.6 -10446.7 -11.9 239 0 22.2 21.4 7.5 2.5 2 0 3 3 3
6921.7 -10532.8 -15.1 337 0 20.2 21.8 5.0 2.5 4 1 2 0 0
6914.2 -10507.7 -14.5 335 0 23.0 24.8 10.0 2.5 2 0 4 1 1
6904.9 -10487.1 -14.1 337 0 22.6 24.9 7.5 2.5 2 0 3 0 0
6895.9 -10466.0 -13.9 337 0 24.2 25.3 7.5 2.5 2 0 3 3 3
6886.1 -10444.7 -13.9 333 0 23.6 25.6 10.0 2.5 2 0 4 0 0
6853.3 -10423.9 -13.4 277 0 22.3 22.5 10.0 2.5 2 0 4 5 5
6605.6 -10420.5 -7.0 59 0 14.9 20.2 12.5 2.5 2 1 5 1 1
6617.8 -10442.1 -6.3 60 0 14.3 19.9 10.0 2.5 2 1 4 3 3
6629.5 -10463.7 -5.7 62 0 14.6 20.6 10.0 2.5 2 1 4 5 5
6633.0 -10467.9 -6.6 241 0 13.8 19.1 10.0 0.0 0 1 4 2 2
6645.7 -10489.9 -7.7 240 0 13.4 17.3 12.5 2.5 2 1 5 4 4
6669.4 -10471.4 -7.0 242 0 11.3 23.7 7.5 0.0 0 1 3 5 5
6663.7 -10464.5 -6.0 60 0 10.8 22.5 12.5 2.5 2 1 5 2 2
6649.8 -10439.0 -5.9 62 0 11.6 22.4 7.5 2.5 2 1 3 3 3
6635.6 -10412.9 -6.7 61 0 12.0 23.7 7.5 2.5 4 1 3 3 3
6693.0 -10474.2 -7.5 151 0 19.4 14.3 10.0 2.5 2 0 4 3 3
6685.6 -10445.6 -7.1 241 0 14.8 18.9 7.5 2.5 2 0 3 1 1
6681.7 -10439.2 -6.7 62 0 14.7 21.4 7.5 2.5 2 1 3 3 3
6647.2 -10394.6 -6.4 152 0 25.5 15.8 10.0 2.5 2 0 4 4 4
6671.0 -10367.8 -6.8 240 0 14.0 23.4 5.0 2.5 2 1 2 1 1
6691.0 -10420.2 -7.5 151 0 17.8 15.9 10.0 2.5 2 0 4 3 3
6682.4 -10404.3 -7.2 153 0 18.4 15.9 10.0 2.5 2 0 4 1 1
6724.0 -10406.9 -8.4 60 0 16.2 21.6 7.5 2.5 2 0 3 4 4
6716.3 -10377.3 -8.0 330 0 15.8 16.2 7.5 2.5 2 0 3 4 4
6695.5 -10354.8 -7.7 242 0 16.3 18.8 10.0 2.5 4 1 4 5 5
6562.2 -10347.9 -8.9 152 0 17.9 15.7 12.5 2.5 2 0 5 1 1
6609.3 -10373.9 -7.5 65 0 14.5 15.6 12.5 2.5 2 0 5 0 0
6608.9 -10316.1 -8.7 331 0 20.1 15.3 7.5 2.5 2 0 3 2 2
6537.1 -10301.0 -10.4 152 0 21.4 16.1 7.5 2.5 2 0 3 3 3
6529.8 -10270.3 -10.8 242 0 16.2 19.9 7.5 2.5 2 0 3 2 2
6596.3 -10295.6 -9.1 331 0 15.2 15.0 7.5 2.5 2 0 3 4 4
6589.0 -10282.2 -9.5 333 0 15.2 15.1 7.5 2.5 2 0 3 2 2
6581.8 -10268.7 -9.8 331 0 15.3 15.2 7.5 2.5 2 0 3 0 0
6564.3 -10252.1 -10.1 244 0 15.1 15.0 10.0 2.5 2 0 4 2 2
6552.8 -10257.7 -10.0 244 0 11.1 13.5 10.0 2.5 2 0 4 5 5
6275.7 -10614.9 -12.3 120 0 8.9 14.2 7.5 2.5 2 0 3 2 2
6280.2 -10588.1 -11.7 253 0 9.0 11.4 7.5 2.5 2 0 3 4 4
6208.6 -10515.2 -11.6 233 0 14.1 9.5 7.5 2.5 2 0 3 4 4
6237.4 -10528.4 -11.2 64 0 9.8 10.2 7.5 2.5 2 0 3 5 5
6213.2 -10480.3 -11.2 34 0 15.5 10.6 10.0 2.5 2 0 4 3 3
6216.7 -10460.8 -11.0 342 0 11.6 10.8 7.5 2.5 2 0 3 1 1
6095.6 -10489.7 -12.2 79 0 7.5 21.3 5.0 2.5 2 0 2 3 3
6144.4 -10478.8 -11.9 334 0 28.6 15.1 7.5 2.5 2 0 3 4 4
6098.2 -10415.1 -11.7 244 0 20.1 44.5 10.0 2.5 2 0 4 3 3
6148.3 -10526.2 -12.3 66 0 30.0 28.4 10.0 0.0 0 0 4 2 2
3806.8 -10399.3 -13.2 81 0 23.2 50.9 7.5 2.5 2 1 3 2 2
3731.6 -10149.7 -10.6 170 0 48.0 19.6 12.5 2.5 2 0 5 4 4
3974.7 -10003.5 -10.5 170 0 26.8 22.2 12.5 2.5 2 0 5 4 4
3947.2 -10350.8 -12.1 351 0 54.0 20.7 10.0 2.5 2 0 4 3 3
3896.1 -10388.5 -12.7 81 0 20.7 54.0 12.5 2.5 2 1 5 3 3
3821.3 -10058.2 -2.9 259 0 20.3 11.8 5.0 2.5 2 0 2 2 2
3632.9 -10263.0 -7.9 256 0 29.6 87.9 15.0 0.0 0 1 6 1 1
3571.2 -10387.0 -2.7 166 0 26.1 16.5 10.0 2.5 2 0 4 5 5
3877.2 -10032.2 -4.1 260 0 13.6 27.4 12.5 2.5 2 1 5 1 1
3851.7 -10394.2 -14.5 81 0 20.7 54.0 12.5 2.5 2 1 5 4 4
3957.4 -10244.8 -14.3 81 0 57.7 45.9 7.5 0.0 0 0 3 3 3
3794.9 -10266.0 -13.7 171 0 88.0 121.3 10.0 0.0 0 1 4 1 1
3851.4 -10036.1 -2.4 262 0 6.5 9.0 7.5 2.5 2 1 3 3 3
3550.1 -10265.4 -6.2 256 0 15.0 77.2 10.0 2.5 2 1 4 0 0
4001.5 -10113.2 -13.1 351 0 97.4 228.0 12.5 0.0 0 1 5 2 2
