5586.9 -9712.5 -18.7 69 0 20.1 8.6 7.5 2.5 2 0 3 3 3
4514.8 -9540.4 -18.1 149 0 45.9 16.5 5.0 2.5 2 0 2 4 4
3949.7 -9999.2 -17.1 327 0 111.9 81.9 12.5 0.0 0 0 5 0 0
4203.6 -9990.2 -19.6 149 0 201.9 35.5 12.5 0.0 0 0 5 0 0
4113.0 -10048.2 -19.9 327 0 74.0 163.6 10.0 0.0 0 1 4 0 0
3750.7 -10140.3 -18.3 147 0 86.2 108.1 10.0 0.0 0 1 4 1 1
4124.6 -10219.2 -23.0 57 0 161.8 72.9 10.0 0.0 0 0 4 5 5
3795.4 -9834.1 -14.5 237 0 81.6 109.0 10.0 0.0 0 1 4 2 2
4138.8 -9855.5 -22.2 58 0 36.3 201.9 12.5 0.0 0 1 5 3 3
-5167.6 -7950.7 -21.1 335 0 73.0 63.1 12.5 0.0 0 0 5 4 4
-5124.3 -8063.3 -18.9 333 0 119.8 68.4 17.5 0.0 0 0 7 3 3
2822.5 -10123.1 -16.2 5 0 54.5 24.1 10.0 2.5 2 0 4 1 1
2805.5 -10075.0 -17.0 95 0 36.2 42.7 10.0 0.0 0 1 4 4 4
1147.0 -9890.1 -10.4 180 0 67.9 27.8 10.0 0.0 0 0 4 4 4
2507.5 -9946.2 -19.5 95 0 26.4 80.8 12.5 0.0 0 1 5 1 1
1232.0 -10109.9 -10.1 90 0 42.8 137.1 12.5 0.0 0 1 5 2 2
1216.3 -9860.1 -8.8 270 0 36.0 88.9 12.5 0.0 0 1 5 4 4
2852.0 -10097.0 -17.1 275 0 23.9 59.0 12.5 0.0 0 1 5 2 2
1164.2 -10065.1 -10.5 180 0 66.7 28.1 7.5 0.0 0 0 3 1 1
1991.9 -9928.6 -11.9 99 0 28.4 125.8 10.0 0.0 0 1 4 3 3
2890.5 -10100.0 -18.2 275 0 17.4 65.9 7.5 2.5 2 1 3 4 4
1288.6 -9904.8 -7.8 360 0 37.8 38.3 15.0 0.0 0 1 6 5 5
1152.6 -9977.1 -10.5 180 0 65.0 21.8 5.0 0.0 0 0 2 2 2
1294.1 -10109.2 -10.0 90 0 41.7 137.5 12.5 0.0 0 1 5 4 4
4920.9 -7057.5 -20.6 321 0 108.2 42.3 10.0 0.0 0 0 4 2 2
5274.6 -7851.7 -22.8 270 0 42.2 12.3 10.0 2.5 4 0 4 4 4
4768.7 -7495.4 -20.5 172 0 23.3 95.6 10.0 0.0 0 1 4 4 4
4760.2 -7037.9 -20.2 83 0 36.7 97.8 7.5 0.0 0 1 3 4 4
5077.3 -7165.4 -21.1 134 0 55.2 24.2 5.0 2.5 2 0 2 3 3
4967.8 -7030.9 -20.8 139 0 55.1 26.4 10.0 2.5 2 0 4 5 5
5403.7 -7913.7 -21.1 214 0 39.1 34.1 12.5 0.0 0 0 5 4 4
4672.5 -7352.4 -20.0 353 0 72.4 33.7 7.5 0.0 0 0 3 2 2
5065.6 -7222.6 -21.1 311 0 122.6 47.0 12.5 0.0 0 0 5 3 3
5526.8 -8291.5 -13.6 145 0 70.7 53.1 10.0 0.0 0 0 4 0 0
4716.6 -7140.0 -20.3 172 0 71.6 108.4 7.5 0.0 0 1 3 2 2
4790.8 -7236.4 -20.4 172 0 72.4 47.6 7.5 0.0 0 0 3 2 2
5016.6 -7096.3 -21.0 137 0 56.9 33.4 10.0 0.0 0 0 4 5 5
5486.1 -7982.8 -20.3 123 0 31.5 95.6 15.0 0.0 0 1 6 0 0
5212.8 -7856.4 -22.6 271 0 64.5 17.0 10.0 2.5 2 0 4 3 3
5611.4 -8178.6 -18.5 327 0 43.4 62.2 10.0 0.0 0 1 4 4 4
4688.3 -7249.2 -20.0 352 0 73.1 49.0 5.0 0.0 0 0 2 2 2
4883.5 -7492.4 -20.7 82 0 14.3 64.5 5.0 2.5 2 1 2 5 5
5589.2 -8334.5 -15.5 60 0 53.5 21.6 10.0 0.0 0 0 4 5 5
5060.6 -7673.8 -21.2 172 0 54.6 17.0 7.5 2.5 2 0 3 5 5
4467.8 -7065.2 -19.6 84 0 32.7 52.6 10.0 0.0 0 1 4 0 0
3934.3 -10164.2 -19.5 57 0 22.6 51.1 10.0 2.5 2 0 4 4 4
3856.9 -10239.4 -20.6 56 0 35.0 76.3 17.5 0.0 0 1 7 3 3
3894.2 -10216.6 -20.6 57 0 32.7 72.9 10.0 0.0 0 1 4 2 2
3921.3 -10197.3 -20.2 58 0 15.8 72.7 12.5 2.5 2 1 5 5 5
-6793.7 -10215.1 -28.4 246 0 187.2 91.9 10.0 0.0 0 0 4 4 4
-6497.4 -10889.9 -11.0 109 0 23.8 24.1 12.5 2.5 2 0 5 4 4
-6474.9 -10897.3 -12.5 107 0 23.4 24.2 10.0 2.5 2 0 4 1 1
-6452.0 -10904.2 -13.9 106 0 23.6 24.2 7.5 2.5 2 0 3 5 5
-6526.6 -10825.3 -9.9 241 0 20.6 21.6 10.0 2.5 2 1 4 0 0
-6505.8 -10814.7 -11.7 242 0 19.7 20.8 10.0 2.5 2 1 4 4 4
-6466.6 -10791.3 -15.7 241 0 22.5 21.3 10.0 2.5 2 0 4 3 3
-6447.4 -10780.8 -17.5 242 0 21.2 22.0 15.0 0.0 0 0 6 1 1
-6429.7 -10771.1 -19.2 241 0 19.3 22.3 10.0 2.5 2 0 4 4 4
-6413.2 -10852.8 -17.1 20 0 23.5 21.4 17.5 0.0 0 0 7 5 5
-6405.7 -10830.8 -18.4 17 0 23.3 21.4 10.0 2.5 2 0 4 5 5
-6597.3 -10815.9 -9.1 154 0 28.3 22.4 15.0 0.0 0 0 6 4 4
-6545.2 -10806.4 -9.7 63 0 24.9 30.3 10.0 0.0 0 0 4 3 3
-6458.8 -10666.6 -21.0 333 0 23.1 21.4 10.0 2.5 2 0 4 1 1
-6495.3 -10685.0 -17.4 334 0 22.4 20.4 15.0 0.0 0 0 6 5 5
-6562.3 -10703.5 -14.3 245 0 18.4 22.3 10.0 2.5 2 0 4 1 1
-6448.2 -10610.5 -22.7 333 0 15.5 17.5 7.5 2.5 2 0 3 0 0
-6384.1 -10769.6 -21.7 153 0 14.3 13.0 10.0 2.5 2 0 4 4 4
-6379.8 -10805.2 -21.4 178 0 14.7 13.0 12.5 2.5 2 0 5 5 5
-6406.6 -10892.0 -16.9 198 0 15.2 13.7 12.5 2.5 2 0 5 0 0
-6429.9 -11016.5 -15.0 18 0 24.1 21.1 7.5 2.5 2 0 3 1 1
-6461.1 -11111.4 -14.4 17 0 23.7 21.2 10.0 2.5 2 0 4 0 0
-6597.0 -11261.8 -6.9 86 0 24.8 23.1 15.0 0.0 0 0 6 3 3
-6617.1 -11155.7 -2.8 175 0 20.9 25.3 10.0 2.5 2 0 4 2 2
-6626.8 -11077.1 -10.6 176 0 23.0 21.5 10.0 2.5 2 0 4 3 3
-6577.1 -11081.8 -13.6 175 0 24.0 22.9 10.0 2.5 2 0 4 1 1
-6562.4 -10962.6 -11.8 238 0 19.4 20.6 10.0 2.5 2 0 4 3 3
-6474.9 -11001.9 -14.1 17 0 23.0 21.6 7.5 2.5 2 0 3 5 5
-6507.2 -11099.2 -14.2 17 0 23.5 22.5 10.0 2.5 2 0 4 1 1
-6549.3 -11199.3 -7.7 24 0 22.5 23.6 12.5 2.5 2 0 5 3 3
-6565.3 -10884.7 -10.6 152 0 84.4 18.6 15.0 2.5 2 0 6 4 4
-6625.7 -10967.5 -9.4 65 0 19.4 25.5 10.0 2.5 2 0 4 4 4
-6606.2 -10892.5 -8.3 333 0 24.3 22.9 12.5 2.5 2 0 5 3 3
-6731.4 -10973.8 -6.3 92 0 20.6 26.7 12.5 2.5 2 0 5 5 5
-6699.7 -10923.3 -6.1 91 0 24.0 25.4 7.5 0.0 0 0 3 5 5
-6723.1 -10747.0 -14.4 200 0 24.9 21.6 10.0 2.5 2 0 4 0 0
-6610.9 -10840.7 -7.2 334 0 25.4 23.3 7.5 2.5 2 0 3 5 5
-6745.6 -10903.7 -6.2 144 0 22.7 24.0 10.0 2.5 2 0 4 1 1
-6789.6 -10828.1 -9.0 159 0 22.5 21.3 12.5 2.5 2 0 5 4 4
-6770.5 -10946.2 -4.8 143 0 23.1 22.3 7.5 2.5 2 0 3 1 1
-6828.8 -10858.7 -8.1 161 0 23.8 22.2 12.5 2.5 2 0 5 4 4
-6819.8 -10753.1 -13.9 249 0 19.5 26.5 10.0 2.5 2 0 4 2 2
-6902.0 -10752.8 -16.9 160 0 23.3 19.4 12.5 2.5 2 0 5 5 5
-6796.1 -10726.4 -17.7 69 0 21.1 23.7 12.5 2.5 2 0 5 3 3
-6519.0 -11137.5 -11.5 28 0 23.4 24.1 7.5 2.5 2 0 3 4 4
-6579.1 -11058.3 -13.6 175 0 23.1 22.5 15.0 0.0 0 0 6 3 3
-6580.8 -11035.2 -13.2 176 0 23.5 21.9 10.0 2.5 2 0 4 2 2
-6333.8 -10847.9 -17.0 199 0 26.9 20.8 10.0 2.5 2 0 4 1 1
-6325.5 -10822.5 -18.3 197 0 26.6 20.8 12.5 2.5 2 0 5 3 3
-6295.0 -10876.0 -13.5 108 0 20.1 27.6 15.0 0.0 0 1 6 4 4
-6273.6 -10810.6 -15.9 287 0 20.6 28.3 12.5 2.5 4 1 5 2 2
-6260.9 -10889.4 -9.8 109 0 20.1 27.1 15.0 0.0 0 1 6 4 4
-6234.9 -10813.3 -13.2 287 0 20.8 28.4 12.5 2.5 2 1 5 2 2
-6227.2 -10900.9 -6.4 110 0 20.5 27.1 12.5 2.5 2 0 5 5 5
-6218.3 -10875.3 -8.2 110 0 21.1 26.7 10.0 2.5 2 0 4 5 5
-6196.4 -10816.6 -10.3 290 0 19.6 26.3 12.5 2.5 2 1 5 5 5
-6144.2 -10956.6 -9.0 109 0 26.1 22.3 7.5 2.5 2 0 3 5 5
-6174.1 -10929.8 -6.2 154 0 25.5 22.3 10.0 2.5 2 0 4 5 5
-6188.7 -10910.8 -3.9 130 0 24.2 22.6 15.0 0.0 0 0 6 2 2
-6161.9 -10845.4 -5.9 320 0 25.7 21.7 12.5 2.5 2 0 5 4 4
-6143.1 -10861.1 -6.0 299 0 23.9 23.1 17.5 0.0 0 0 7 3 3
-6119.0 -10887.8 -6.5 332 0 24.7 22.1 15.0 0.0 0 0 6 1 1
-6107.9 -10914.2 -8.7 337 0 24.8 20.5 15.0 0.0 0 0 6 1 1
-6090.8 -10953.9 -11.9 16 0 28.1 21.6 10.0 0.0 0 0 4 2 2
-6611.8 -11228.3 -5.8 176 0 23.0 24.7 10.0 2.5 2 0 4 4 4
-6613.5 -11206.2 -4.8 175 0 21.5 25.0 10.0 2.5 2 0 4 2 2
-6615.1 -11185.3 -3.8 176 0 20.4 25.3 10.0 2.5 2 0 4 1 1
-6618.8 -11134.1 -4.8 176 0 22.5 25.5 7.5 2.5 2 0 3 2 2
-6620.4 -11112.4 -7.2 176 0 21.1 25.6 12.5 2.5 2 0 5 2 2
-6539.8 -11178.8 -7.8 26 0 22.8 23.7 12.5 2.5 2 0 5 5 5
-6529.5 -11158.0 -8.6 27 0 23.5 24.0 10.0 2.5 2 0 4 1 1
-6572.1 -10998.4 -12.6 267 0 21.7 24.3 12.5 2.5 2 0 5 5 5
-6500.1 -11077.6 -14.3 20 0 22.1 22.8 7.5 2.5 2 0 3 5 5
-6492.8 -11056.2 -14.5 18 0 23.1 23.1 7.5 2.5 2 0 3 3 3
-6485.8 -11034.4 -14.5 18 0 22.6 23.0 7.5 2.5 2 0 3 2 2
-6628.3 -11054.5 -11.6 176 0 22.9 21.2 10.0 2.5 2 0 4 3 3
-6629.8 -11032.0 -11.6 176 0 22.7 20.5 15.0 0.0 0 0 6 2 2
-6631.3 -11009.5 -10.9 176 0 22.6 20.2 12.5 2.5 2 0 5 4 4
-6545.8 -10952.0 -11.9 237 0 19.8 20.8 10.0 2.5 2 0 4 5 5
-6528.5 -10941.3 -12.0 239 0 20.6 21.1 7.5 2.5 2 0 3 2 2
-6587.3 -10882.4 -8.7 332 0 24.3 21.5 12.5 2.5 2 0 5 2 2
-6606.8 -10958.8 -9.8 65 0 21.9 25.6 10.0 2.5 2 0 4 0 0
-6586.6 -10949.1 -10.1 63 0 22.2 25.7 10.0 2.5 2 0 4 4 4
-6567.1 -10939.5 -10.5 64 0 20.9 25.8 15.0 0.0 0 0 6 5 5
-6710.4 -10974.3 -7.0 91 0 21.2 27.0 12.5 2.5 2 0 5 4 4
-6688.4 -10974.5 -7.7 90 0 21.7 26.9 12.5 0.0 0 0 5 3 3
-6665.6 -10974.6 -8.5 90 0 22.3 26.8 10.0 2.5 2 0 4 3 3
-6676.9 -10923.4 -6.8 90 0 21.1 25.3 12.5 2.5 2 0 5 2 2
-6654.0 -10923.1 -7.6 89 0 23.2 25.2 10.0 2.5 2 0 4 1 1
-6687.8 -10746.6 -13.7 290 0 22.3 25.2 10.0 2.5 2 0 4 2 2
-6784.0 -10927.8 -5.5 144 0 22.4 22.4 12.5 2.5 2 0 5 0 0
-6797.2 -10909.8 -6.2 144 0 21.9 22.4 10.0 2.5 2 0 4 2 2
-6810.1 -10892.5 -6.9 143 0 21.3 22.2 10.0 2.5 2 0 4 5 5
-6758.7 -10885.4 -6.9 145 0 22.5 24.0 10.0 2.5 2 0 4 0 0
-6770.9 -10867.6 -7.6 147 0 20.7 24.0 12.5 2.5 2 0 5 2 2
-6836.0 -10837.5 -8.9 161 0 21.3 22.1 10.0 2.5 2 0 4 3 3
-6843.0 -10817.1 -10.1 161 0 22.1 21.9 10.0 2.5 2 0 4 5 5
-6850.0 -10796.1 -11.8 162 0 22.4 21.8 15.0 0.0 0 0 6 2 2
-6791.6 -10793.6 -10.5 248 0 21.3 21.4 10.0 2.5 2 0 4 5 5
-6801.7 -10746.4 -14.3 251 0 18.5 26.7 10.0 2.5 2 0 4 3 3
-6783.8 -10740.2 -14.6 250 0 18.9 26.3 10.0 2.5 2 0 4 1 1
-6766.2 -10733.7 -15.0 249 0 18.4 26.0 12.5 2.5 2 0 5 1 1
-6870.3 -10754.7 -16.4 71 0 20.4 24.0 12.5 2.5 2 0 5 4 4
-6851.9 -10748.1 -16.5 70 0 18.5 23.7 12.5 2.5 2 0 5 2 2
-6834.2 -10741.7 -16.7 70 0 18.8 23.6 12.5 2.5 2 0 5 4 4
-6777.1 -10719.2 -18.1 69 0 19.7 23.9 10.0 2.5 2 0 4 5 5
-6758.5 -10712.3 -18.6 70 0 20.1 24.2 10.0 2.5 2 0 4 2 2
-6740.3 -10705.9 -18.9 72 0 18.6 24.1 12.5 2.5 2 0 5 1 1
-6648.4 -10665.0 -18.8 69 0 16.4 14.3 10.0 2.5 2 0 4 0 0
-6633.1 -10659.1 -18.9 69 0 16.1 14.4 10.0 2.5 2 0 4 4 4
-6618.1 -10653.3 -19.1 69 0 15.6 14.5 10.0 2.5 2 0 4 5 5
-6603.2 -10647.9 -19.2 70 0 15.5 14.7 10.0 2.5 2 0 4 4 4
-6588.7 -10642.5 -19.3 69 0 14.5 14.9 10.0 2.5 2 0 4 1 1
-6574.4 -10637.0 -19.5 69 0 15.1 14.9 10.0 2.5 2 0 4 1 1
-6560.4 -10631.7 -19.6 69 0 14.0 14.9 10.0 2.5 2 0 4 0 0
-6546.7 -10626.5 -19.8 69 0 14.3 15.1 10.0 2.5 2 0 4 5 5
-6531.9 -10620.7 -20.2 68 0 16.0 15.1 10.0 2.5 2 0 4 4 4
-6520.5 -10599.6 -20.6 247 0 15.9 15.5 15.0 0.0 0 0 6 1 1
-6505.4 -10593.5 -21.4 249 0 15.6 15.9 10.0 2.5 2 0 4 5 5
-6441.1 -10624.3 -22.6 333 0 16.1 17.0 7.5 2.5 2 0 3 1 1
-6433.6 -10638.8 -22.5 332 0 16.7 16.6 10.0 2.5 2 0 4 0 0
-6426.0 -10653.4 -22.4 333 0 16.7 16.2 10.0 2.5 2 0 4 0 0
-6418.0 -10668.3 -22.3 331 0 17.6 16.0 10.0 2.5 2 0 4 3 3
-6409.4 -10683.6 -22.2 331 0 17.3 16.2 7.5 2.5 2 0 3 2 2
-6401.7 -10698.5 -22.1 335 0 16.2 16.4 5.0 2.5 2 0 2 5 5
-6454.0 -11089.3 -14.5 18 0 22.7 21.5 10.0 2.5 2 0 4 3 3
-6446.9 -11068.0 -14.7 18 0 22.2 21.8 7.5 2.5 2 0 3 0 0
-6439.9 -11047.1 -14.9 19 0 21.9 21.8 15.0 0.0 0 0 6 5 5
-6422.3 -10994.4 -15.0 20 0 22.9 21.4 12.5 2.5 2 0 5 1 1
-6414.6 -10973.2 -14.6 20 0 22.7 21.9 10.0 2.5 2 0 4 0 0
-6407.3 -10952.1 -14.3 19 0 21.8 22.0 7.5 2.5 2 0 3 4 4
-6467.6 -10980.4 -13.7 21 0 23.0 22.2 7.5 2.5 2 0 3 1 1
-6459.8 -10958.4 -13.3 19 0 23.9 22.9 10.0 2.5 2 0 4 3 3
-6459.4 -10921.4 -12.9 289 0 22.9 23.2 10.0 2.5 2 0 4 5 5
-6401.6 -10877.4 -17.7 200 0 15.4 13.7 12.5 2.5 2 0 5 3 3
-6396.6 -10863.0 -18.6 199 0 14.8 13.6 12.5 2.5 2 0 5 3 3
-6387.1 -10835.0 -20.2 198 0 15.0 13.5 15.0 0.0 0 0 6 5 5
-6382.2 -10820.8 -21.0 200 0 15.0 13.7 10.0 2.5 2 0 4 1 1
-6380.5 -10791.2 -21.5 176 0 13.5 12.9 10.0 2.5 2 0 4 2 2
-6622.2 -10818.1 -8.2 333 0 25.4 23.4 10.0 2.5 2 0 4 2 2
-6633.4 -10796.6 -9.9 332 0 23.5 23.3 12.5 2.5 2 0 5 2 2
-6644.7 -10775.9 -11.6 331 0 23.8 23.2 12.5 2.5 2 0 5 5 5
-6610.0 -10790.1 -11.1 154 0 29.5 22.4 12.5 0.0 0 0 5 0 0
-6559.1 -10779.4 -11.5 61 0 24.2 29.9 12.5 0.0 0 0 5 0 0
-6504.0 -10784.0 -14.2 60 0 31.0 14.2 10.0 2.5 2 0 4 5 5
-6530.8 -10768.2 -11.6 58 0 10.9 17.6 15.0 0.0 0 0 6 4 4
-6538.8 -10752.4 -12.1 62 0 11.7 17.0 12.5 2.5 2 0 5 1 1
-6502.6 -10750.7 -14.5 66 0 12.1 16.8 12.5 2.5 2 0 5 4 4
-6509.8 -10735.5 -14.6 63 0 11.7 16.8 7.5 2.5 2 0 3 5 5
-6468.7 -10745.6 -17.6 63 0 20.7 20.9 12.5 2.5 2 0 5 5 5
-6473.8 -10712.8 -17.8 334 0 21.6 20.2 10.0 2.5 2 0 4 0 0
-6431.7 -10712.7 -20.9 334 0 21.5 20.5 12.5 2.5 2 0 5 1 1
-6441.5 -10693.3 -21.1 333 0 21.8 20.6 10.0 2.5 2 0 4 3 3
-6469.0 -10646.4 -21.1 334 0 22.5 21.8 12.5 2.5 2 0 5 1 1
-6494.0 -10623.7 -21.2 240 0 22.1 20.9 12.5 2.5 2 0 5 0 0
-6519.8 -10658.7 -17.6 243 0 20.1 23.3 10.0 2.5 2 0 4 3 3
-6530.4 -10638.2 -18.3 243 0 20.2 23.2 12.5 2.5 2 0 5 3 3
-6571.6 -10684.1 -15.6 244 0 18.0 21.5 12.5 2.5 2 0 5 1 1
-6581.4 -10664.0 -17.0 244 0 18.0 22.4 12.5 2.5 2 0 5 5 5
-6595.6 -10740.7 -13.4 154 0 23.0 19.2 10.0 2.5 2 0 4 2 2
-6602.2 -10705.7 -14.8 243 0 19.4 22.7 10.0 2.5 2 0 4 0 0
-6608.6 -10682.1 -16.2 239 0 11.4 23.5 12.5 2.5 2 0 5 0 0
-6625.7 -10763.1 -12.7 153 0 18.0 15.6 10.0 2.5 2 0 4 2 2
-6633.7 -10747.4 -13.7 153 0 17.5 15.7 10.0 2.5 2 0 4 4 4
-6641.2 -10732.3 -14.7 154 0 17.1 15.5 12.5 2.5 2 0 5 4 4
-6648.6 -10717.3 -15.7 153 0 17.0 15.3 12.5 2.5 2 0 5 0 0
-6638.2 -10680.7 -16.9 238 0 20.8 11.5 10.0 2.5 2 0 4 2 2
-6621.9 -10678.0 -16.7 240 0 10.4 10.2 7.5 2.5 2 0 3 2 2
-2674.5 -9281.5 -14.3 223 0 33.4 27.5 10.0 0.0 0 0 4 3 3
-2595.2 -9183.0 -14.6 14 0 33.5 28.8 7.5 0.0 0 0 3 5 5
-2215.9 -9202.6 -16.6 87 0 19.6 32.8 12.5 0.0 0 1 5 4 4
-2110.6 -9502.9 -16.3 223 0 125.2 125.7 10.0 0.0 0 1 4 4 4
-1925.0 -9463.6 -14.8 220 0 139.4 158.4 10.0 0.0 0 1 4 3 3
-1749.8 -9791.6 -11.4 245 0 53.7 65.0 15.0 0.0 0 1 6 1 1
-1569.8 -10079.3 -9.3 155 0 53.4 18.6 10.0 2.5 2 0 4 4 4
-1544.8 -10114.2 -9.6 146 0 20.7 14.7 10.0 2.5 2 0 4 3 3
-1533.1 -10136.2 -9.7 141 0 21.7 19.4 10.0 2.5 2 0 4 2 2
-1516.0 -10154.3 -9.8 136 0 20.4 19.4 12.5 2.5 2 0 5 1 1
-1500.9 -10168.2 -9.6 131 0 13.4 20.9 15.0 0.0 0 1 6 0 0
-1489.4 -10178.0 -9.7 132 0 13.6 18.2 7.5 2.5 2 1 3 2 2
-1630.3 -9856.9 -11.2 239 0 15.4 71.6 7.5 2.5 2 1 3 1 1
-1569.9 -9951.4 -11.3 332 0 70.9 15.1 15.0 2.5 2 0 6 5 5
-1536.3 -10002.1 -11.3 333 0 37.2 16.1 12.5 2.5 2 0 5 3 3
-1506.5 -10048.6 -10.5 327 0 58.6 19.7 7.5 2.5 4 0 3 5 5
-1474.4 -10091.7 -10.8 319 0 39.8 18.4 7.5 2.5 2 0 3 2 2
-1383.4 -10155.3 -11.4 194 0 19.6 39.9 5.0 0.0 0 1 2 5 5
-1446.1 -10125.1 -11.7 304 0 32.8 15.4 5.0 2.5 2 0 2 1 1
-1189.8 -9674.4 -14.6 93 0 34.7 94.3 10.0 0.0 0 1 4 0 0
-1184.3 -9681.8 -14.2 273 0 16.3 63.8 10.0 2.5 4 1 4 5 5
-449.0 -9542.0 -11.0 282 0 51.6 47.4 15.0 0.0 0 0 6 2 2
-1132.8 -9731.6 -14.6 185 0 15.3 15.5 5.0 2.5 2 1 2 2 2
-962.1 -10887.7 -10.9 326 0 13.9 24.0 12.5 0.0 0 1 5 4 4
-890.7 -11046.0 -14.1 222 0 31.0 67.7 12.5 0.0 0 1 5 5 5
-898.5 -11156.7 -13.0 41 0 59.0 57.9 10.0 0.0 0 0 4 1 1
-984.7 -11239.0 -4.3 43 0 14.1 32.6 12.5 2.5 2 1 5 1 1
-1251.1 -11419.0 -4.6 312 0 13.2 48.0 10.0 2.5 2 1 4 4 4
-1300.1 -11460.1 -4.1 221 0 22.6 19.4 12.5 2.5 2 0 5 5 5
-1323.7 -11490.4 -3.7 221 0 21.5 22.9 10.0 0.0 0 1 4 3 3
-1193.8 -11096.4 8.1 210 0 33.6 11.1 12.5 2.5 2 0 5 3 3
-1156.8 -10893.2 2.9 221 0 14.6 26.6 10.0 2.5 2 1 4 4 4
-1092.5 -10939.8 3.1 311 0 22.4 14.7 12.5 2.5 2 0 5 2 2
-1159.3 -10945.5 5.7 221 0 20.9 28.6 12.5 2.5 2 1 5 0 0
-1030.8 -11400.9 1.3 228 0 56.3 38.7 12.5 0.0 0 0 5 3 3
-1340.3 -11023.3 4.1 322 0 78.0 11.3 12.5 0.0 0 0 5 5 5
-1336.6 -11010.1 4.5 142 0 24.9 10.4 10.0 2.5 4 0 4 0 0
-1353.6 -10987.8 3.8 142 0 24.9 10.5 5.0 2.5 2 0 2 1 1
-1285.1 -11008.5 5.6 232 0 12.1 23.7 7.5 2.5 2 1 3 1 1
-1330.2 -10952.7 3.7 231 0 11.1 48.8 10.0 2.5 2 1 4 3 3
-1336.3 -10946.7 2.9 50 0 10.9 19.0 14.0 2.5 2 1 4 2 2
-1313.9 -10938.1 3.0 50 0 10.9 19.0 10.5 2.5 2 1 3 1 1
-1274.2 -10939.0 4.1 230 0 10.9 19.0 10.5 2.5 2 1 3 0 0
-1245.8 -10988.3 5.7 233 0 35.4 12.4 7.5 2.5 2 0 3 2 2
-1393.9 -11291.2 5.0 275 0 39.7 26.0 12.5 0.0 0 0 5 3 3
2072.7 -8899.9 -21.4 14 0 44.6 16.0 7.5 2.5 2 0 3 1 1
2061.0 -8946.0 -21.1 14 0 45.5 15.6 7.5 2.5 4 0 3 3 3
2120.2 -9033.2 -20.9 194 0 12.4 12.2 5.0 2.5 2 0 2 2 2
2138.8 -8968.2 -21.3 194 0 12.4 12.2 2.5 2.5 2 0 1 2 2
2129.8 -9001.1 -21.1 194 0 12.4 12.2 7.5 0.0 0 0 3 2 2
2112.6 -9064.4 -20.7 194 0 12.4 12.2 7.5 2.5 2 0 3 4 4
2196.4 -9075.5 -20.9 13 0 12.4 12.2 7.5 2.5 2 0 3 5 5
2165.9 -8884.4 -21.8 284 0 12.2 12.4 5.0 2.5 2 1 2 4 4
2126.0 -9017.3 -21.0 194 0 12.4 12.2 10.0 2.5 4 0 4 0 0
2253.4 -8942.6 -21.9 3 0 13.1 12.2 2.5 2.5 2 0 1 2 2
2196.0 -8873.1 -22.0 281 0 12.2 13.1 5.0 2.5 2 1 2 5 5
2249.0 -8975.6 -21.7 1 0 13.1 12.2 7.5 0.0 0 0 3 2 2
2255.8 -8926.6 -22.0 4 0 13.1 12.2 2.5 2.5 2 0 1 5 5
2878.0 -8692.3 -24.5 172 0 95.3 161.0 10.0 0.0 0 1 4 1 1
2265.0 -9092.4 -20.9 7 0 11.5 13.6 5.0 2.5 2 1 2 0 0
2256.0 -9129.4 -20.6 10 0 11.5 13.6 7.5 2.5 2 1 3 5 5
2251.7 -9147.3 -20.5 10 0 11.4 13.6 5.0 2.5 2 1 2 0 0
2077.0 -9070.5 -20.5 194 0 16.1 12.9 2.5 2.5 2 0 1 3 3
1317.6 -10034.4 -9.9 1 0 138.1 42.3 12.5 0.0 0 0 5 2 2
2138.9 -8857.2 -21.8 285 0 14.4 41.5 10.0 2.5 2 1 4 1 1
2068.6 -9106.7 -20.3 194 0 16.1 12.9 5.0 2.5 2 0 2 3 3
2106.0 -8952.6 -21.3 195 0 41.5 14.4 7.5 2.5 2 0 3 5 5
2081.5 -9053.8 -20.6 194 0 16.1 12.9 7.5 2.5 4 0 3 4 4
2096.4 -8991.7 -21.0 195 0 29.0 16.7 7.5 0.0 0 0 3 5 5
1220.2 -9855.2 -8.7 271 0 32.5 87.3 10.0 0.0 0 1 4 2 2
2072.7 -9088.3 -20.4 194 0 16.1 12.9 10.0 0.0 0 0 4 5 5
2055.9 -9159.7 -19.9 196 0 16.2 13.0 5.0 2.5 2 0 2 0 0
1234.2 -10103.5 -10.1 90 0 44.3 137.4 10.0 0.0 0 1 4 5 5
1155.6 -9968.8 -10.5 181 0 66.1 22.5 7.5 2.5 2 0 3 2 2
2085.8 -9036.5 -20.7 194 0 16.1 12.9 5.0 2.5 2 0 2 2 2
1162.5 -9847.7 -10.2 270 0 28.1 70.2 12.5 0.0 0 1 5 4 4
1164.6 -10058.6 -10.5 179 0 68.1 29.4 10.0 0.0 0 0 4 1 1
2060.1 -9142.1 -20.0 194 0 16.2 13.0 7.5 2.5 4 0 3 1 1
2090.1 -9019.1 -20.8 194 0 16.1 12.9 7.5 2.5 2 0 3 1 1
2064.2 -9124.4 -20.1 194 0 16.1 13.0 2.5 2.5 2 0 1 3 3
2116.1 -8913.6 -21.5 195 0 28.6 17.3 7.5 2.5 2 0 3 1 1
1979.0 -9138.5 -19.7 15 0 44.2 14.9 5.0 2.5 2 0 2 3 3
1980.8 -8870.9 -20.9 285 0 16.6 32.8 7.5 2.5 2 1 3 5 5
2011.9 -8879.3 -21.0 285 0 16.6 32.8 10.0 2.5 2 1 4 4 4
1454.1 -8704.0 -21.4 195 0 15.5 42.5 5.0 2.5 2 1 2 2 2
1588.0 -8729.2 -21.6 285 0 42.5 15.5 7.5 2.5 2 0 3 3 3
1633.2 -8741.5 -21.5 285 0 42.5 15.5 10.0 2.5 2 0 4 5 5
2005.4 -9033.8 -20.4 15 0 44.2 14.9 10.0 2.5 2 0 4 4 4
2021.6 -8843.5 -21.2 285 0 16.6 32.8 10.0 2.5 2 1 4 3 3
1972.4 -8906.7 -20.7 285 0 16.6 32.8 7.5 2.5 2 1 3 4 4
2028.9 -8935.2 -21.0 15 0 44.2 14.9 10.0 2.5 2 0 4 5 5
1993.1 -8982.6 -20.6 15 0 44.2 14.9 7.5 2.5 4 0 3 1 1
2043.6 -8851.2 -21.3 285 0 14.9 56.6 7.5 2.5 2 1 3 1 1
1991.0 -9090.6 -20.0 15 0 44.2 14.9 7.5 2.5 2 0 3 5 5
1548.6 -8719.6 -21.5 284 0 29.6 14.7 10.0 2.5 2 0 4 4 4
2169.1 -8994.7 -21.3 190 0 8.9 14.0 2.5 2.5 2 1 1 0 0
2242.4 -9015.1 -21.5 4 0 15.0 13.0 7.5 2.5 2 0 3 4 4
1990.0 -8835.6 -20.9 285 0 16.6 32.8 10.0 2.5 2 1 4 3 3
1981.0 -9028.3 -20.3 15 0 44.2 14.9 7.5 2.5 4 0 3 4 4
1967.5 -9083.8 -19.9 15 0 44.2 14.9 7.5 2.5 2 0 3 5 5
2245.3 -8998.8 -21.6 11 0 8.4 14.1 2.5 2.5 2 1 1 2 2
2239.5 -9038.1 -21.3 11 0 15.3 14.0 5.0 2.5 2 0 2 0 0
2016.8 -8988.5 -20.7 15 0 44.2 14.9 7.5 2.5 2 0 3 4 4
2049.4 -8990.9 -20.8 15 0 44.2 14.9 10.0 2.5 2 0 4 0 0
1515.4 -8712.2 -21.5 284 0 29.6 14.7 7.5 2.5 2 0 3 0 0
2005.6 -8935.0 -20.8 15 0 32.8 16.6 7.5 2.5 2 0 3 4 4
