-3859.2 -4555.1 -72.8 288 0 15.2 39.7 7.5 2.5 2 1 3 4 4
3332.9 3846.8 -99.7 312 0 42.5 38.3 12.5 0.0 0 0 5 3 3
-6572.4 -4853.3 -127.5 140 0 36.2 75.4 10.0 0.0 0 1 4 3 3
-800.8 906.9 -94.5 59 0 23.8 48.2 12.5 2.5 2 0 5 2 2
-1812.4 -339.9 -110.0 312 0 41.6 38.1 7.5 0.0 0 0 3 1 1
-838.4 945.5 -94.1 148 0 9.0 33.7 7.5 2.5 2 0 3 4 4
-2552.0 2389.4 -105.3 222 0 123.0 180.5 10.5 0.0 0 1 3 0 0
-2570.5 2404.3 -105.4 40 0 125.0 161.9 10.5 0.0 0 1 3 2 2
-2638.6 2289.5 -102.0 222 0 87.5 180.0 14.0 0.0 0 1 4 3 3
-2830.2 2595.5 -104.8 312 0 147.0 44.7 14.0 0.0 0 0 4 0 0
-2816.8 2626.4 -102.5 131 0 149.6 66.7 14.0 0.0 0 0 4 2 2
-6250.0 -10979.2 -108.3 326 0 35.3 21.5 14.0 0.0 0 0 4 5 5
1131.3 -7771.0 -106.2 288 0 149.4 95.3 10.0 0.0 0 0 4 5 5
1089.2 -7982.7 -106.7 109 0 95.3 102.4 10.0 0.0 0 1 4 4 4
1032.1 -8005.9 -105.8 198 0 47.8 95.6 10.0 0.0 0 1 4 3 3
1237.6 -7977.9 -104.2 18 0 203.6 76.0 12.5 0.0 0 0 5 4 4
1635.5 -7648.8 -102.9 180 0 29.6 130.3 14.0 0.0 0 1 4 5 5
1701.1 -7404.9 -102.8 270 0 131.0 218.4 14.0 0.0 0 1 4 2 2
-3665.8 12156.3 -129.3 237 0 17.7 36.6 10.5 3.5 2 1 3 0 0
-3877.2 12157.9 -130.6 232 0 71.5 31.4 14.0 0.0 0 0 4 1 1
-3849.5 -4464.5 -72.9 16 0 10.4 6.5 2.5 2.5 2 0 1 3 3
-5340.8 9965.2 -131.3 62 0 33.7 98.5 10.5 0.0 0 1 3 4 4
-3689.6 12247.9 -128.8 136 0 112.6 94.6 10.5 0.0 0 0 3 0 0
-3616.8 12029.3 -129.2 140 0 119.9 42.3 10.5 0.0 0 0 3 0 0
-5919.2 -5129.4 -114.0 154 0 66.7 23.4 17.5 3.5 2 0 5 1 1
-5855.3 -5244.5 -110.8 66 0 22.5 68.2 17.5 3.5 4 1 5 2 2
-5887.2 -5048.0 -116.5 335 0 20.4 62.8 17.5 3.5 2 1 5 1 1
-5949.5 -5041.2 -116.3 246 0 17.9 13.9 17.5 3.5 2 0 5 1 1
6621.1 1337.9 -90.8 158 0 55.1 25.1 10.0 2.5 2 0 4 2 2
6534.0 1541.0 -97.1 144 0 97.2 16.1 12.5 2.5 2 0 5 2 2
6649.8 1255.5 -88.4 158 0 24.7 52.1 12.5 2.5 2 1 5 2 2
6714.2 1623.3 -97.0 324 0 61.6 161.3 10.0 0.0 0 1 4 0 0
6795.7 1504.0 -92.0 323 0 48.5 102.3 7.5 0.0 0 1 3 0 0
6646.9 1295.7 -89.7 182 0 19.4 14.7 7.5 2.5 2 0 3 3 3
-5035.9 -12267.4 -114.0 216 0 57.5 86.8 17.5 0.0 0 1 5 5 5
-4963.5 -12160.7 -115.4 216 0 70.7 87.4 17.5 0.0 0 1 5 3 3
6655.6 374.7 -89.7 217 0 61.9 59.9 14.0 0.0 0 0 4 1 1
6245.6 965.3 -101.1 107 0 16.1 21.5 14.0 3.5 4 1 4 1 1
5914.7 1187.1 -109.6 324 0 56.2 19.0 14.0 3.5 2 0 4 3 3
6604.7 269.0 -98.9 137 0 15.2 19.4 45.5 0.0 0 1 13 4 4
3623.4 -175.7 -103.7 137 0 199.5 47.8 10.5 0.0 0 0 3 5 5
3730.9 -406.2 -100.7 138 0 60.5 103.8 14.0 0.0 0 1 4 1 1
4936.0 3688.7 -113.9 248 0 10.7 18.3 10.0 0.0 0 1 4 4 4
6924.8 427.0 -93.8 268 0 26.9 63.9 14.0 0.0 0 1 4 4 4
6069.0 5929.9 -97.1 263 0 42.5 42.0 14.0 0.0 0 0 4 5 5
-1078.2 -3456.4 -94.5 193 0 58.5 109.7 21.0 0.0 0 1 6 2 2
4145.2 -2253.5 -85.5 27 0 185.8 50.3 10.5 0.0 0 0 3 0 0
4240.7 -2113.5 -88.4 298 0 17.9 100.9 10.5 0.0 0 1 3 3 3
4302.7 -2167.1 -89.5 30 0 40.6 26.2 10.5 0.0 0 0 3 5 5
4404.6 -2118.3 -95.7 170 0 51.2 99.3 10.5 0.0 0 1 3 0 0
4252.6 -2464.7 -95.1 207 0 88.5 26.9 14.0 0.0 0 0 4 3 3
3973.3 -1968.6 -84.5 207 0 50.9 18.7 14.0 3.5 4 0 4 0 0
4032.9 -1960.9 -84.6 298 0 18.3 58.0 14.0 3.5 2 1 4 3 3
4074.2 -1967.2 -85.1 291 0 14.5 59.0 14.0 0.0 0 1 4 0 0
4114.8 -1976.6 -87.0 297 0 18.3 59.6 14.0 3.5 2 1 4 2 2
4157.6 -1981.5 -88.9 297 0 17.5 59.1 14.0 3.5 2 1 4 4 4
4028.2 -2111.3 -83.3 119 0 11.0 59.9 14.0 3.5 2 1 4 3 3
3993.5 -2092.8 -81.9 117 0 9.1 60.4 10.5 3.5 2 1 3 4 4
3950.5 -2068.3 -80.8 117 0 9.5 53.3 10.5 0.0 0 1 3 3 3
3966.2 -2094.4 -78.6 297 0 18.8 51.6 14.0 3.5 2 1 4 5 5
3944.2 -2323.5 -88.1 297 0 18.5 52.5 14.0 3.5 2 1 4 5 5
3860.1 -2636.7 -94.3 357 0 29.3 10.4 10.5 3.5 2 0 3 3 3
1631.2 -1696.8 -90.4 68 0 24.8 67.5 14.0 3.5 2 1 4 2 2
1646.7 -1728.7 -93.4 228 0 121.8 76.6 14.0 0.0 0 0 4 0 0
1178.0 -1196.7 -94.3 2 0 25.2 24.4 14.0 0.0 0 0 4 3 3
743.5 -1708.1 -86.4 42 0 14.0 81.9 14.0 0.0 0 1 4 0 0
867.7 -1482.5 -93.2 269 0 151.0 63.2 10.5 0.0 0 0 3 2 2
908.7 -1454.5 -100.6 90 0 102.1 23.3 14.0 0.0 0 0 4 1 1
1912.6 -1935.1 -90.6 6 0 22.7 21.6 10.5 3.5 2 0 3 4 4
3020.4 -721.5 -85.0 269 0 66.3 66.7 10.5 0.0 0 1 3 3 3
3196.3 -443.8 -96.3 1 0 38.7 58.1 14.0 0.0 0 1 4 5 5
5555.5 4816.7 -118.3 193 0 66.9 91.1 14.0 0.0 0 1 4 2 2
5789.4 4741.6 -116.1 121 0 38.4 81.5 14.0 0.0 0 1 4 0 0
-6880.6 -3064.5 -128.7 243 0 8.2 43.5 10.5 3.5 2 1 3 3 3
4006.9 -3700.6 -94.8 245 0 71.8 112.0 14.0 0.0 0 1 4 0 0
-4888.3 -4018.0 -105.5 245 0 51.1 103.0 17.5 0.0 0 1 5 1 1
-4838.4 -3976.4 -108.6 247 0 25.9 127.6 17.5 0.0 0 1 5 3 3
-4944.1 -4153.0 -98.6 67 0 40.3 109.6 17.5 0.0 0 1 5 4 4
-4861.2 -3938.7 -107.3 65 0 18.6 81.4 17.5 3.5 2 1 5 3 3
-4982.7 -3882.6 -108.3 66 0 52.5 53.6 17.5 0.0 0 1 5 4 4
-4932.5 -3823.0 -110.1 337 0 61.9 22.3 17.5 3.5 2 0 5 0 0
-5176.3 -4465.1 -104.2 91 0 74.8 62.2 17.5 0.0 0 0 5 3 3
-5068.1 -3982.8 -107.2 337 0 70.5 22.2 17.5 3.5 2 0 5 2 2
-5068.1 -3982.8 -107.2 337 0 70.5 22.2 17.5 3.5 2 0 5 5 5
-4544.8 -4691.4 -106.0 337 0 491.5 287.9 17.5 0.0 0 0 5 2 2
-3728.1 -10732.8 -89.0 176 0 48.0 56.2 14.0 0.0 0 1 4 1 1
821.3 -12036.4 -11.0 294 0 60.9 41.2 17.5 0.0 0 0 5 2 2
759.4 -12331.6 -58.8 126 0 27.1 25.8 17.5 0.0 0 0 5 1 1
728.4 -12291.2 -56.0 181 0 9.4 13.8 10.5 3.5 2 1 3 0 0
740.1 -12265.2 -50.2 181 0 17.1 12.6 17.5 0.0 0 0 5 4 4
757.6 -12205.6 -37.5 178 0 13.2 15.9 17.5 3.5 2 1 5 5 5
1179.3 -11638.9 97.5 80 0 41.6 34.3 17.5 0.0 0 0 5 0 0
1208.2 -11836.8 113.1 73 0 8.5 14.7 5.0 0.0 0 1 2 4 4
3080.2 -403.1 -92.2 89 0 10.6 94.8 14.0 3.5 2 1 4 4 4
2828.8 -601.0 -83.4 147 0 59.1 18.0 14.0 3.5 4 0 4 1 1
2775.8 -527.7 -83.3 180 0 20.6 49.7 14.0 3.5 2 1 4 2 2
-1584.8 1824.3 -95.5 282 0 116.7 70.6 10.5 0.0 0 0 3 2 2
-1581.9 1841.7 -94.1 102 0 116.8 70.5 14.0 0.0 0 0 4 5 5
-1562.9 1934.2 -96.0 102 0 115.3 66.8 14.0 0.0 0 0 4 5 5
-1545.6 2020.2 -102.2 103 0 110.7 73.8 14.0 0.0 0 0 4 1 1
-1768.1 1861.6 -102.4 282 0 114.7 65.7 14.0 0.0 0 0 4 1 1
-1764.4 1882.2 -99.5 101 0 120.2 66.9 10.5 0.0 0 0 3 0 0
-1747.0 1969.2 -96.6 103 0 117.0 68.4 14.0 0.0 0 0 4 1 1
-1727.4 2058.9 -95.6 103 0 114.3 69.5 10.5 0.0 0 0 3 2 2
-1937.6 1963.4 -99.4 101 0 89.9 60.0 14.0 0.0 0 0 4 1 1
-2011.8 2096.3 -107.5 192 0 54.9 88.6 14.0 0.0 0 1 4 1 1
-1872.3 2038.1 -99.8 103 0 87.7 57.6 14.0 0.0 0 0 4 4 4
-2034.1 1866.8 -99.3 100 0 28.7 93.2 14.0 0.0 0 1 4 1 1
-1897.0 1885.7 -99.4 192 0 92.8 31.0 14.0 0.0 0 0 4 5 5
-2335.4 1945.9 -113.6 191 0 67.7 116.7 14.0 0.0 0 1 4 0 0
-2314.6 2040.6 -113.7 192 0 69.2 113.4 10.5 0.0 0 1 3 1 1
-2194.4 2103.9 -114.6 102 0 86.8 59.6 14.0 0.0 0 0 4 5 5
-2201.6 1917.1 -105.3 191 0 63.2 115.2 14.0 0.0 0 1 4 3 3
-2181.1 2013.6 -110.9 192 0 67.1 117.5 14.0 0.0 0 1 4 3 3
-2093.6 2085.0 -114.9 102 0 89.2 58.9 14.0 0.0 0 0 4 4 4
-1201.3 1709.5 -104.0 231 0 370.7 248.4 14.0 0.0 0 0 4 4 4
-2645.6 2348.2 -100.0 311 0 40.4 86.6 14.0 0.0 0 1 4 3 3
606.3 4530.4 -104.3 201 0 62.8 78.1 14.0 0.0 0 1 4 5 5
6917.5 258.6 -96.2 3 0 58.5 26.1 14.0 3.5 2 0 4 4 4
6923.9 131.0 -100.1 91 0 25.1 60.0 14.0 3.5 2 1 4 5 5
5530.3 -2899.0 -107.8 166 0 68.2 18.4 14.0 3.5 2 0 4 5 5
5488.3 2371.6 -102.3 27 0 29.3 21.8 14.0 0.0 0 0 4 4 4
5280.8 2402.0 -101.2 26 0 29.7 21.0 14.0 0.0 0 0 4 2 2
5275.7 2485.4 -99.1 295 0 23.8 29.7 14.0 0.0 0 1 4 5 5
5188.4 2511.4 -100.8 208 0 30.3 22.1 14.0 0.0 0 0 4 2 2
5154.3 2285.6 -106.1 26 0 34.3 24.2 14.0 0.0 0 0 4 1 1
5088.3 2258.7 -108.7 119 0 22.4 30.8 14.0 0.0 0 1 4 3 3
5106.2 2340.5 -102.4 123 0 25.0 26.3 10.5 0.0 0 1 3 0 0
5142.8 2470.4 -100.0 299 0 20.3 29.9 10.5 0.0 0 1 3 3 3
5208.2 2443.4 -98.1 297 0 22.9 26.6 14.0 0.0 0 1 4 3 3
5365.1 2277.4 -106.3 114 0 21.0 28.8 14.0 0.0 0 1 4 5 5
5306.0 2342.2 -105.2 204 0 27.8 22.8 14.0 0.0 0 0 4 2 2
5300.5 2279.2 -106.7 117 0 23.5 26.7 14.0 0.0 0 1 4 2 2
5040.8 2271.4 -110.7 30 0 26.3 22.6 14.0 3.5 2 0 4 4 4
6854.9 390.7 -87.0 160 0 11.6 9.7 10.5 3.5 2 0 3 0 0
4440.0 3027.3 -114.3 292 0 11.8 18.4 10.5 3.5 2 1 3 2 2
4521.7 3136.4 -114.0 199 0 58.8 8.4 10.5 3.5 2 0 3 4 4
4494.7 3190.7 -113.8 297 0 75.0 12.8 10.5 3.5 2 0 3 0 0
6196.7 1553.5 -98.7 160 0 27.2 51.6 10.5 3.5 2 1 3 2 2
4567.9 2684.3 -114.2 105 0 27.7 68.4 14.0 0.0 0 1 4 3 3
4231.3 -2201.0 -89.4 110 0 17.6 89.5 10.5 0.0 0 1 3 3 3
