-1284.5 7594.9 -23.9 49 0 29.5 18.5 7.5 2.5 2 0 3 2 2
-1265.7 7722.6 -23.2 143 0 15.0 44.8 10.0 2.5 2 1 4 0 0
-5658.7 4448.6 -15.8 173 0 429.0 63.6 10.0 0.0 0 0 4 4 4
4765.6 -4492.3 -21.4 325 0 23.7 164.6 10.0 0.0 0 1 4 0 0
-6523.6 -12485.1 -45.2 87 0 25.4 320.5 10.0 0.0 0 1 4 2 2
-1659.1 -11454.6 -35.5 59 0 82.0 24.3 10.5 0.0 0 0 3 4 4
-1607.6 7891.3 -25.3 294 0 12.4 35.9 14.0 3.5 2 1 4 5 5
-2006.6 8010.5 -27.0 113 0 14.3 23.0 10.0 2.5 2 1 4 3 3
-2057.9 8082.1 -28.3 280 0 12.8 31.4 12.5 2.5 2 1 5 3 3
-1304.4 7884.8 -28.0 151 0 17.9 34.9 10.0 0.0 0 1 4 5 5
4547.3 -4209.1 -22.9 293 0 13.1 21.5 7.5 2.5 2 1 3 1 1
4288.0 -4339.0 -28.0 111 0 20.1 13.4 7.5 2.5 2 0 3 0 0
-5460.4 4315.1 -13.8 317 0 22.7 138.1 10.0 0.0 0 1 4 4 4
-5456.5 4253.1 -14.5 46 0 230.2 36.3 10.0 0.0 0 0 4 5 5
-361.8 -8256.6 -35.2 298 0 116.6 124.6 14.0 0.0 0 1 4 5 5
-5352.8 -3887.2 -29.0 71 0 67.1 32.9 7.5 0.0 0 0 3 1 1
-4488.7 3496.7 -25.6 106 0 89.7 94.4 10.0 0.0 0 1 4 0 0
-3423.3 5922.4 -20.9 314 0 25.5 14.9 10.0 2.5 2 0 4 5 5
-3419.3 5908.1 -19.9 223 0 15.0 8.7 7.5 2.5 2 0 3 2 2
-2853.7 -12345.2 -42.2 322 0 20.4 86.5 10.0 0.0 0 1 4 5 5
-2848.9 -12394.9 -41.1 232 0 36.6 12.9 10.0 2.5 2 0 4 4 4
-2897.6 -12329.4 -41.2 51 0 44.3 19.6 10.0 2.5 2 0 4 0 0
997.3 -10543.5 -37.2 117 0 76.0 19.8 21.0 3.5 2 0 6 4 4
1922.5 -9334.3 -37.6 281 0 17.9 83.8 10.5 3.5 2 1 3 0 0
1672.7 526.6 -22.6 117 0 21.6 6.7 7.5 2.5 2 0 3 2 2
1351.2 189.6 -25.9 158 0 20.6 20.8 10.0 2.5 4 1 4 4 4
1653.9 546.2 -23.4 205 0 11.4 8.2 7.5 2.5 2 0 3 3 3
1668.6 574.0 -30.6 206 0 39.1 7.6 7.5 2.5 2 0 3 5 5
1711.3 573.1 -27.8 299 0 6.7 30.7 5.0 2.5 2 1 2 2 2
3787.0 12563.0 -38.4 296 0 105.0 51.3 10.0 0.0 0 0 4 0 0
3733.7 12462.5 -38.2 116 0 97.3 42.0 12.5 0.0 0 0 5 4 4
3626.3 12515.1 -40.3 116 0 101.1 49.3 12.5 0.0 0 0 5 5 5
3679.2 12619.7 -37.4 296 0 104.7 49.3 12.5 0.0 0 0 5 2 2
3576.3 12661.7 -37.6 296 0 75.3 47.2 10.0 0.0 0 0 4 0 0
3524.0 12566.8 -41.1 116 0 91.5 50.2 7.5 0.0 0 0 3 3 3
3465.1 12723.8 -34.6 296 0 102.2 47.7 7.5 0.0 0 0 3 3 3
3358.0 12773.4 -29.8 296 0 102.4 44.8 15.0 0.0 0 0 6 0 0
3304.9 12672.0 -34.1 116 0 102.0 47.5 10.0 0.0 0 0 4 3 3
3414.7 12618.2 -39.1 116 0 101.5 50.8 12.5 0.0 0 0 5 2 2
3111.0 -9182.9 -31.6 317 0 75.4 16.8 10.5 3.5 2 0 3 5 5
4184.6 -9104.7 -33.2 39 0 77.3 16.5 12.5 2.5 2 0 5 3 3
5631.0 -7579.2 -25.0 45 0 76.7 16.2 12.5 2.5 2 0 5 5 5
6251.0 -5870.8 -20.9 7 0 76.0 15.8 10.0 2.5 2 0 4 1 1
6815.3 -3630.8 -36.0 181 0 74.5 15.9 7.5 2.5 2 0 3 3 3
957.7 1386.0 -22.1 174 0 9.9 28.3 7.5 0.0 0 1 3 1 1
1013.5 1339.1 -23.5 86 0 37.4 54.3 15.0 0.0 0 1 6 5 5
990.1 1338.0 -22.6 355 0 27.3 26.3 12.5 0.0 0 0 5 4 4
946.9 1555.4 -21.6 176 0 54.2 24.2 10.0 2.5 4 0 4 5 5
989.0 1606.6 -22.4 266 0 23.7 75.0 7.5 0.0 0 1 3 2 2
1022.8 1609.4 -23.3 265 0 25.6 74.9 7.5 0.0 0 1 3 4 4
956.2 1416.0 -22.3 177 0 29.1 36.8 10.0 0.0 0 1 4 4 4
960.6 1472.9 -22.3 175 0 53.0 33.8 12.5 0.0 0 0 5 3 3
1032.9 1438.0 -23.2 8 0 63.2 14.7 7.5 2.5 2 0 3 3 3
976.7 1633.9 -21.9 265 0 24.2 16.6 10.0 2.5 2 0 4 3 3
1010.6 1635.7 -22.7 263 0 22.6 16.3 7.5 2.5 2 0 3 5 5
1040.6 1639.1 -23.2 302 0 16.5 24.7 10.0 2.5 2 0 4 4 4
972.5 1304.7 -22.7 266 0 17.1 16.9 10.0 2.5 2 0 4 2 2
979.5 1122.2 -24.5 174 0 40.2 11.6 7.5 2.5 4 0 3 2 2
1009.5 1125.0 -25.0 354 0 40.2 11.6 7.5 2.5 2 0 3 1 1
-3820.3 353.0 -29.3 263 0 46.7 84.0 2.5 0.0 0 1 1 0 0
1013.6 1335.6 -23.6 267 0 35.6 9.9 7.5 2.5 2 0 3 2 2
1680.8 -8109.9 -28.8 21 0 14.4 64.5 14.0 3.5 2 1 4 3 3
1236.4 -9424.0 -36.3 270 0 19.5 34.6 45.0 0.0 0 1 18 1 1
1236.7 -9385.7 -36.4 270 0 18.7 33.2 45.0 0.0 0 1 18 3 3
1124.5 -8650.8 -39.2 273 0 29.7 51.8 14.0 0.0 0 0 4 4 4
889.8 -8639.4 -34.2 1 0 44.5 49.3 10.0 0.0 0 1 4 4 4
-6735.8 -1339.4 -37.4 176 0 278.1 75.2 7.5 0.0 0 0 3 5 5
-6574.9 -1324.9 -37.1 357 0 280.3 48.5 12.5 0.0 0 0 5 3 3
-6653.6 -977.9 -33.5 360 0 146.0 143.4 12.5 0.0 0 0 5 2 2
-1531.8 -8952.4 -42.6 19 0 15.7 13.4 14.0 3.5 2 0 4 0 0
-1508.2 -8934.2 -44.1 14 0 13.8 16.4 14.0 3.5 2 1 4 3 3
-1610.6 -8993.7 -37.4 201 0 30.5 17.0 14.0 0.0 0 0 4 2 2
1171.5 -7923.9 -29.2 270 0 43.7 42.7 12.5 0.0 0 0 5 1 1
714.0 -8655.8 -35.5 183 0 64.0 18.5 14.0 3.5 2 0 4 3 3
1362.7 -10503.9 -31.8 271 0 18.1 49.9 17.5 3.5 2 1 5 1 1
-1925.8 -11788.3 -32.1 138 0 50.0 37.7 14.0 0.0 0 0 4 2 2
3501.5 -10800.1 -38.7 83 0 23.3 34.2 10.0 0.0 0 1 4 2 2
-2136.4 -7609.8 -35.5 105 0 70.8 23.0 10.0 0.0 0 0 4 2 2
-2110.8 -7449.9 -31.2 244 0 7.0 8.4 5.0 2.5 4 1 2 2 2
-2124.9 -7462.7 -32.0 244 0 7.0 8.4 5.0 2.5 2 1 2 4 4
-2137.2 -7461.3 -32.1 244 0 7.0 8.4 5.0 2.5 2 1 2 5 5
-2136.3 -7447.2 -31.3 244 0 7.0 8.4 7.5 2.5 2 1 3 2 2
-2152.2 -7462.8 -31.6 188 0 7.0 7.9 7.5 2.5 2 1 3 4 4
-2165.1 -7461.3 -31.1 188 0 7.0 7.9 5.0 0.0 0 1 2 0 0
2427.7 -9469.7 -33.7 182 0 46.0 32.2 10.5 0.0 0 0 3 4 4
5666.3 -1201.9 35.0 114 0 36.6 18.2 10.0 2.5 2 0 4 1 1
