-734.6 -1082.2 -6.2 298 0 25.0 20.4 5.0 2.5 2 0 2 0 0
-711.7 -1119.4 -6.0 120 0 28.3 18.6 10.0 2.5 2 0 4 0 0
2761.6 7699.6 -9.5 45 0 64.0 80.0 10.0 0.0 0 1 4 1 1
158.3 11555.9 -14.1 141 0 76.3 40.9 12.5 0.0 0 0 5 1 1
-230.6 11636.4 -14.7 226 0 113.7 79.0 10.0 0.0 0 0 4 3 3
6379.6 6596.1 -10.3 192 0 60.5 59.9 10.0 0.0 0 0 4 3 3
6480.1 6514.3 -7.0 12 0 44.3 39.7 12.5 0.0 0 0 5 3 3
6198.3 6754.4 -15.3 192 0 57.5 30.7 12.5 0.0 0 0 5 1 1
6406.8 6733.9 -11.1 191 0 30.4 59.1 10.0 0.0 0 1 4 3 3
6517.8 6684.0 -8.6 11 0 81.2 49.3 12.5 0.0 0 0 5 0 0
6496.1 6593.2 -8.2 12 0 85.2 39.3 10.0 0.0 0 0 4 1 1
-4703.2 5152.1 3.5 265 0 48.2 90.6 10.0 0.0 0 1 4 3 3
-1809.8 12915.4 -21.3 144 0 101.6 42.5 10.0 0.0 0 0 4 0 0
-1906.4 12906.8 -20.9 232 0 109.6 66.9 12.5 0.0 0 0 5 3 3
-3899.3 4483.9 -2.6 165 0 135.0 201.1 12.5 0.0 0 1 5 2 2
-5475.7 6740.3 -3.4 233 0 13.2 25.8 12.5 2.5 2 1 5 3 3
-4101.8 5628.4 -8.1 70 0 9.6 34.8 7.5 0.0 0 1 3 2 2
-4747.2 3395.8 -4.8 22 0 179.2 114.9 10.0 0.0 0 0 4 3 3
-3620.6 4254.5 -9.7 345 0 348.1 214.7 10.0 0.0 0 0 4 5 5
3494.2 10844.4 -7.2 157 0 82.9 82.3 17.5 0.0 0 0 7 5 5
3709.7 10921.7 -7.2 337 0 104.7 83.1 12.5 0.0 0 0 5 4 4
-4191.1 4465.7 5.7 167 0 106.5 128.5 10.0 0.0 0 1 4 5 5
-4664.5 6340.0 -8.3 259 0 19.3 169.3 10.0 0.0 0 1 4 5 5
-4640.3 6342.8 -8.4 259 0 17.8 161.4 12.5 0.0 0 1 5 3 3
-4593.9 6319.2 -8.5 348 0 70.3 20.3 7.5 2.5 2 0 3 1 1
-4007.6 5629.0 -9.9 247 0 28.7 98.7 12.5 0.0 0 1 5 1 1
-3886.9 5118.4 -6.9 76 0 15.0 93.9 12.5 2.5 2 1 5 2 2
-4101.9 5181.0 -0.8 334 0 85.8 17.3 10.0 2.5 2 0 4 1 1
-3931.2 4922.0 -7.9 76 0 26.3 115.2 12.5 0.0 0 1 5 0 0
-3790.4 4764.8 -7.8 77 0 15.3 70.7 12.5 2.5 2 1 5 4 4
-4228.9 6386.0 -9.7 74 0 93.0 20.5 7.5 0.0 0 0 3 5 5
