2942.6 10577.2 -153.2 91 0 23.8 43.2 17.5 0.0 0 1 5 5 5
-417.9 3910.5 -136.6 89 0 19.2 66.4 17.5 0.0 0 1 5 4 4
3160.2 12386.0 -159.4 169 0 318.5 111.5 14.0 0.0 0 0 4 4 4
-279.2 3911.8 -130.9 89 0 21.5 69.6 17.5 3.5 2 1 5 1 1
-395.4 3910.5 -135.5 89 0 12.0 66.1 17.5 3.5 2 1 5 2 2
-92.7 3845.3 -138.4 90 0 7.1 52.6 10.5 3.5 2 1 3 5 5
-474.8 4144.2 -135.9 270 0 56.8 50.6 17.5 0.0 0 0 5 5 5
-238.9 3913.2 -132.0 89 0 22.0 69.6 17.5 0.0 0 1 5 5 5
-238.7 3894.2 -134.3 269 0 21.5 68.0 17.5 3.5 2 1 5 5 5
-429.6 4142.8 -133.0 269 0 17.5 64.3 17.5 3.5 2 1 5 5 5
-203.1 3947.1 -133.7 178 0 65.4 26.4 14.0 0.0 0 0 4 2 2
-142.1 3915.1 -135.1 90 0 19.9 67.3 14.0 0.0 0 1 4 0 0
-216.9 4032.0 -129.7 88 0 27.2 67.8 17.5 0.0 0 1 5 1 1
-437.9 4041.2 -134.0 178 0 15.1 17.2 17.5 3.5 2 1 5 3 3
-366.6 3910.6 -134.5 88 0 20.4 66.8 17.5 3.5 2 1 5 1 1
-492.5 4032.0 -137.1 90 0 18.2 53.0 17.5 3.5 2 1 5 3 3
-408.4 4141.0 -132.9 270 0 16.2 104.9 17.5 0.0 0 1 5 2 2
-164.5 3915.3 -134.4 89 0 18.6 65.8 14.0 3.5 2 1 4 0 0
-301.0 4089.7 -130.3 360 0 113.9 51.0 17.5 0.0 0 0 5 5 5
-461.2 3861.9 -140.2 179 0 75.5 12.3 17.5 3.5 4 0 5 3 3
-317.5 3824.6 -134.7 89 0 20.5 66.8 17.5 3.5 2 1 5 2 2
-110.2 3916.7 -136.2 89 0 22.2 68.9 14.0 3.5 2 1 4 4 4
-571.9 4056.6 -140.7 180 0 56.4 30.5 17.5 0.0 0 0 5 5 5
-399.6 3824.3 -138.5 90 0 37.9 67.2 17.5 0.0 0 1 5 0 0
-288.1 4090.6 -128.3 179 0 112.4 44.1 17.5 0.0 0 0 5 3 3
-428.0 4052.5 -133.5 90 0 18.4 23.7 17.5 0.0 0 1 5 1 1
-108.9 3840.4 -138.5 269 0 14.3 15.6 17.5 3.5 2 1 5 5 5
-364.9 3824.7 -136.6 89 0 19.4 65.4 17.5 3.5 2 1 5 3 3
-453.3 4182.1 -135.3 0 0 40.9 68.8 17.5 0.0 0 1 5 5 5
-462.7 4031.3 -136.1 90 0 35.5 54.5 17.5 0.0 0 1 5 4 4
-383.5 4162.9 -129.2 90 0 26.6 38.8 17.5 0.0 0 1 5 0 0
-375.7 4145.3 -132.0 270 0 33.3 112.8 17.5 0.0 0 1 5 0 0
-572.8 4123.8 -139.3 179 0 63.0 61.4 17.5 0.0 0 0 5 1 1
-445.2 4181.5 -131.5 179 0 37.3 41.7 17.5 0.0 0 1 5 5 5
-445.8 3909.6 -137.9 89 0 28.3 66.0 17.5 0.0 0 1 5 1 1
-342.3 3824.9 -135.6 90 0 16.5 65.8 17.5 3.5 2 1 5 3 3
-434.9 3824.0 -139.5 90 0 21.5 67.7 17.5 3.5 2 1 5 5 5
3487.4 3753.9 -147.7 270 0 20.8 36.1 17.5 0.0 0 1 5 4 4
737.5 9755.1 -139.0 88 0 13.7 33.9 14.0 3.5 4 1 4 1 1
5254.4 4378.2 -150.2 355 0 197.2 40.3 14.0 0.0 0 0 4 4 4
5276.8 4371.6 -146.7 175 0 148.2 40.5 17.5 0.0 0 0 5 3 3
-2487.2 4476.6 -137.2 317 0 174.7 92.2 12.5 0.0 0 0 5 1 1
-1112.3 5836.3 -103.4 269 0 66.6 66.0 17.5 0.0 0 0 5 2 2
-461.4 4007.4 -136.1 179 0 33.8 166.1 17.5 0.0 0 1 5 1 1
2044.4 4299.7 -143.1 90 0 34.8 86.8 17.5 0.0 0 1 5 1 1
2262.7 6914.9 -148.7 87 0 41.5 162.1 17.5 0.0 0 1 5 5 5
2208.6 7804.9 -155.1 179 0 103.2 42.0 10.0 0.0 0 0 4 4 4
3173.0 6481.9 -160.4 70 0 59.6 77.6 17.5 0.0 0 1 5 0 0
3069.2 6574.1 -158.9 346 0 53.5 49.2 17.5 0.0 0 0 5 2 2
1302.5 5766.8 -129.0 358 0 36.8 4.9 12.0 3.5 2 0 3 2 2
1286.3 5769.3 -128.6 178 0 43.2 5.1 12.0 3.5 4 0 3 0 0
1337.9 5761.8 -130.5 179 0 20.2 7.3 12.0 3.5 4 0 3 2 2
6027.4 -2990.6 -149.3 29 0 27.4 44.8 10.5 0.0 0 1 3 2 2
1155.9 5998.0 -143.7 190 0 27.0 14.4 17.5 3.5 2 0 5 4 4
1193.1 5576.7 -129.3 89 0 118.2 40.0 14.0 0.0 0 0 4 0 0
1241.8 6036.6 -146.7 280 0 128.2 65.9 17.5 0.0 0 0 5 5 5
1343.3 6029.5 -147.1 269 0 39.5 55.3 17.5 0.0 0 0 5 3 3
1927.5 6859.7 -146.6 89 0 45.5 38.8 17.5 0.0 0 0 5 5 5
1848.7 7055.4 -140.8 269 0 39.4 28.0 17.5 0.0 0 0 5 3 3
1955.9 6805.8 -148.2 360 0 57.1 42.8 14.0 0.0 0 0 4 3 3
2345.7 6983.6 -147.2 88 0 24.9 54.1 17.5 3.5 2 0 5 3 3
2376.4 7018.8 -147.6 89 0 39.1 10.3 17.5 3.5 2 0 5 2 2
2409.2 6983.3 -149.4 89 0 25.8 56.0 17.5 3.5 2 1 5 2 2
3036.2 6642.7 -156.2 88 0 30.4 70.3 17.5 0.0 0 1 5 4 4
-173.9 2012.9 -149.7 42 0 66.4 13.2 17.5 3.5 2 0 5 3 3
-156.9 1969.3 -146.9 227 0 41.4 16.1 17.5 3.5 2 0 5 4 4
-62.0 2046.1 -150.3 317 0 17.1 40.2 17.5 3.5 2 1 5 2 2
-85.8 2070.1 -151.1 317 0 23.0 38.4 17.5 0.0 0 1 5 0 0
-185.6 1887.7 -145.6 48 0 20.6 66.0 14.0 3.5 2 1 4 1 1
-187.9 1971.4 -147.8 138 0 18.0 41.5 17.5 3.5 4 1 5 3 3
-121.4 2003.4 -148.6 229 0 42.5 16.6 17.5 3.5 2 0 5 3 3
-144.0 2028.8 -149.7 226 0 40.6 21.3 17.5 0.0 0 0 5 2 2
-177.1 1940.0 -146.1 317 0 65.6 20.3 14.0 3.5 2 0 4 1 1
3169.2 5331.4 -143.0 27 0 17.0 89.9 17.5 3.5 2 1 5 4 4
3176.1 5328.5 -142.8 207 0 13.9 57.5 17.5 3.5 2 0 5 4 4
2779.1 5561.4 -127.8 67 0 30.1 34.9 14.0 0.0 0 0 4 1 1
3419.3 5643.9 -140.8 258 0 11.0 19.9 21.0 0.0 0 1 6 4 4
3561.1 5307.5 -148.2 180 0 59.0 8.1 10.5 3.5 2 0 3 3 3
3394.4 5661.5 -138.1 168 0 19.3 10.4 21.0 0.0 0 0 6 3 3
3447.9 5697.7 -141.4 258 0 10.4 19.3 21.0 0.0 0 1 6 2 2
3434.2 5670.8 -141.1 258 0 10.1 19.1 21.0 0.0 0 1 6 5 5
3590.0 5337.4 -148.4 270 0 9.1 59.2 10.5 3.5 2 1 3 5 5
3430.4 5705.6 -138.9 78 0 10.8 19.8 21.0 0.0 0 1 6 5 5
3460.1 5649.2 -145.1 250 0 10.3 46.5 17.5 3.5 2 1 5 3 3
3416.0 5679.2 -138.5 78 0 9.8 18.3 10.5 0.0 0 1 3 5 5
3443.4 5617.9 -144.7 250 0 9.9 46.2 10.5 3.5 2 1 3 2 2
3475.9 5283.6 -147.4 81 0 16.4 36.5 14.0 3.5 2 1 4 5 5
3537.9 5198.7 -147.3 90 0 18.2 64.2 17.5 3.5 2 1 5 4 4
2525.2 6077.1 -144.8 270 0 27.4 70.9 17.5 0.0 0 1 5 0 0
2729.3 5715.6 -136.0 339 0 40.0 15.5 17.5 3.5 2 0 5 0 0
2436.5 5974.6 -140.4 89 0 42.5 77.8 14.0 0.0 0 1 4 0 0
3723.9 5291.3 -149.0 273 0 15.2 25.0 17.5 0.0 0 0 5 0 0
3582.8 5358.1 -148.6 90 0 26.4 6.3 10.5 3.5 2 0 3 5 5
3491.0 5568.1 -148.5 346 0 41.2 12.4 17.5 3.5 2 0 5 0 0
3552.5 5358.0 -148.4 90 0 16.8 6.6 10.5 3.5 2 0 3 4 4
3525.8 5357.9 -148.2 90 0 20.6 6.8 10.5 3.5 2 0 3 3 3
2695.0 5501.4 -122.5 185 0 26.9 24.7 17.5 0.0 0 0 5 0 0
2802.9 5466.0 -123.4 276 0 22.2 30.3 17.5 0.0 0 0 5 3 3
2819.1 5453.3 -124.8 276 0 12.7 11.2 17.5 3.5 2 0 5 5 5
2824.1 5469.5 -123.3 275 0 5.4 5.7 10.5 3.5 2 0 3 4 4
2849.8 5429.6 -127.5 95 0 17.1 23.0 17.5 3.5 2 0 5 4 4
2857.0 5485.3 -126.4 295 0 14.1 13.7 17.5 3.5 2 0 5 0 0
2895.6 5442.4 -129.3 6 0 18.8 24.1 17.5 3.5 2 0 5 5 5
3576.3 5881.5 -156.3 135 0 17.5 41.1 17.5 3.5 2 0 5 3 3
3463.6 5450.4 -148.5 76 0 8.6 19.3 10.5 3.5 4 1 3 4 4
3427.6 5562.2 -143.1 349 0 22.3 14.1 21.0 0.0 0 0 6 4 4
3463.7 5421.5 -148.3 167 0 23.7 9.2 10.5 0.0 0 0 3 0 0
3486.2 5442.8 -148.7 167 0 23.7 9.2 10.5 3.5 2 0 3 5 5
2639.7 5576.2 -129.5 312 0 80.8 12.2 14.0 3.5 2 0 4 2 2
2547.8 5592.1 -132.2 131 0 33.4 12.8 14.0 3.5 2 0 4 3 3
3466.0 5802.8 -149.3 350 0 23.6 8.3 10.5 3.5 2 0 3 1 1
3472.9 5746.2 -141.2 350 0 21.7 8.9 10.5 3.5 2 0 3 1 1
3340.8 5887.9 -148.2 348 0 19.5 8.5 10.5 3.5 2 0 3 3 3
3365.5 5896.5 -150.4 348 0 19.7 8.7 10.5 3.5 2 0 3 4 4
3339.4 5910.6 -150.9 348 0 19.6 8.6 10.5 3.5 2 0 3 3 3
3493.7 5771.0 -146.5 170 0 11.7 6.9 10.5 3.5 2 0 3 0 0
3407.3 5815.9 -145.5 160 0 12.9 6.6 10.5 3.5 2 0 3 1 1
3520.0 5726.4 -145.4 78 0 8.1 24.8 10.5 3.5 2 0 3 3 3
2277.1 6382.0 -130.9 175 0 18.8 26.6 14.0 3.5 4 1 4 0 0
2955.7 6053.7 -137.4 168 0 30.6 14.2 17.5 3.5 2 0 5 2 2
2985.0 6013.8 -136.8 79 0 14.9 20.1 17.5 3.5 2 0 5 3 3
2953.6 6081.2 -138.6 168 0 24.3 13.7 17.5 3.5 2 0 5 3 3
2842.5 5998.4 -133.1 351 0 28.6 48.6 17.5 3.5 2 1 5 5 5
3010.5 6119.6 -143.5 220 0 8.4 36.1 10.5 3.5 4 1 3 5 5
2614.4 5193.4 -130.6 133 0 22.9 13.4 12.5 2.5 2 0 5 5 5
2889.2 6890.0 -158.6 269 0 49.7 72.3 14.0 0.0 0 1 4 3 3
2885.9 6913.5 -159.7 90 0 56.5 41.8 14.0 0.0 0 0 4 0 0
2656.5 5639.6 -128.7 223 0 7.0 8.2 10.5 0.0 0 1 3 2 2
3565.3 3700.0 -149.6 273 0 59.6 29.2 17.5 0.0 0 0 5 1 1
3787.5 3650.6 -155.0 93 0 71.9 21.2 17.5 3.5 4 0 5 4 4
4105.2 4490.1 -145.7 12 0 14.9 76.3 17.5 3.5 2 1 5 2 2
4392.2 4439.2 -153.0 12 0 28.0 91.2 14.0 0.0 0 1 4 2 2
4190.6 4545.8 -147.3 13 0 54.4 18.3 17.5 3.5 2 0 5 5 5
4135.4 4510.2 -145.3 102 0 25.9 71.3 17.5 0.0 0 1 5 2 2
4093.4 4519.5 -143.2 102 0 26.0 71.4 17.5 0.0 0 1 5 2 2
4049.9 4530.5 -141.0 102 0 25.6 71.0 17.5 0.0 0 1 5 3 3
2922.3 5798.6 -136.0 80 0 15.6 13.5 17.5 3.5 2 0 5 5 5
1932.9 5704.3 -136.5 179 0 28.5 75.2 14.0 0.0 0 1 4 1 1
1187.2 4896.0 -128.2 359 0 47.4 16.4 14.0 3.5 2 0 4 0 0
4551.3 5034.2 -152.6 106 0 77.6 65.1 17.5 0.0 0 0 5 3 3
3719.9 4726.2 -144.8 7 0 66.0 13.4 17.5 3.5 2 0 5 0 0
3400.8 4165.5 -144.3 358 0 35.3 23.1 17.5 0.0 0 0 5 0 0
3327.8 4164.3 -143.9 274 0 17.4 11.6 17.5 3.5 2 0 5 0 0
3295.3 4184.2 -144.7 276 0 52.4 40.8 17.5 0.0 0 0 5 1 1
3841.4 5181.3 -137.2 81 0 11.4 21.1 17.5 3.5 2 1 5 2 2
3806.0 5183.6 -142.1 83 0 10.9 26.9 17.5 3.5 4 1 5 4 4
3811.5 5395.5 -150.2 279 0 10.8 20.2 17.5 3.5 2 0 5 5 5
3797.4 5335.0 -150.0 98 0 12.5 41.7 17.5 3.5 2 0 5 4 4
2816.1 6627.3 -150.2 269 0 26.5 70.6 17.5 0.0 0 0 5 2 2
2787.4 6630.9 -144.0 267 0 22.6 16.4 17.5 3.5 2 0 5 2 2
2732.7 6887.6 -156.9 269 0 25.5 70.6 17.5 0.0 0 1 5 1 1
2792.7 6885.4 -156.4 269 0 33.7 72.0 14.0 0.0 0 1 4 4 4
2306.1 5964.2 -136.6 179 0 21.7 49.5 17.5 3.5 2 1 5 3 3
2434.5 5964.0 -140.5 270 0 56.2 7.5 10.5 3.5 2 0 3 1 1
2614.7 5443.6 -124.6 108 0 11.3 19.1 14.0 0.0 0 1 4 4 4
2657.9 5599.7 -127.6 134 0 12.1 19.1 14.0 0.0 0 1 4 3 3
2618.9 5474.1 -125.6 336 0 11.5 19.0 14.0 0.0 0 1 4 1 1
3936.6 5357.9 -150.6 26 0 44.6 15.3 14.0 3.5 2 0 4 4 4
3949.9 5527.8 -153.6 143 0 26.4 12.6 17.5 3.5 2 0 5 5 5
3945.7 5564.6 -153.4 203 0 29.4 13.1 17.5 3.5 2 0 5 3 3
3917.4 5295.8 -149.5 7 0 47.7 14.3 14.0 3.5 2 0 4 0 0
3965.6 5419.7 -152.1 26 0 64.8 15.2 14.0 3.5 2 0 4 4 4
2291.6 9480.8 -149.7 89 0 71.4 21.3 17.5 3.5 2 0 5 3 3
2337.1 9558.7 -150.1 201 0 108.9 27.9 17.5 0.0 0 0 5 1 1
3286.6 12570.6 -157.7 260 0 61.7 198.7 17.5 0.0 0 1 5 5 5
3173.5 12736.4 -151.7 243 0 28.6 61.1 17.5 0.0 0 1 5 3 3
3689.4 4592.6 -141.2 193 0 29.2 44.5 17.5 0.0 0 1 5 5 5
3762.3 4580.5 -143.9 12 0 34.6 14.2 14.0 3.5 2 0 4 1 1
2910.3 4720.8 -145.3 269 0 33.0 63.3 17.5 0.0 0 1 5 3 3
2916.4 4734.6 -138.2 89 0 40.1 51.5 10.0 0.0 0 0 4 2 2
2905.3 5018.4 -143.3 268 0 38.1 59.2 17.5 0.0 0 0 5 4 4
5310.8 4482.9 -146.3 131 0 40.1 90.7 14.0 0.0 0 1 4 1 1
5408.3 4514.7 -141.6 311 0 25.1 68.5 14.0 0.0 0 1 4 3 3
5397.5 4432.3 -140.2 131 0 25.3 68.8 14.0 0.0 0 1 4 1 1
4805.4 4830.6 -146.0 21 0 28.3 87.7 17.5 0.0 0 1 5 0 0
4609.1 4914.7 -151.5 289 0 146.5 32.3 17.5 0.0 0 0 5 5 5
4693.2 4854.2 -140.1 111 0 27.3 30.5 17.5 0.0 0 1 5 1 1
3696.8 4194.5 -153.1 258 0 54.5 81.8 17.5 0.0 0 1 5 4 4
3656.6 3984.5 -144.6 148 0 36.6 43.3 14.0 0.0 0 1 4 0 0
3761.6 3900.6 -148.7 178 0 13.9 17.6 17.5 3.5 2 1 5 5 5
1384.3 5344.2 -127.0 269 0 45.5 59.7 17.5 0.0 0 1 5 4 4
1215.0 5132.5 -131.2 179 0 206.3 110.2 17.5 0.0 0 0 5 3 3
2356.8 6877.1 -148.9 268 0 25.2 71.3 17.5 0.0 0 1 5 5 5
2804.8 6241.5 -146.6 220 0 9.9 15.3 10.5 3.5 2 1 3 2 2
5051.3 4483.5 -148.8 252 0 8.7 51.7 10.5 3.5 2 0 3 4 4
5027.0 4465.7 -148.3 343 0 20.8 9.0 10.5 3.5 2 0 3 1 1
5050.0 4472.9 -147.8 342 0 5.3 24.1 10.5 3.5 2 0 3 2 2
5073.4 4443.4 -148.0 253 0 9.3 46.1 10.5 3.5 2 0 3 1 1
4988.9 4483.7 -148.3 39 0 17.3 7.6 10.5 3.5 2 0 3 0 0
5018.7 4462.5 -146.3 344 0 5.1 12.8 10.5 3.5 2 0 3 0 0
5065.3 4433.8 -145.9 253 0 12.0 21.1 17.5 3.5 2 0 5 0 0
5061.9 4435.4 -145.7 343 0 5.0 18.1 10.5 3.5 2 0 3 3 3
3400.2 4906.4 -148.6 268 0 19.8 28.0 14.0 0.0 0 1 4 0 0
3846.1 4587.4 -148.1 11 0 43.9 13.9 14.0 3.5 2 0 4 5 5
3880.8 4844.4 -149.2 13 0 35.0 21.6 17.5 0.0 0 0 5 4 4
3596.5 4922.4 -125.3 88 0 16.7 30.0 14.0 3.5 2 1 4 1 1
3254.4 6464.7 -155.6 251 0 52.0 16.5 17.5 3.5 2 0 5 0 0
3731.7 4998.0 -143.4 179 0 49.8 42.9 17.5 0.0 0 0 5 4 4
3757.2 5032.7 -142.0 269 0 18.4 9.2 10.5 3.5 2 0 3 5 5
3810.3 4964.0 -146.2 94 0 46.2 57.0 14.0 0.0 0 1 4 4 4
3856.8 5022.9 -142.5 184 0 28.6 13.7 14.0 3.5 2 0 4 0 0
3766.0 5458.1 -150.3 7 0 45.8 17.6 14.0 3.5 2 0 4 4 4
3675.7 5713.6 -151.9 295 0 32.2 24.3 17.5 0.0 0 0 5 3 3
3752.7 5501.7 -150.6 277 0 37.0 18.6 14.0 0.0 0 0 4 0 0
3662.8 5662.4 -151.9 107 0 50.9 28.8 17.5 0.0 0 0 5 5 5
3768.0 5509.2 -150.4 97 0 10.2 62.5 17.5 0.0 0 1 5 5 5
3643.2 5419.8 -149.8 179 0 52.3 18.5 21.0 0.0 0 0 6 1 1
3571.4 5745.1 -151.0 116 0 52.9 17.8 17.5 3.5 2 0 5 3 3
3425.9 7044.7 -160.2 179 0 37.3 74.5 14.0 0.0 0 1 4 5 5
3539.0 7098.5 -162.4 269 0 35.2 72.1 17.5 0.0 0 1 5 5 5
3412.2 7044.5 -159.0 359 0 37.2 74.4 17.5 0.0 0 1 5 2 2
3539.0 7113.0 -164.1 89 0 35.6 72.5 17.5 0.0 0 1 5 1 1
3246.8 7056.2 -152.2 179 0 61.9 36.2 17.5 0.0 0 0 5 1 1
3245.0 7135.9 -153.0 179 0 73.0 36.1 17.5 0.0 0 0 5 5 5
3797.7 4667.2 -149.5 282 0 32.0 20.6 14.0 0.0 0 0 4 1 1
3786.6 4597.9 -149.4 102 0 26.0 49.5 14.0 0.0 0 0 4 2 2
-1368.5 4229.4 -137.9 140 0 16.6 18.8 10.0 0.0 0 1 4 1 1
-3473.5 1991.3 -143.9 72 0 98.6 17.1 17.5 0.0 0 0 5 4 4
-3489.1 1408.3 -136.9 354 0 20.8 4.9 10.5 3.5 2 0 3 1 1
-3479.8 1419.8 -140.4 264 0 21.1 18.9 10.5 3.5 2 0 3 5 5
-3363.3 1378.0 -146.9 86 0 19.8 19.8 14.0 3.5 2 1 4 3 3
3590.2 4913.2 -138.7 286 0 7.5 21.1 10.5 3.5 2 0 3 2 2
3539.7 4709.4 -147.2 102 0 11.4 25.2 14.0 0.0 0 1 4 5 5
3551.0 4787.5 -148.8 192 0 18.6 19.9 14.0 0.0 0 1 4 0 0
3558.7 4902.1 -140.4 185 0 21.5 7.9 10.5 3.5 2 0 3 2 2
3564.1 4872.7 -144.5 95 0 7.3 18.1 10.5 3.5 2 0 3 0 0
3558.1 4818.0 -150.1 192 0 18.6 19.9 14.0 0.0 0 1 4 1 1
3544.1 4756.5 -147.1 192 0 18.6 19.9 14.0 0.0 0 1 4 5 5
2890.2 5303.3 -131.6 89 0 44.5 9.7 10.5 3.5 2 0 3 0 0
-2246.8 5557.4 -128.7 269 0 34.2 18.6 17.5 0.0 0 0 5 5 5
-2140.7 5476.0 -123.5 269 0 23.0 38.7 17.5 0.0 0 0 5 4 4
6919.1 2699.1 155.3 12 0 20.3 9.0 10.5 3.5 2 0 3 0 0
2786.3 9490.2 -145.4 68 0 15.2 25.3 17.5 3.5 2 1 5 0 0
2749.4 9618.3 -145.8 359 0 73.0 35.8 17.5 0.0 0 0 5 3 3
4047.0 5226.4 -148.6 15 0 17.3 39.3 17.5 3.5 2 0 5 4 4
5100.2 4889.9 -143.2 185 0 30.8 72.7 17.5 0.0 0 1 5 0 0
4057.9 5536.5 -154.5 295 0 23.9 23.4 12.5 2.5 2 0 5 0 0
4026.0 5494.3 -152.8 204 0 6.9 27.7 3.5 2.5 2 0 1 1 1
4085.0 5512.8 -154.6 15 0 17.2 15.4 10.0 2.5 2 0 4 2 2
5262.4 4876.4 -149.9 288 0 115.2 27.0 17.5 0.0 0 0 5 2 2
190.1 8760.5 -151.1 179 0 122.6 80.3 17.5 0.0 0 0 5 1 1
288.0 8743.0 -150.7 179 0 81.8 117.3 17.5 0.0 0 1 5 0 0
161.0 8834.9 -150.0 359 0 20.7 50.9 14.0 0.0 0 0 4 0 0
3897.1 5572.9 -152.1 195 0 20.4 13.5 17.5 3.5 2 0 5 3 3
3912.0 5499.1 -152.7 141 0 16.4 10.6 17.5 3.5 2 0 5 2 2
3903.8 5592.5 -152.2 203 0 20.8 13.3 17.5 3.5 2 0 5 1 1
3893.3 5553.3 -152.0 187 0 18.8 13.7 17.5 3.5 2 0 5 3 3
3782.7 5283.2 -148.0 199 0 16.4 20.8 17.5 0.0 0 0 5 0 0
3782.2 5259.7 -147.2 263 0 10.4 26.6 17.5 3.5 2 0 5 3 3
3770.6 5179.4 -145.1 81 0 11.3 22.1 17.5 3.5 2 0 5 0 0
3794.3 5315.3 -149.5 262 0 9.4 27.0 10.5 3.5 2 0 3 3 3
3675.7 5367.5 -149.3 345 0 41.7 10.6 21.0 0.0 0 0 6 0 0
3597.8 5587.0 -150.8 156 0 30.6 9.9 10.5 3.5 2 0 3 3 3
3697.0 5405.5 -150.0 75 0 11.1 31.9 17.5 3.5 2 1 5 5 5
3688.9 5372.4 -149.5 344 0 43.5 10.1 21.0 0.0 0 0 6 0 0
3629.2 5630.0 -151.5 190 0 10.1 41.4 17.5 3.5 2 1 5 1 1
3605.1 5529.4 -150.3 137 0 27.0 11.4 17.5 3.5 4 0 5 5 5
3699.0 5374.1 -149.7 165 0 42.1 12.2 21.0 0.0 0 0 6 3 3
3643.7 5648.3 -151.5 191 0 10.3 40.9 14.0 3.5 2 1 4 3 3
3578.5 5578.1 -150.6 156 0 32.8 11.7 17.5 3.5 2 0 5 2 2
3358.1 4989.6 -145.7 66 0 11.5 19.5 17.5 0.0 0 1 5 5 5
3381.8 5005.3 -146.4 359 0 4.7 42.5 10.5 3.5 2 0 3 3 3
1639.7 3150.1 -155.4 179 0 57.0 23.7 17.5 3.5 2 0 5 1 1
1732.7 3154.2 -159.3 269 0 56.2 48.3 14.0 0.0 0 0 4 1 1
1669.7 3684.6 -145.7 154 0 22.9 19.6 14.0 3.5 2 0 4 2 2
1454.9 3586.0 -148.1 333 0 33.8 16.8 17.5 0.0 0 0 5 0 0
-315.3 9930.1 -132.2 303 0 24.1 19.7 17.5 3.5 2 0 5 1 1
-497.1 10666.2 -118.4 114 0 34.2 21.8 12.5 0.0 0 0 5 5 5
2004.1 3955.1 -144.2 114 0 7.9 14.9 10.5 3.5 2 1 3 4 4
4224.8 5425.3 -154.6 194 0 39.2 20.8 17.5 0.0 0 0 5 5 5
4366.8 5157.1 -153.1 104 0 40.9 31.0 17.5 0.0 0 0 5 4 4
4308.2 5407.8 -155.1 104 0 23.5 43.3 17.5 0.0 0 1 5 0 0
563.3 8625.2 -150.9 267 0 21.3 17.8 17.5 3.5 2 0 5 0 0
1494.0 5575.3 -133.3 180 0 59.8 53.3 14.0 0.0 0 0 4 2 2
3489.0 4041.0 -139.4 96 0 13.1 25.2 17.5 3.5 2 1 5 2 2
3960.3 3737.8 -153.2 1 0 17.7 20.4 17.5 3.5 2 1 5 3 3
4428.7 3638.5 -149.4 170 0 54.4 14.2 12.5 2.5 4 0 5 4 4
-3230.1 346.7 -147.0 353 0 26.5 16.8 14.0 3.5 2 0 4 4 4
-3448.2 509.8 -148.3 89 0 27.9 101.0 3.5 0.0 0 1 1 4 4
4124.3 12587.3 -157.1 249 0 8.2 6.6 10.5 3.5 2 0 3 0 0
4055.1 12606.3 -161.2 15 0 3.7 38.2 10.5 3.5 2 1 3 1 1
4162.6 12419.4 -160.0 147 0 12.1 9.2 10.5 3.5 2 0 3 4 4
-2662.7 -2809.5 -103.5 203 0 14.6 25.0 7.0 0.0 0 1 2 5 5
3101.5 5218.7 -142.2 3 0 15.8 13.0 14.0 0.0 0 0 4 2 2
3193.8 4899.1 -137.2 270 0 9.9 38.2 10.5 3.5 2 1 3 0 0
3080.0 5023.1 -141.6 269 0 10.5 35.5 21.0 0.0 0 1 6 1 1
3241.9 4898.5 -137.6 270 0 11.8 34.4 17.5 3.5 2 1 5 4 4
3216.7 4942.1 -139.0 269 0 13.6 32.2 17.5 3.5 2 1 5 0 0
3183.2 4797.3 -140.5 181 0 54.0 11.0 17.5 3.5 2 0 5 4 4
3127.4 5024.0 -140.1 269 0 10.4 35.4 21.0 0.0 0 1 6 0 0
3300.2 4881.6 -141.7 360 0 34.6 12.1 17.5 3.5 2 0 5 4 4
3269.1 4898.7 -139.7 270 0 11.8 34.4 17.5 3.5 2 1 5 4 4
3188.2 4908.9 -138.5 89 0 14.0 32.6 17.5 3.5 2 1 5 1 1
3103.3 5024.0 -140.6 269 0 10.5 35.4 21.0 0.0 0 1 6 1 1
3217.7 4898.8 -136.7 270 0 11.8 34.4 17.5 3.5 2 1 5 2 2
3050.6 5004.7 -142.9 179 0 35.5 10.5 21.0 0.0 0 0 6 0 0
3099.5 4846.6 -137.9 272 0 11.7 35.0 17.5 0.0 0 1 5 1 1
3132.9 4854.5 -138.3 93 0 11.7 34.5 17.5 3.5 2 1 5 0 0
3163.1 4853.6 -137.6 93 0 10.6 35.5 17.5 3.5 2 1 5 2 2
3162.8 4845.4 -138.6 273 0 10.4 35.3 14.0 3.5 2 1 4 1 1
3132.6 4846.4 -138.2 271 0 12.1 34.5 14.0 3.5 2 1 4 1 1
3160.5 4802.8 -140.3 273 0 12.0 34.0 17.5 3.5 4 1 5 0 0
3099.7 4853.9 -139.1 92 0 11.6 35.0 14.0 3.5 2 1 4 5 5
3073.6 4846.9 -138.5 271 0 10.4 35.3 17.5 3.5 2 1 5 5 5
3044.5 4812.3 -139.1 91 0 10.1 35.0 17.5 3.5 2 1 5 1 1
3073.9 4853.5 -139.6 91 0 9.1 34.1 10.5 3.5 2 1 3 2 2
3046.1 4853.5 -140.4 91 0 9.1 34.2 10.5 3.5 2 1 3 2 2
3282.1 5036.6 -142.9 269 0 9.6 58.5 10.5 3.5 2 1 3 3 3
3170.4 5049.7 -141.8 90 0 10.5 35.0 14.0 3.5 2 1 4 1 1
3197.4 5043.0 -141.2 269 0 10.6 65.7 17.5 3.5 2 1 5 0 0
3298.6 4925.6 -142.3 359 0 40.3 10.4 17.5 3.5 2 0 5 2 2
3226.6 5037.6 -141.4 269 0 9.4 58.4 10.5 3.5 2 1 3 5 5
3268.7 4945.3 -141.3 269 0 10.6 40.5 17.5 3.5 2 1 5 4 4
3254.3 5037.2 -142.2 269 0 9.8 58.7 10.5 3.5 2 1 3 5 5
3170.8 5041.6 -140.9 269 0 10.5 65.7 17.5 3.5 2 1 5 2 2
3242.4 4905.3 -140.1 89 0 10.6 40.5 17.5 3.5 2 1 5 3 3
3225.1 5043.0 -142.4 89 0 10.0 44.3 14.0 3.5 4 1 4 5 5
1725.9 3457.4 -152.4 180 0 34.6 45.5 14.0 0.0 0 1 4 3 3
1883.5 3489.2 -150.7 90 0 56.4 14.5 17.5 3.5 2 0 5 3 3
-617.9 1898.1 -146.9 227 0 13.5 16.7 17.5 3.5 2 1 5 4 4
-1913.6 1457.2 -143.1 47 0 58.1 91.9 17.5 0.0 0 1 5 3 3
-599.4 1888.0 -146.9 317 0 6.7 13.5 10.5 3.5 2 1 3 1 1
-627.0 408.6 -151.3 136 0 18.8 18.3 14.0 3.5 2 0 4 2 2
2917.9 9664.4 -138.5 112 0 7.8 15.5 10.5 3.5 2 1 3 1 1
2589.7 9802.7 -150.2 202 0 15.4 15.3 17.5 3.5 2 0 5 1 1
2698.1 9617.4 -146.1 179 0 72.9 15.5 17.5 3.5 2 0 5 5 5
-1.3 1427.8 -148.7 48 0 51.5 120.5 17.5 0.0 0 1 5 5 5
943.8 6046.3 -137.9 179 0 39.2 23.9 17.5 0.0 0 0 5 2 2
-1783.9 2893.3 -131.1 47 0 60.0 89.8 14.0 0.0 0 1 4 3 3
-1746.9 2926.7 -128.3 47 0 19.9 89.9 14.0 0.0 0 1 4 0 0
-1679.5 2988.7 -133.1 47 0 99.5 90.4 14.0 0.0 0 0 4 4 4
-1934.2 3099.9 -136.9 47 0 37.6 56.9 17.5 0.0 0 0 5 4 4
-2011.5 3182.6 -138.1 227 0 37.7 56.3 17.5 0.0 0 0 5 2 2
-1967.4 4131.6 -143.6 317 0 63.0 51.1 14.0 0.0 0 0 4 1 1
-2140.8 3971.7 -142.0 137 0 61.9 184.7 14.0 0.0 0 0 4 1 1
-2093.4 3922.2 -141.8 137 0 30.3 236.5 14.0 0.0 0 1 4 5 5
5965.5 4254.2 -148.9 220 0 101.3 36.9 17.5 0.0 0 0 5 3 3
2462.1 7598.3 -151.0 269 0 24.5 61.9 17.5 3.5 2 0 5 3 3
3633.6 12004.1 -165.9 259 0 23.6 99.1 24.5 0.0 0 0 7 3 3
586.8 5866.5 -127.4 89 0 32.4 26.7 14.0 0.0 0 0 4 3 3
245.7 6393.1 -129.8 269 0 27.8 59.8 17.5 0.0 0 1 5 4 4
460.8 5986.0 -130.1 359 0 73.1 72.7 17.5 0.0 0 0 5 5 5
382.2 5991.5 -129.0 179 0 59.4 5.8 10.5 3.5 2 0 3 2 2
342.9 5983.8 -129.1 179 0 74.1 39.4 17.5 0.0 0 0 5 2 2
1073.2 10758.6 -132.0 309 0 71.0 99.2 17.5 0.0 0 1 5 4 4
1168.8 10887.5 -133.6 309 0 63.7 137.9 14.0 0.0 0 1 4 0 0
-965.6 9575.4 -131.3 269 0 42.9 92.0 17.5 0.0 0 1 5 4 4
-952.0 9630.6 -130.5 180 0 37.0 45.4 14.0 0.0 0 1 4 3 3
1608.2 11292.5 -136.1 43 0 92.7 63.6 12.5 0.0 0 0 5 3 3
-917.1 9700.6 -128.9 270 0 19.4 48.6 14.0 3.5 2 1 4 1 1
-951.9 9676.1 -127.0 180 0 48.6 19.3 14.0 3.5 2 0 4 4 4
1364.9 11089.4 -135.6 307 0 30.3 55.0 12.5 0.0 0 1 5 2 2
1396.7 10973.1 -138.7 120 0 38.9 38.1 12.5 0.0 0 0 5 2 2
-969.9 9641.6 -129.1 360 0 87.3 18.0 14.0 3.5 2 0 4 5 5
-2238.9 9102.3 -141.3 359 0 104.7 50.5 17.5 0.0 0 0 5 0 0
-700.2 9530.1 -134.5 120 0 27.3 18.4 17.5 3.5 2 0 5 3 3
-2328.4 9174.9 -142.9 270 0 50.9 130.1 17.5 0.0 0 1 5 1 1
-2383.6 9157.5 -143.0 270 0 46.6 61.4 17.5 0.0 0 1 5 0 0
3128.8 6417.0 -154.4 250 0 44.1 13.2 17.5 3.5 2 0 5 4 4
-2683.4 -2100.6 -149.4 221 0 66.6 31.3 14.0 0.0 0 0 4 2 2
-2734.1 -2164.7 -152.7 219 0 75.9 27.1 14.0 0.0 0 0 4 4 4
-2782.9 -2235.0 -153.5 219 0 31.9 84.8 14.0 0.0 0 1 4 3 3
-2788.0 -2317.9 -140.2 220 0 74.8 36.7 14.0 0.0 0 0 4 2 2
-2811.4 -2407.6 -142.0 36 0 66.2 35.1 14.0 0.0 0 0 4 4 4
-2918.6 -2391.2 -144.8 220 0 28.5 88.7 14.0 0.0 0 1 4 5 5
-5551.5 -2269.3 -144.1 158 0 84.0 30.5 14.0 0.0 0 0 4 4 4
-2563.2 5788.0 -106.6 349 0 139.2 49.2 17.5 0.0 0 0 5 2 2
-2614.4 6203.1 -124.5 269 0 60.1 54.4 17.5 0.0 0 0 5 3 3
-2659.1 6297.6 -113.9 178 0 55.5 42.9 14.0 0.0 0 0 4 0 0
-2498.6 6332.3 -129.6 267 0 19.0 28.2 14.0 3.5 2 1 4 0 0
-2464.0 6334.4 -131.1 270 0 10.8 26.3 14.0 3.5 2 1 4 1 1
2412.1 5681.4 -131.6 127 0 14.8 63.2 17.5 3.5 2 0 5 2 2
3257.0 5295.2 -142.5 296 0 59.7 13.6 17.5 3.5 2 0 5 3 3
4022.5 11476.7 -161.0 127 0 16.0 16.7 17.5 3.5 2 1 5 1 1
3874.1 11421.4 -165.6 262 0 17.6 14.4 17.5 3.5 2 0 5 2 2
3928.9 11461.4 -163.2 287 0 17.6 24.3 14.0 3.5 2 1 4 1 1
3974.1 11425.4 -166.7 312 0 12.9 17.4 17.5 3.5 2 1 5 0 0
3970.4 11461.1 -163.4 270 0 12.6 21.6 17.5 3.5 4 1 5 1 1
3826.6 11469.4 -162.4 323 0 18.1 22.2 17.5 3.5 2 1 5 5 5
3853.9 11475.9 -160.2 27 0 19.1 24.9 17.5 3.5 2 1 5 2 2
3860.8 11497.6 -158.0 28 0 21.6 17.0 17.5 3.5 2 0 5 2 2
3875.4 11526.1 -155.7 291 0 12.1 16.5 17.5 0.0 0 1 5 1 1
3894.8 11519.8 -157.1 297 0 26.6 19.3 17.5 3.5 2 0 5 2 2
3926.4 11496.4 -158.6 344 0 19.7 26.1 17.5 3.5 2 1 5 0 0
3981.2 11523.8 -157.4 215 0 17.3 25.4 17.5 3.5 2 1 5 0 0
4039.4 11497.8 -160.2 223 0 15.8 14.3 17.5 3.5 2 0 5 2 2
3322.9 9170.3 -156.3 179 0 13.0 12.0 14.0 3.5 2 0 4 5 5
3351.4 9223.2 -157.5 179 0 28.3 26.2 14.0 0.0 0 0 4 0 0
2926.3 4374.8 -150.0 272 0 83.8 94.6 17.5 0.0 0 1 5 5 5
2746.0 4527.3 -148.8 358 0 76.4 77.3 17.5 0.0 0 1 5 2 2
1890.6 5520.9 -134.3 90 0 34.6 84.8 14.0 0.0 0 1 4 1 1
1805.5 5668.5 -138.8 180 0 105.9 18.2 17.5 0.0 0 0 5 3 3
2015.5 5440.3 -129.1 360 0 65.5 41.7 21.0 0.0 0 0 6 4 4
3818.1 11269.5 -165.1 350 0 19.3 24.0 14.0 3.5 2 0 4 2 2
3804.1 11527.6 -156.7 263 0 18.4 24.9 14.0 3.5 2 1 4 1 1
3997.0 11463.7 -163.7 211 0 13.2 30.1 17.5 0.0 0 1 5 4 4
3778.2 11376.6 -162.3 307 0 19.7 27.6 14.0 0.0 0 0 4 0 0
3762.5 11178.6 -163.8 149 0 24.1 15.0 14.0 0.0 0 0 4 3 3
3934.5 11494.7 -158.1 154 0 18.5 21.4 17.5 3.5 2 1 5 2 2
3832.2 11576.1 -154.5 262 0 52.9 29.8 17.5 0.0 0 0 5 4 4
3962.6 11527.6 -157.5 240 0 14.9 33.2 17.5 3.5 2 1 5 1 1
4098.5 11669.7 -164.6 172 0 31.3 33.0 17.5 0.0 0 1 5 4 4
3885.7 11452.6 -164.0 266 0 17.3 19.2 14.0 3.5 2 1 4 1 1
-3149.3 6482.7 -112.1 15 0 29.8 77.3 10.5 0.0 0 1 3 0 0
3702.4 11418.8 -161.8 168 0 29.1 11.8 14.0 3.5 2 0 4 4 4
3808.3 10804.1 -162.8 172 0 19.8 21.8 17.5 3.5 2 1 5 2 2
3801.1 10847.3 -161.5 172 0 14.8 23.6 17.5 3.5 2 1 5 5 5
3801.6 10827.5 -161.5 172 0 14.0 28.3 17.5 3.5 2 1 5 4 4
3861.3 10771.4 -164.7 90 0 26.7 15.3 17.5 3.5 2 0 5 5 5
-6721.3 -2983.4 -154.2 48 0 32.7 45.5 14.0 0.0 0 1 4 0 0
6286.2 4236.2 -143.5 53 0 19.7 62.0 14.0 3.5 2 1 4 4 4
6200.4 4251.5 -143.6 232 0 64.5 20.4 14.0 3.5 2 0 4 5 5
-371.9 9453.6 -125.9 338 0 56.6 31.7 14.0 0.0 0 0 4 3 3
-1269.5 6019.7 -115.9 270 0 59.9 52.1 17.5 0.0 0 0 5 5 5
-3574.0 12575.9 -126.1 156 0 56.7 43.4 17.5 0.0 0 0 5 3 3
1723.3 5837.9 -144.7 179 0 78.4 69.5 17.5 0.0 0 0 5 2 2
1732.9 5933.5 -146.3 180 0 40.2 38.2 17.5 0.0 0 0 5 2 2
3770.0 8710.5 -159.0 53 0 7.9 19.1 2.5 2.5 2 1 1 1 1
3661.3 8690.6 -158.1 51 0 5.0 19.2 7.5 2.5 2 1 3 1 1
3524.8 8820.8 -159.6 180 0 17.9 26.7 5.0 0.0 0 1 2 0 0
3520.8 8716.2 -158.5 141 0 5.0 19.2 5.0 2.5 2 1 2 3 3
3603.3 8693.6 -158.2 51 0 9.3 19.4 7.5 2.5 2 1 3 3 3
3625.5 8692.7 -158.2 51 0 9.3 19.4 7.5 2.5 2 1 3 0 0
3538.6 8698.3 -158.3 141 0 5.0 19.2 5.0 2.5 2 1 2 2 2
3515.7 8723.4 -158.6 141 0 5.0 19.2 5.0 2.5 2 1 2 3 3
3636.1 8693.2 -158.2 51 0 9.3 19.4 5.0 0.0 0 1 2 0 0
3526.1 8709.6 -158.4 141 0 5.0 19.2 7.5 2.5 2 1 3 0 0
3743.5 8689.4 -158.3 51 0 9.3 19.4 2.5 2.5 2 1 1 3 3
3455.3 8736.8 -158.0 322 0 19.9 43.6 12.5 2.5 2 1 5 1 1
3200.3 8867.9 -159.0 231 0 22.2 49.4 7.5 2.5 2 1 3 4 4
3519.5 11790.3 -169.2 342 0 22.9 27.3 17.5 0.0 0 1 5 2 2
3513.3 11818.9 -169.9 342 0 22.9 27.3 17.5 0.0 0 1 5 4 4
3529.1 11743.6 -167.6 342 0 22.9 27.3 17.5 0.0 0 1 5 3 3
3513.0 11668.2 -165.4 129 0 18.5 33.1 17.5 0.0 0 1 5 1 1
2530.2 8809.0 -154.3 96 0 10.6 36.6 14.0 3.5 2 1 4 4 4
-678.1 6469.6 -138.4 180 0 509.1 48.2 14.0 0.0 0 0 4 0 0
2874.4 4400.1 -144.3 103 0 49.3 28.3 17.5 0.0 0 0 5 2 2
2055.6 4566.1 -144.0 266 0 49.9 16.9 17.5 3.5 2 0 5 0 0
2694.7 4105.3 -148.8 98 0 95.6 62.4 21.0 0.0 0 0 6 5 5
2687.0 4270.3 -150.2 310 0 13.9 24.8 17.5 0.0 0 1 5 4 4
1142.7 6346.3 -145.9 269 0 22.8 151.6 17.5 0.0 0 1 5 0 0
1829.5 6591.4 -140.5 179 0 49.4 10.7 17.5 3.5 2 0 5 3 3
2181.6 11682.6 -146.5 176 0 54.9 49.3 17.5 0.0 0 0 5 2 2
2263.5 11688.6 -146.1 356 0 54.7 24.6 17.5 0.0 0 0 5 1 1
2257.4 11773.9 -145.4 355 0 55.4 24.7 17.5 3.5 2 0 5 3 3
-3147.9 6498.7 -113.0 105 0 171.9 11.7 17.5 0.0 0 0 5 0 0
1741.3 6711.5 -142.1 269 0 57.7 100.3 17.5 0.0 0 1 5 4 4
1698.9 6845.6 -148.1 81 0 11.7 20.1 14.0 0.0 0 1 4 4 4
-3301.0 9597.8 -142.7 246 0 89.9 82.7 17.5 0.0 0 0 5 0 0
553.1 8618.8 -149.8 358 0 23.7 5.7 10.5 3.5 2 0 3 2 2
1065.8 4520.8 -128.3 177 0 34.9 7.0 10.5 0.0 0 0 3 5 5
1067.2 4494.4 -129.3 178 0 5.4 33.9 10.5 3.5 2 1 3 0 0
-3422.3 2052.9 -136.8 326 0 20.2 12.9 17.5 3.5 4 0 5 0 0
-6392.9 -4805.8 -163.2 333 0 85.1 85.1 14.0 0.0 0 0 4 3 3
-6745.7 -4979.8 -159.1 153 0 93.5 294.3 14.0 0.0 0 1 4 0 0
-5662.3 -4151.5 -154.4 66 0 84.4 29.1 10.5 0.0 0 0 3 3 3
-5606.1 -4112.6 -156.9 66 0 26.0 57.5 14.0 3.5 2 1 4 5 5
-5653.2 -4102.5 -156.3 66 0 26.8 50.7 14.0 0.0 0 1 4 2 2
-5692.5 -4212.9 -152.4 156 0 55.3 26.0 10.5 3.5 2 0 3 2 2
-5606.2 -4174.9 -152.9 338 0 57.1 22.9 10.5 3.5 2 0 3 2 2
-5691.0 -4091.5 -155.7 340 0 37.8 11.1 14.0 3.5 2 0 4 2 2
-5722.6 -4082.5 -155.6 247 0 15.3 42.2 14.0 3.5 2 1 4 3 3
-5657.8 -3944.2 -159.7 246 0 24.0 65.6 10.5 3.5 2 1 3 0 0
-5600.8 -4118.9 -154.6 247 0 24.4 62.8 10.5 3.5 4 1 3 4 4
-5590.1 -4073.9 -158.4 157 0 55.4 17.3 14.0 3.5 2 0 4 2 2
-5545.8 -4126.4 -156.1 336 0 58.4 19.9 14.0 3.5 2 0 4 3 3
-5530.1 -4115.3 -156.6 246 0 24.8 49.9 14.0 3.5 2 1 4 4 4
-5497.7 -4127.3 -158.6 155 0 54.1 28.0 14.0 0.0 0 0 4 0 0
-5516.3 -4012.9 -159.1 336 0 23.0 65.7 14.0 3.5 2 1 4 3 3
-5833.2 -4117.3 -155.8 157 0 129.3 31.2 14.0 0.0 0 0 4 2 2
2340.0 7293.1 -155.0 269 0 41.5 65.2 17.5 0.0 0 1 5 5 5
2359.3 7409.0 -156.4 269 0 86.1 77.7 14.0 0.0 0 0 4 3 3
2632.1 7887.9 -155.3 299 0 41.9 18.6 10.0 2.5 2 0 4 3 3
-356.2 7871.0 -138.4 190 0 99.7 66.4 14.0 0.0 0 0 4 5 5
-368.6 7757.0 -140.9 189 0 76.5 49.2 14.0 0.0 0 0 4 0 0
-363.6 7598.6 -161.7 99 0 52.5 83.6 14.0 0.0 0 1 4 2 2
2322.0 7632.9 -149.2 89 0 31.2 67.3 17.5 0.0 0 1 5 4 4
2657.6 7408.6 -155.9 270 0 16.5 81.3 14.0 3.5 2 1 4 0 0
2686.2 7369.3 -155.0 180 0 81.3 16.5 14.0 3.5 2 0 4 0 0
2729.6 7327.6 -154.3 90 0 16.5 81.3 14.0 3.5 2 1 4 1 1
3630.5 7244.5 -161.6 90 0 19.7 32.6 14.0 0.0 0 1 4 0 0
3616.2 7297.6 -161.0 180 0 22.4 29.5 14.0 0.0 0 1 4 0 0
3614.7 7343.2 -160.3 180 0 22.4 29.5 14.0 0.0 0 1 4 1 1
3614.3 7378.0 -159.7 180 0 22.4 29.5 14.0 0.0 0 1 4 0 0
2915.4 7320.5 -150.5 359 0 184.2 64.1 17.5 0.0 0 0 5 2 2
-5570.8 -4195.4 -151.7 67 0 16.5 13.0 10.5 3.5 2 0 3 5 5
-5550.6 -4179.1 -153.4 158 0 13.3 21.2 14.0 3.5 2 1 4 5 5
-5529.2 -4102.0 -158.0 66 0 33.3 12.7 14.0 3.5 2 0 4 3 3
-5484.0 -4074.0 -159.2 336 0 12.7 33.3 14.0 3.5 2 1 4 1 1
-5544.6 -4086.8 -158.9 66 0 17.9 35.9 14.0 0.0 0 1 4 1 1
-5487.0 -4052.4 -158.9 337 0 17.6 46.3 14.0 3.5 2 1 4 0 0
-5498.3 -4028.8 -159.4 337 0 13.0 35.6 14.0 3.5 2 1 4 1 1
-5647.7 -4034.4 -159.3 67 0 12.9 49.6 10.5 3.5 2 1 3 5 5
-5608.4 -4017.0 -159.2 67 0 53.5 12.0 10.5 3.5 2 0 3 2 2
-5737.3 -4111.1 -155.5 157 0 42.5 10.6 14.0 3.5 2 0 4 4 4
-5676.6 -4047.7 -158.1 66 0 19.9 50.4 10.5 3.5 2 1 3 0 0
-5702.0 -4059.5 -157.8 66 0 21.1 47.3 10.5 3.5 2 1 3 5 5
-2589.4 -2010.7 -154.2 131 0 36.7 98.5 14.0 0.0 0 1 4 0 0
-2458.2 -1878.4 -149.8 42 0 117.6 37.7 14.0 0.0 0 0 4 2 2
2625.2 7559.8 -158.5 268 0 47.1 40.3 12.5 0.0 0 0 5 0 0
2617.3 7443.0 -158.4 89 0 33.1 65.6 10.0 0.0 0 1 4 0 0
1985.7 7620.4 -143.4 269 0 17.8 27.3 3.5 3.5 2 1 1 0 0
1828.1 6842.2 -142.4 179 0 57.5 40.8 14.0 0.0 0 0 4 2 2
1965.9 6706.0 -144.1 360 0 44.3 54.4 21.0 0.0 0 1 6 0 0
1888.4 6727.1 -143.9 269 0 22.4 47.0 17.5 3.5 2 1 5 2 2
1748.1 7052.1 -139.5 90 0 57.3 54.3 14.0 0.0 0 0 4 2 2
1764.7 7122.4 -137.0 90 0 27.6 47.8 17.5 0.0 0 1 5 5 5
1289.7 7883.9 -135.2 270 0 11.8 54.8 52.5 3.5 2 1 15 4 4
1315.1 7883.3 -134.8 270 0 11.8 54.8 52.5 3.5 2 1 15 3 3
1341.9 7884.4 -134.2 270 0 11.8 54.8 52.5 3.5 2 1 15 2 2
1369.5 7885.2 -133.8 270 0 11.8 54.8 52.5 3.5 2 1 15 5 5
1291.5 7790.9 -136.2 180 0 54.8 11.8 52.5 3.5 2 0 15 1 1
1341.5 7764.0 -135.5 90 0 11.8 54.8 52.5 3.5 2 1 15 1 1
1376.6 7764.4 -135.3 90 0 11.9 54.8 52.5 3.5 2 1 15 4 4
1398.5 7885.0 -133.6 270 0 11.8 54.8 52.5 3.5 2 1 15 3 3
1425.3 7884.1 -134.1 270 0 11.8 54.8 52.5 3.5 2 1 15 0 0
1423.8 7787.0 -135.2 360 0 54.8 11.8 52.5 3.5 2 0 15 1 1
1240.0 7838.6 -136.8 0 0 65.2 16.4 12.5 0.0 0 0 5 2 2
1238.3 7928.4 -134.9 0 0 65.2 16.4 12.5 2.5 2 0 5 1 1
1358.2 6755.1 -138.6 90 0 42.3 81.8 17.5 0.0 0 1 5 4 4
1366.4 6911.1 -133.6 270 0 18.5 52.2 17.5 3.5 2 1 5 3 3
1323.5 6857.8 -132.4 89 0 26.8 44.9 17.5 0.0 0 1 5 5 5
1272.1 6855.8 -133.9 90 0 30.7 50.1 17.5 0.0 0 1 5 3 3
1514.0 7190.4 -124.4 90 0 40.1 36.5 14.0 0.0 0 0 4 5 5
1382.6 7234.0 -132.8 269 0 11.7 34.8 17.5 3.5 2 1 5 0 0
1408.0 7236.8 -133.2 269 0 11.7 34.8 17.5 3.5 2 1 5 4 4
1433.5 7237.5 -133.4 269 0 11.7 34.8 17.5 3.5 2 1 5 4 4
1442.5 7171.0 -133.2 359 0 34.8 11.7 17.5 3.5 2 0 5 1 1
1409.4 7191.1 -132.8 269 0 11.7 34.8 17.5 3.5 2 1 5 4 4
1375.2 7175.7 -132.0 179 0 34.8 11.7 17.5 3.5 2 0 5 3 3
1338.9 7158.7 -130.6 180 0 22.9 15.2 17.5 3.5 2 0 5 5 5
1347.5 7191.7 -131.4 180 0 22.9 15.2 17.5 3.5 2 0 5 3 3
1357.5 7236.2 -132.1 270 0 15.2 22.9 17.5 3.5 2 1 5 2 2
1436.1 7251.7 -132.2 88 0 20.1 39.2 14.0 0.0 0 1 4 2 2
1469.8 7251.4 -129.9 88 0 20.1 39.2 14.0 0.0 0 1 4 5 5
1393.8 7129.6 -131.7 90 0 15.2 22.9 17.5 3.5 2 1 5 3 3
1370.5 7080.1 -130.8 90 0 15.2 22.9 17.5 3.5 2 1 5 1 1
1449.6 7097.4 -133.0 90 0 15.2 22.9 17.5 3.5 2 1 5 0 0
1464.3 7127.5 -132.9 90 0 17.0 106.8 17.5 0.0 0 1 5 2 2
1246.8 6988.8 -128.6 179 0 34.8 11.7 14.0 3.5 4 0 4 2 2
1278.5 7006.8 -129.4 269 0 11.7 34.8 14.0 3.5 2 1 4 5 5
1304.2 7007.8 -130.2 269 0 11.7 34.8 14.0 3.5 2 1 4 0 0
1334.1 6987.0 -130.9 359 0 34.8 11.7 14.0 3.5 2 0 4 2 2
1330.1 6923.3 -131.5 89 0 11.7 34.8 14.0 3.5 2 1 4 4 4
1305.4 6923.3 -130.8 89 0 11.7 34.8 14.0 3.5 2 1 4 1 1
1279.2 6923.3 -130.0 89 0 11.7 34.8 14.0 3.5 2 1 4 5 5
1253.0 6922.3 -129.9 89 0 11.7 34.8 14.0 3.5 2 1 4 5 5
2043.7 7077.8 -152.7 90 0 35.5 74.7 14.0 0.0 0 1 4 5 5
1353.4 6957.1 -132.5 180 0 45.9 16.6 14.0 3.5 2 0 4 1 1
1409.0 6876.4 -136.4 180 0 30.9 29.7 14.0 0.0 0 0 4 5 5
1835.2 7076.0 -140.0 90 0 33.7 84.3 17.5 0.0 0 1 5 0 0
1932.7 7160.1 -147.0 269 0 25.6 79.7 17.5 0.0 0 1 5 0 0
1885.0 7159.1 -143.4 270 0 24.6 77.6 14.0 0.0 0 1 4 3 3
2839.6 7776.3 -153.4 299 0 137.1 24.1 17.5 0.0 0 0 5 0 0
2738.9 7806.3 -155.9 30 0 53.0 18.4 14.0 3.5 2 0 4 1 1
1191.4 7883.6 -137.6 180 0 162.5 16.2 12.5 0.0 0 0 5 0 0
-2767.8 1107.0 -146.2 245 0 15.8 24.2 14.0 3.5 2 1 4 5 5
-2735.9 1033.1 -151.1 143 0 39.1 18.4 14.0 3.5 2 0 4 1 1
-2719.0 1010.6 -151.1 141 0 16.0 79.6 14.0 3.5 2 1 4 3 3
472.8 -147.6 -151.9 92 0 27.3 82.6 14.0 0.0 0 1 4 3 3
-5395.4 -4007.8 -158.1 157 0 32.8 56.2 14.0 0.0 0 1 4 1 1
-5385.5 -4044.2 -158.3 157 0 24.8 52.0 14.0 0.0 0 1 4 3 3
-5339.8 -4082.5 -158.4 67 0 48.6 29.6 14.0 0.0 0 0 4 0 0
2533.2 10106.4 -146.8 90 0 9.6 22.6 5.0 2.5 4 1 2 2 2
2532.0 10172.2 -146.2 271 0 12.1 36.4 12.5 2.5 2 1 5 1 1
2507.2 10113.4 -147.3 90 0 11.8 50.3 10.0 2.5 2 1 4 4 4
2517.3 10188.0 -141.2 91 0 12.9 46.9 14.0 3.5 2 1 4 4 4
-5277.9 -3819.0 -155.3 337 0 70.9 23.6 14.0 0.0 0 0 4 4 4
-5236.6 -3911.7 -156.4 336 0 66.3 24.7 14.0 0.0 0 0 4 2 2
-5273.2 -3926.5 -156.3 336 0 70.9 26.0 14.0 0.0 0 0 4 2 2
-5252.0 -4020.2 -157.0 66 0 19.0 42.5 14.0 3.5 2 1 4 5 5
-5405.1 -3967.6 -157.9 158 0 24.6 49.2 14.0 3.5 2 1 4 3 3
-5302.6 -4071.7 -158.3 66 0 11.2 34.1 14.0 3.5 4 1 4 5 5
-5313.7 -4032.3 -158.1 66 0 11.2 34.1 14.0 3.5 2 1 4 1 1
-5334.6 -3979.9 -157.6 156 0 34.1 11.2 14.0 3.5 2 0 4 4 4
-5622.6 -4032.2 -159.3 246 0 59.2 13.4 14.0 3.5 2 0 4 0 0
-5567.3 -4005.1 -159.5 247 0 33.5 9.6 10.5 3.5 2 0 3 1 1
5947.3 3976.7 -141.0 179 0 40.0 12.2 17.5 3.5 2 0 5 1 1
5977.8 3998.0 -140.7 269 0 12.2 40.0 17.5 3.5 2 1 5 2 2
5864.4 3999.9 -143.3 218 0 90.4 13.9 17.5 3.5 2 0 5 3 3
5861.6 3904.3 -140.1 180 0 75.3 15.0 17.5 0.0 0 0 5 3 3
6418.9 4792.0 -143.9 251 0 11.4 45.2 17.5 3.5 4 1 5 4 4
6397.6 4765.8 -142.8 251 0 11.4 45.2 17.5 3.5 2 1 5 4 4
6417.3 4716.4 -138.5 251 0 11.4 45.2 17.5 3.5 2 1 5 1 1
6451.2 4721.8 -139.6 341 0 45.2 11.4 17.5 3.5 2 0 5 3 3
6482.5 4719.0 -138.3 341 0 45.2 11.4 17.5 3.5 2 0 5 1 1
6463.3 4768.9 -142.6 341 0 45.2 11.4 17.5 3.5 2 0 5 0 0
6485.2 4780.9 -142.6 161 0 45.2 11.4 17.5 0.0 0 0 5 2 2
6509.3 4622.9 -146.0 251 0 11.4 45.2 17.5 3.5 2 1 5 3 3
6540.4 4550.4 -146.1 341 0 45.2 11.4 17.5 3.5 2 0 5 1 1
6482.3 4614.6 -147.2 251 0 11.4 45.2 17.5 3.5 2 1 5 5 5
6514.1 4541.9 -147.3 341 0 45.2 11.4 17.5 3.5 2 0 5 2 2
6456.0 4605.2 -147.6 251 0 11.4 45.2 17.5 3.5 2 1 5 4 4
6487.6 4510.1 -148.5 71 0 11.4 45.2 17.5 0.0 0 1 5 5 5
6428.6 4595.6 -147.8 251 0 11.4 45.2 17.5 3.5 2 1 5 0 0
6460.7 4499.9 -148.6 71 0 11.4 45.2 17.5 3.5 2 1 5 1 1
6542.7 4636.1 -144.4 251 0 11.4 45.2 17.5 3.5 2 1 5 3 3
6560.9 4563.8 -144.5 161 0 45.2 11.4 17.5 3.5 2 0 5 0 0
6565.2 4643.8 -143.4 251 0 11.4 45.2 17.5 3.5 2 1 5 5 5
6587.7 4651.8 -142.4 251 0 11.4 45.2 17.5 3.5 2 1 5 0 0
6611.3 4660.1 -141.3 251 0 11.4 45.2 17.5 0.0 0 1 5 1 1
6619.5 4560.9 -142.4 71 0 11.4 45.2 17.5 3.5 4 1 5 0 0
6596.8 4552.6 -143.5 71 0 11.4 45.2 17.5 0.0 0 1 5 3 3
6382.2 4724.4 -140.3 251 0 11.4 45.2 17.5 3.5 2 1 5 1 1
6367.9 4679.4 -138.9 251 0 11.4 45.2 17.5 3.5 2 1 5 2 2
6416.2 4631.0 -140.2 71 0 11.4 45.2 17.5 3.5 2 1 5 0 0
6342.7 4539.9 -145.5 71 0 11.4 45.2 17.5 3.5 2 1 5 3 3
6367.6 4573.6 -143.9 71 0 11.4 45.2 17.5 0.0 0 1 5 5 5
6386.0 4523.1 -148.1 71 0 11.4 45.2 17.5 3.5 2 1 5 4 4
6502.3 4730.9 -138.4 161 0 36.5 10.4 17.5 0.0 0 0 5 3 3
6525.2 4740.2 -138.4 161 0 36.5 10.4 17.5 3.5 2 0 5 2 2
6546.2 4767.2 -138.4 251 0 10.4 36.5 17.5 3.5 2 1 5 2 2
6568.7 4773.5 -138.4 251 0 10.4 36.5 17.5 3.5 2 1 5 0 0
6538.2 4646.2 -141.8 71 0 11.8 53.7 17.5 3.5 2 1 5 4 4
6561.2 4653.9 -141.6 71 0 11.8 53.7 17.5 0.0 0 1 5 0 0
6584.2 4662.2 -141.4 71 0 11.9 53.7 17.5 3.5 2 1 5 2 2
6608.1 4669.1 -140.4 71 0 11.9 53.7 17.5 3.5 2 1 5 3 3
6630.3 4678.5 -139.3 71 0 11.9 53.7 17.5 0.0 0 1 5 1 1
2270.5 2702.3 -154.9 269 0 53.8 17.5 17.5 3.5 2 0 5 1 1
1998.4 5056.5 -132.2 2 0 51.0 21.0 14.0 3.5 2 0 4 3 3
2065.6 4846.7 -148.8 270 0 33.8 49.9 14.0 0.0 0 1 4 4 4
1986.5 4672.5 -145.3 360 0 36.4 18.4 17.5 0.0 0 0 5 3 3
2006.9 4551.9 -142.0 356 0 12.7 31.4 17.5 3.5 2 0 5 4 4
1971.9 4599.0 -143.3 359 0 52.1 18.9 17.5 3.5 2 0 5 2 2
1512.0 5354.1 -131.0 89 0 32.9 92.0 14.0 0.0 0 1 4 0 0
843.9 11147.6 -130.7 88 0 22.1 44.4 14.0 3.5 2 1 4 3 3
934.1 11129.1 -131.8 96 0 27.1 58.0 14.0 3.5 4 1 4 2 2
6578.8 4514.8 -141.4 161 0 44.2 11.8 17.5 3.5 2 0 5 2 2
-89.0 -2027.8 -151.6 133 0 12.4 15.2 10.0 2.5 2 1 4 0 0
11.6 -1940.2 -149.5 42 0 14.9 29.3 10.0 2.5 2 1 4 0 0
1645.3 1956.2 -151.0 317 0 50.6 23.2 14.0 3.5 2 0 4 5 5
1431.4 2029.8 -151.0 270 0 18.8 6.4 10.5 3.5 2 0 3 3 3
1302.0 2264.7 -157.0 225 0 46.6 30.9 14.0 0.0 0 0 4 5 5
-146.1 825.1 -152.2 137 0 45.4 22.3 14.0 3.5 2 0 4 3 3
144.3 -496.5 -152.1 137 0 17.2 60.6 17.5 3.5 2 1 5 1 1
98.0 -522.0 -152.7 138 0 15.7 44.9 17.5 3.5 2 1 5 2 2
77.9 -569.3 -153.2 10 0 66.8 13.7 14.0 3.5 2 0 4 1 1
68.2 -646.9 -152.9 10 0 68.2 14.6 14.0 3.5 2 0 4 3 3
-28.1 -564.3 -153.5 49 0 26.8 20.6 17.5 3.5 2 0 5 1 1
0.1 -736.3 -152.6 12 0 71.4 19.7 17.5 3.5 2 0 5 4 4
674.9 6429.6 -126.1 89 0 31.4 92.1 17.5 0.0 0 1 5 2 2
108.0 -270.7 -151.6 25 0 15.8 27.8 14.0 0.0 0 1 4 4 4
-507.8 -391.9 -156.2 270 0 20.4 32.6 17.5 0.0 0 1 5 4 4
-584.6 -1964.1 -149.8 40 0 14.1 37.1 14.0 3.5 2 0 4 3 3
-635.2 -1930.6 -149.0 130 0 37.1 14.3 14.0 3.5 2 0 4 4 4
-667.7 -1903.7 -148.3 130 0 37.1 14.3 14.0 0.0 0 0 4 3 3
-698.7 -1877.0 -147.6 130 0 37.1 14.2 14.0 3.5 2 0 4 0 0
-754.4 -1829.5 -148.1 130 0 57.8 13.8 14.0 3.5 2 0 4 5 5
-804.8 -1786.6 -148.9 130 0 57.7 13.8 14.0 3.5 2 0 4 0 0
-854.5 -1744.3 -149.7 130 0 57.7 13.8 14.0 3.5 2 0 4 5 5
-904.4 -1702.8 -150.5 130 0 57.7 13.8 14.0 3.5 2 0 4 1 1
-953.3 -1661.7 -151.1 130 0 57.7 13.8 14.0 3.5 2 0 4 0 0
-606.7 -1987.8 -150.2 40 0 14.3 37.1 14.0 3.5 4 1 4 1 1
-649.2 -1942.3 -149.4 310 0 37.1 14.3 14.0 3.5 2 0 4 0 0
-681.7 -1915.2 -148.7 310 0 37.1 14.3 14.0 3.5 2 0 4 0 0
-713.0 -1887.8 -147.9 310 0 37.0 14.2 14.0 3.5 2 0 4 0 0
-758.7 -1848.5 -148.4 310 0 36.8 14.6 14.0 3.5 2 0 4 4 4
-790.3 -1822.2 -148.9 310 0 37.1 14.3 14.0 3.5 2 0 4 2 2
-820.9 -1796.3 -149.4 310 0 37.1 14.3 14.0 3.5 2 0 4 1 1
-852.8 -1769.1 -149.9 310 0 37.1 14.3 14.0 3.5 2 0 4 0 0
-901.8 -1736.5 -150.4 220 0 14.3 37.1 14.0 3.5 2 1 4 4 4
-934.7 -1693.4 -150.9 310 0 90.6 45.5 14.0 0.0 0 0 4 0 0
3101.5 4735.3 -141.9 269 0 12.8 16.2 14.0 3.5 4 1 4 2 2
3696.9 4784.4 -129.3 98 0 11.9 26.2 14.0 0.0 0 1 4 1 1
-2341.9 5482.5 -129.4 237 0 16.1 6.2 10.5 3.5 2 0 3 4 4
-2405.3 6511.7 -135.5 180 0 52.4 25.6 14.0 3.5 2 0 4 5 5
-2277.7 7258.0 -137.3 270 0 7.7 40.0 10.5 3.5 2 1 3 5 5
2522.9 11712.1 -144.2 356 0 52.1 27.2 14.0 0.0 0 0 4 3 3
2540.2 11672.5 -141.1 266 0 10.5 34.6 14.0 3.5 2 1 4 3 3
2566.1 11645.0 -141.3 177 0 65.8 19.2 17.5 0.0 0 0 5 3 3
2485.6 11636.3 -141.7 176 0 63.1 41.1 14.0 0.0 0 0 4 0 0
2056.1 11543.9 -144.6 205 0 67.4 93.2 17.5 0.0 0 1 5 1 1
2155.1 11449.2 -142.0 85 0 26.6 96.9 17.5 0.0 0 1 5 5 5
2070.0 11582.6 -145.8 176 0 30.9 86.4 17.5 0.0 0 1 5 5 5
2207.3 11828.0 -145.4 267 0 15.2 41.0 17.5 3.5 2 1 5 2 2
2171.2 11813.6 -145.6 176 0 57.1 18.3 17.5 3.5 2 0 5 3 3
2291.9 11665.2 -145.2 86 0 24.3 73.2 17.5 0.0 0 1 5 1 1
2269.5 11797.7 -145.3 176 0 95.8 24.4 17.5 0.0 0 0 5 1 1
2372.5 11602.1 -143.0 86 0 12.9 49.0 17.5 3.5 2 1 5 1 1
2365.8 11662.8 -144.9 86 0 11.3 33.0 14.0 3.5 2 1 4 2 2
2398.4 11665.3 -144.6 86 0 11.3 33.0 14.0 3.5 2 1 4 5 5
2383.6 11736.1 -145.1 266 0 47.0 33.0 14.0 0.0 0 0 4 2 2
2481.5 11715.7 -144.4 356 0 142.5 64.0 14.0 0.0 0 0 4 5 5
2143.0 11621.9 -146.1 356 0 32.5 11.8 17.5 3.5 4 0 5 4 4
2137.8 11678.2 -146.8 265 0 11.7 31.2 17.5 0.0 0 1 5 2 2
2137.2 11693.9 -146.8 85 0 11.7 31.2 17.5 3.5 2 1 5 5 5
2129.8 11836.8 -145.8 267 0 24.5 44.6 17.5 0.0 0 1 5 0 0
2466.5 11583.4 -138.2 266 0 18.0 65.8 17.5 3.5 2 1 5 0 0
2429.8 11513.7 -138.6 86 0 18.0 65.8 17.5 3.5 4 1 5 1 1
2530.5 11558.9 -137.5 357 0 57.3 24.8 14.0 3.5 2 0 4 4 4
2673.3 11567.3 -141.6 355 0 51.0 29.9 14.0 0.0 0 0 4 5 5
2623.7 11603.4 -142.5 85 0 22.3 79.9 14.0 0.0 0 1 4 4 4
2347.0 11848.2 -145.2 265 0 24.1 83.7 17.5 0.0 0 1 5 3 3
2499.7 12006.2 -148.8 265 0 25.4 121.1 17.5 0.0 0 1 5 5 5
2230.7 11933.6 -146.7 262 0 105.4 52.9 17.5 0.0 0 0 5 2 2
-3902.1 12032.5 -139.6 188 0 31.7 43.5 17.5 0.0 0 1 5 5 5
-3947.5 12006.2 -139.1 94 0 47.8 53.1 14.0 0.0 0 1 4 1 1
-3881.0 11953.8 -141.8 277 0 38.0 85.7 17.5 0.0 0 1 5 1 1
-3944.5 11960.5 -141.4 273 0 37.8 84.8 21.0 0.0 0 1 6 2 2
-4383.6 12227.4 -125.8 267 0 23.1 58.5 21.0 3.5 2 1 6 5 5
-4543.1 12315.2 -128.6 271 0 19.9 34.7 14.0 0.0 0 1 4 0 0
-4566.7 12270.3 -126.9 354 0 38.0 18.4 17.5 3.5 2 0 5 1 1
-4508.7 12237.2 -125.8 64 0 10.9 37.3 7.0 3.5 2 1 2 1 1
-4429.1 12239.6 -124.5 90 0 29.0 12.5 7.0 3.5 2 0 2 2 2
-4383.8 12238.8 -124.3 90 0 38.2 11.1 7.0 3.5 2 0 2 3 3
1997.1 11367.0 -142.8 42 0 19.3 55.1 14.0 0.0 0 1 4 1 1
1926.4 11365.8 -144.8 222 0 21.0 27.9 14.0 3.5 2 0 4 0 0
1944.0 11386.9 -144.8 224 0 16.6 25.7 14.0 3.5 2 0 4 5 5
3597.9 6347.2 -158.0 356 0 36.1 34.3 17.5 0.0 0 0 5 3 3
3546.7 6421.2 -158.2 231 0 41.6 32.5 17.5 0.0 0 0 5 3 3
-3335.1 10368.7 -141.1 179 0 66.4 43.0 17.5 0.0 0 0 5 2 2
2795.1 7039.0 -149.1 89 0 54.6 36.3 17.5 0.0 0 0 5 0 0
1918.3 7374.6 -141.7 269 0 37.5 18.3 14.0 3.5 2 0 4 1 1
1961.2 7215.8 -147.8 90 0 16.5 40.2 14.0 3.5 4 1 4 2 2
1950.5 7302.6 -146.0 179 0 44.1 19.0 14.0 3.5 2 0 4 0 0
2026.2 7307.0 -148.0 0 0 18.0 33.7 14.0 0.0 0 0 4 1 1
1986.6 7377.0 -145.5 269 0 18.8 34.9 14.0 0.0 0 0 4 5 5
1930.8 7736.4 -142.9 1 0 24.4 13.5 14.0 3.5 2 0 4 0 0
1870.9 7776.1 -147.5 90 0 33.5 45.0 17.5 0.0 0 0 5 4 4
1933.7 7849.0 -154.9 359 0 66.7 33.1 17.5 0.0 0 0 5 2 2
1931.7 7913.3 -155.2 0 0 47.6 27.9 17.5 0.0 0 0 5 3 3
1639.6 7642.7 -139.3 136 0 31.7 36.1 7.5 0.0 0 0 3 4 4
1294.2 6409.7 -142.1 89 0 60.2 49.4 17.5 0.0 0 0 5 0 0
1376.5 6410.7 -147.9 89 0 60.2 49.4 17.5 0.0 0 0 5 3 3
1384.7 6516.7 -148.8 345 0 60.6 49.1 17.5 0.0 0 0 5 1 1
2035.1 6853.6 -149.8 179 0 12.4 19.7 14.0 3.5 2 0 4 3 3
1642.6 6932.6 -145.5 56 0 51.4 38.4 17.5 0.0 0 0 5 0 0
1498.5 6806.9 -142.1 179 0 51.8 38.4 14.0 0.0 0 0 4 0 0
1482.5 6946.0 -137.9 122 0 38.3 51.5 17.5 0.0 0 1 5 0 0
1544.2 6963.2 -139.6 301 0 18.5 29.4 17.5 3.5 2 1 5 4 4
1564.1 6950.8 -140.9 301 0 18.5 29.4 17.5 3.5 2 1 5 5 5
1583.8 6938.8 -142.0 301 0 18.5 29.4 17.5 3.5 2 1 5 2 2
2863.7 4685.2 -142.0 0 0 16.3 14.8 17.5 3.5 2 0 5 1 1
2065.6 4123.4 -141.6 355 0 28.1 13.5 14.0 3.5 2 0 4 4 4
3642.5 4627.4 -142.5 182 0 13.7 22.9 17.5 3.5 2 0 5 4 4
2393.1 7435.7 -154.8 90 0 30.1 61.9 14.0 0.0 0 0 4 1 1
2483.9 7650.5 -148.0 47 0 13.6 27.2 17.5 0.0 0 0 5 1 1
2558.9 7936.9 -157.2 299 0 26.5 62.3 10.0 0.0 0 1 4 0 0
3169.0 7589.3 -157.0 179 0 33.1 33.6 17.5 0.0 0 0 5 0 0
3191.0 7647.5 -153.7 269 0 21.7 19.7 17.5 3.5 2 0 5 2 2
3116.6 7620.1 -157.7 179 0 95.6 52.1 17.5 0.0 0 0 5 5 5
3277.8 7619.7 -153.5 359 0 20.9 19.0 17.5 3.5 2 0 5 2 2
3089.9 7497.6 -153.1 359 0 68.5 29.5 14.0 0.0 0 0 4 3 3
3088.9 7605.7 -157.0 359 0 14.4 28.6 14.0 3.5 2 0 4 3 3
3099.8 7275.3 -147.8 359 0 53.5 43.7 14.0 0.0 0 0 4 5 5
3004.0 7404.1 -148.1 179 0 53.5 43.7 14.0 0.0 0 0 4 2 2
3188.6 7429.2 -156.5 269 0 47.6 45.8 14.0 0.0 0 0 4 4 4
3287.4 7377.4 -159.5 359 0 44.6 44.1 14.0 0.0 0 0 4 2 2
3263.5 7244.3 -153.7 89 0 46.6 56.5 14.0 0.0 0 1 4 5 5
3489.4 7505.5 -161.5 359 0 65.6 59.1 17.5 0.0 0 0 5 3 3
3488.5 7614.6 -159.3 359 0 70.8 59.1 17.5 0.0 0 0 5 2 2
3324.1 7594.1 -156.0 179 0 25.8 43.7 17.5 0.0 0 0 5 2 2
3395.9 7501.1 -160.2 90 0 24.9 36.2 17.5 0.0 0 0 5 3 3
3547.8 7470.9 -162.0 90 0 24.9 36.2 14.0 0.0 0 0 4 0 0
3550.4 7532.8 -161.4 360 0 24.9 36.1 14.0 0.0 0 1 4 2 2
3559.3 7592.8 -160.3 360 0 36.2 24.9 14.0 0.0 0 0 4 2 2
3530.2 7648.9 -158.6 270 0 36.1 24.9 14.0 0.0 0 0 4 5 5
-32.7 -1484.6 -152.8 312 0 21.1 66.8 10.0 2.5 4 1 4 2 2
26.1 -1156.1 -149.8 286 0 40.5 29.6 14.0 0.0 0 0 4 4 4
12.9 -1198.4 -149.6 287 0 20.6 8.5 10.5 3.5 2 0 3 5 5
23.9 -1145.1 -150.0 103 0 46.1 7.7 10.5 3.5 2 0 3 4 4
142.0 -1322.4 -152.3 44 0 111.3 21.0 14.0 0.0 0 0 4 3 3
519.9 -1604.4 -151.2 254 0 41.6 85.5 14.0 0.0 0 1 4 0 0
-375.1 548.2 -150.3 47 0 43.8 74.0 17.5 0.0 0 1 5 2 2
224.8 6072.8 -130.1 269 0 64.8 51.8 14.0 0.0 0 0 4 5 5
156.8 6044.0 -130.4 179 0 71.1 19.6 14.0 3.5 2 0 4 4 4
142.8 5919.2 -126.4 359 0 66.2 51.0 17.5 0.0 0 0 5 5 5
-123.9 5953.9 -131.9 358 0 10.2 38.4 17.5 3.5 2 1 5 5 5
-101.3 5954.8 -129.0 359 0 10.3 13.1 17.5 3.5 2 1 5 0 0
-192.1 6110.8 -144.9 89 0 20.5 85.7 17.5 0.0 0 1 5 1 1
-78.8 6329.9 -132.1 179 0 44.2 27.8 17.5 0.0 0 0 5 3 3
-71.4 6265.4 -131.9 89 0 13.3 30.9 17.5 3.5 2 1 5 1 1
134.3 6165.5 -131.3 359 0 111.4 30.6 17.5 0.0 0 0 5 5 5
42.9 6217.5 -131.5 180 0 43.3 32.6 17.5 0.0 0 0 5 1 1
123.2 6592.0 -133.6 359 0 52.3 77.2 17.5 0.0 0 1 5 2 2
64.7 6427.9 -130.4 89 0 25.3 71.9 17.5 0.0 0 1 5 3 3
-10.0 6524.2 -134.3 359 0 32.5 58.2 17.5 0.0 0 1 5 0 0
-112.8 6485.4 -132.8 360 0 69.3 31.5 17.5 0.0 0 0 5 1 1
-200.7 6485.3 -126.7 180 0 70.3 31.3 17.5 0.0 0 0 5 4 4
221.5 5803.4 -130.1 269 0 25.8 174.1 17.5 0.0 0 0 5 5 5
153.3 5647.2 -128.6 89 0 82.9 95.9 17.5 0.0 0 1 5 5 5
262.9 5808.4 -129.2 269 0 21.4 46.0 17.5 3.5 2 0 5 3 3
266.1 5607.0 -130.7 90 0 32.5 96.8 17.5 0.0 0 1 5 2 2
426.6 5763.8 -130.7 359 0 103.1 35.8 12.5 0.0 0 0 5 1 1
446.7 5706.4 -130.4 179 0 160.3 44.4 17.5 0.0 0 0 5 5 5
731.3 6133.1 -129.5 359 0 16.9 29.6 17.5 3.5 2 1 5 0 0
643.4 6157.4 -129.4 89 0 17.4 77.7 17.5 0.0 0 1 5 1 1
591.0 6198.3 -129.3 179 0 50.8 14.0 17.5 3.5 2 0 5 3 3
444.5 6204.9 -129.7 179 0 38.2 37.7 17.5 0.0 0 0 5 5 5
479.4 6118.2 -130.4 90 0 20.3 53.2 17.5 3.5 2 1 5 0 0
442.0 6268.4 -128.7 180 0 53.3 15.0 17.5 3.5 2 0 5 2 2
383.0 6120.1 -130.5 89 0 15.6 75.8 14.0 0.0 0 1 4 5 5
353.2 6496.7 -124.9 145 0 11.5 20.6 14.0 0.0 0 1 4 5 5
465.5 6454.2 -124.9 359 0 47.9 18.8 14.0 3.5 2 0 4 4 4
462.3 6517.6 -123.7 359 0 47.5 16.9 14.0 3.5 2 0 4 3 3
452.2 6686.5 -123.9 359 0 56.9 72.4 14.0 0.0 0 1 4 4 4
489.1 6448.9 -124.5 180 0 19.8 59.4 17.5 0.0 0 1 5 1 1
484.9 6679.3 -121.9 180 0 48.1 23.6 17.5 3.5 2 0 5 2 2
608.5 6548.6 -123.9 180 0 15.6 41.2 17.5 3.5 2 1 5 5 5
730.6 6661.5 -127.7 0 0 56.5 20.0 17.5 3.5 4 0 5 2 2
584.6 6583.0 -123.2 179 0 49.6 9.2 10.5 3.5 2 0 3 2 2
13.7 5715.0 -126.4 359 0 102.3 39.7 17.5 0.0 0 0 5 3 3
-124.0 5656.8 -128.1 179 0 33.4 58.5 17.5 0.0 0 1 5 4 4
-95.4 5777.7 -129.2 269 0 28.9 74.5 17.5 0.0 0 1 5 3 3
734.8 6822.7 -133.8 3 0 67.6 27.7 12.5 0.0 0 0 5 2 2
739.6 6914.3 -133.8 3 0 56.0 27.7 12.5 2.5 2 0 5 2 2
514.1 7048.9 -134.5 90 0 22.9 52.7 10.0 2.5 2 1 4 1 1
452.6 7049.5 -133.9 90 0 22.9 52.7 10.0 0.0 0 1 4 0 0
501.5 7018.8 -132.8 269 0 22.0 50.0 10.0 2.5 2 0 4 4 4
687.2 7397.3 -142.1 350 0 66.7 30.7 17.5 0.0 0 0 5 4 4
571.8 7410.2 -141.3 260 0 29.8 62.9 17.5 0.0 0 0 5 5 5
695.7 7278.3 -141.5 79 0 26.9 66.7 17.5 0.0 0 1 5 2 2
596.7 7258.7 -139.0 79 0 25.3 57.1 17.5 3.5 2 1 5 4 4
645.6 7268.7 -140.3 79 0 49.2 29.4 17.5 0.0 0 0 5 0 0
541.6 7239.5 -138.3 79 0 22.9 55.6 17.5 3.5 2 1 5 3 3
425.9 7292.2 -138.5 179 0 61.3 25.3 17.5 3.5 2 0 5 3 3
553.3 6886.0 -133.2 274 0 10.6 59.6 10.0 2.5 2 1 4 4 4
523.9 6888.3 -132.0 274 0 10.6 59.6 12.5 0.0 0 1 5 2 2
493.5 6890.7 -130.7 274 0 10.6 59.6 10.0 0.0 0 1 4 2 2
464.0 6866.7 -128.3 274 0 10.6 59.6 12.5 0.0 0 1 5 0 0
486.5 6778.8 -127.5 94 0 10.5 45.5 12.5 0.0 0 1 5 0 0
516.8 6776.6 -128.8 94 0 10.5 45.5 12.5 2.5 2 1 5 3 3
553.0 6796.8 -130.0 4 0 45.5 10.5 12.5 0.0 0 0 5 5 5
372.1 6791.0 -128.5 94 0 10.6 45.5 12.5 2.5 2 1 5 1 1
342.8 6793.2 -130.8 94 0 10.6 45.5 12.5 0.0 0 1 5 3 3
310.6 6816.7 -133.0 184 0 45.5 10.5 12.5 2.5 2 0 5 5 5
400.3 6781.7 -126.1 94 0 12.4 21.3 10.0 0.0 0 1 4 1 1
442.0 6779.1 -124.8 94 0 12.4 21.3 12.5 0.0 0 1 5 4 4
377.1 6872.3 -128.9 274 0 10.2 30.4 7.5 2.5 2 1 3 2 2
375.4 7141.6 -133.9 270 0 12.8 70.5 12.5 2.5 2 1 5 4 4
345.9 7141.0 -133.7 270 0 12.8 70.5 12.5 2.5 4 1 5 4 4
315.0 7140.4 -133.6 270 0 12.8 70.5 12.5 2.5 2 1 5 5 5
255.0 7139.9 -133.3 270 0 12.8 70.5 12.5 2.5 2 1 5 1 1
226.0 7139.4 -133.2 270 0 12.8 70.5 10.0 0.0 0 1 4 2 2
285.5 7069.7 -133.0 90 0 12.0 54.1 10.0 2.5 2 1 4 3 3
292.2 7138.2 -133.5 270 0 21.2 10.1 2.5 2.5 2 0 1 2 2
794.2 623.1 -151.7 91 0 64.9 20.8 17.5 3.5 2 0 5 0 0
798.5 948.0 -153.6 226 0 65.3 20.7 14.0 3.5 2 0 4 2 2
875.9 785.9 -152.8 315 0 47.9 17.7 17.5 3.5 2 0 5 0 0
-3609.2 12655.1 -123.1 151 0 53.5 46.6 17.5 0.0 0 0 5 3 3
-4037.9 11698.9 -138.6 180 0 29.9 26.8 14.0 0.0 0 0 4 0 0
-4169.9 11316.3 -141.0 19 0 76.1 64.5 17.5 0.0 0 0 5 1 1
-4121.3 11102.1 -142.6 108 0 19.7 77.8 17.5 3.5 2 0 5 2 2
-4125.7 11174.4 -142.0 289 0 33.8 67.1 17.5 0.0 0 0 5 4 4
-4239.5 11255.3 -140.7 232 0 18.1 60.6 17.5 3.5 2 0 5 0 0
-4314.3 11174.2 -138.0 145 0 8.1 52.7 10.5 3.5 2 1 3 0 0
-4301.2 11224.5 -139.3 235 0 77.8 8.8 10.5 3.5 2 0 3 3 3
-4361.2 11375.7 -135.9 354 0 14.7 81.8 17.5 0.0 0 1 5 2 2
-4356.2 11712.8 -133.2 351 0 51.3 70.4 17.5 0.0 0 1 5 0 0
-4445.1 11777.0 -132.8 171 0 21.3 44.1 17.5 3.5 2 0 5 3 3
-4309.4 11901.6 -125.0 220 0 51.0 17.3 17.5 3.5 2 0 5 2 2
-3871.1 11318.9 -141.8 109 0 47.2 37.3 17.5 0.0 0 0 5 5 5
-3984.5 11522.0 -131.8 269 0 27.6 32.8 17.5 0.0 0 0 5 0 0
-4050.3 11407.7 -134.9 200 0 66.1 24.3 17.5 0.0 0 0 5 0 0
-3919.1 11355.8 -139.1 20 0 56.2 116.7 17.5 0.0 0 0 5 2 2
-4014.9 11112.7 -144.7 359 0 69.9 31.9 17.5 0.0 0 0 5 1 1
-3681.4 8999.4 -137.2 222 0 12.6 21.5 17.5 0.0 0 0 5 2 2
-3620.1 8960.2 -138.1 37 0 18.9 29.2 17.5 0.0 0 1 5 2 2
-3642.7 9864.0 -145.3 334 0 50.3 13.2 17.5 3.5 2 0 5 4 4
-3662.3 9911.9 -145.2 333 0 31.5 12.2 17.5 3.5 2 0 5 5 5
-3661.9 10089.1 -146.2 22 0 38.9 12.3 17.5 3.5 2 0 5 4 4
-3655.1 10125.3 -146.7 113 0 10.9 28.5 17.5 3.5 2 0 5 1 1
-3580.2 9901.5 -142.6 358 0 36.7 23.9 17.5 0.0 0 0 5 0 0
-3608.3 10299.1 -148.2 270 0 14.7 44.2 17.5 3.5 2 1 5 5 5
-3239.0 9169.8 -141.9 270 0 39.3 44.7 14.0 0.0 0 1 4 2 2
-2917.0 9184.1 -128.5 25 0 17.7 24.9 17.5 0.0 0 1 5 1 1
-2947.5 9120.6 -131.2 25 0 17.7 24.9 17.5 0.0 0 1 5 5 5
-2978.2 9230.3 -128.8 296 0 21.4 25.6 17.5 0.0 0 1 5 1 1
-2979.4 9094.3 -133.8 295 0 18.8 25.8 17.5 0.0 0 1 5 3 3
-3014.4 9020.3 -136.5 115 0 18.3 25.8 17.5 0.0 0 1 5 4 4
-3021.2 9065.9 -135.5 206 0 21.0 37.3 17.5 0.0 0 1 5 0 0
2443.5 3137.6 -152.8 298 0 32.7 19.7 14.0 0.0 0 0 4 2 2
2086.2 3241.7 -151.6 208 0 34.0 24.1 14.0 0.0 0 0 4 1 1
2938.2 4989.2 -143.3 358 0 34.7 13.0 17.5 3.5 2 0 5 0 0
2117.4 2590.9 -153.3 89 0 27.5 36.3 17.5 0.0 0 0 5 3 3
2102.4 2678.1 -156.9 179 0 39.6 27.4 17.5 0.0 0 0 5 2 2
2102.8 2642.6 -156.9 179 0 31.3 13.9 17.5 3.5 2 0 5 1 1
2180.7 2701.5 -155.6 269 0 27.4 39.6 17.5 0.0 0 1 5 5 5
2182.3 2594.5 -155.9 89 0 27.5 36.3 17.5 0.0 0 1 5 5 5
2335.3 2703.3 -154.5 269 0 53.8 17.5 17.5 3.5 2 0 5 3 3
2392.9 2597.6 -151.0 89 0 27.5 36.3 17.5 0.0 0 1 5 3 3
2391.4 2704.7 -152.3 269 0 27.4 39.6 17.5 0.0 0 1 5 3 3
2458.6 2598.6 -148.9 89 0 27.5 36.3 17.5 0.0 0 0 5 0 0
2457.1 2705.7 -151.2 269 0 27.4 39.6 17.5 0.0 0 0 5 2 2
2465.0 2634.9 -149.7 89 0 14.0 31.3 17.5 3.5 2 0 5 2 2
2518.5 2695.6 -151.4 269 0 62.7 17.5 17.5 3.5 2 0 5 4 4
2600.1 4220.7 -146.9 280 0 39.0 45.7 17.5 0.0 0 1 5 2 2
-2921.1 -4118.2 -155.1 306 0 46.9 65.4 14.0 0.0 0 1 4 1 1
1746.5 3743.2 -139.3 82 0 21.3 58.8 14.0 3.5 2 0 4 4 4
1862.0 3827.2 -141.6 225 0 21.6 10.2 14.0 3.5 2 0 4 3 3
1858.2 3815.6 -141.5 315 0 4.9 16.0 10.5 3.5 2 0 3 5 5
1696.7 3808.6 -131.1 174 0 16.5 17.2 14.0 3.5 2 0 4 2 2
1831.9 3970.1 -135.4 266 0 148.2 5.0 10.5 3.5 2 0 3 4 4
-56.3 7457.6 -146.2 89 0 11.4 57.6 17.5 3.5 2 1 5 1 1
-71.4 7393.9 -143.3 89 0 11.2 50.0 17.5 3.5 4 1 5 5 5
173.4 7401.4 -141.4 90 0 12.2 33.2 17.5 3.5 2 1 5 1 1
142.9 7416.8 -141.5 180 0 33.2 12.2 17.5 0.0 0 0 5 2 2
201.8 7401.6 -141.2 90 0 12.2 33.2 17.5 3.5 2 1 5 1 1
-36.2 7420.1 -143.2 359 0 50.0 11.2 17.5 3.5 2 0 5 3 3
81.1 7482.1 -144.8 359 0 38.0 10.1 17.5 3.5 2 0 5 4 4
79.9 7527.6 -146.7 359 0 38.0 10.1 17.5 0.0 0 0 5 1 1
102.1 7600.7 -148.8 270 0 10.1 34.2 17.5 3.5 2 1 5 2 2
249.3 7580.3 -147.0 257 0 11.6 53.8 17.5 3.5 2 1 5 2 2
109.3 7483.1 -144.6 359 0 34.2 10.1 17.5 3.5 2 0 5 0 0
166.7 7471.2 -143.9 179 0 50.0 11.2 17.5 3.5 2 0 5 2 2
142.7 7465.0 -143.8 179 0 50.0 11.2 17.5 3.5 4 0 5 4 4
267.0 7484.6 -143.9 167 0 51.2 11.9 17.5 3.5 2 0 5 5 5
215.0 7477.2 -144.0 347 0 53.8 11.6 17.5 3.5 4 0 5 3 3
165.5 7520.7 -145.7 180 0 33.2 12.2 17.5 3.5 2 0 5 4 4
304.7 7484.0 -143.3 166 0 33.2 12.2 17.5 0.0 0 0 5 1 1
141.4 7520.7 -146.2 179 0 50.0 11.2 17.5 3.5 4 0 5 3 3
107.9 7533.0 -147.0 359 0 51.3 10.1 17.5 3.5 2 0 5 3 3
2.1 7468.9 -145.5 89 0 10.1 38.0 17.5 3.5 2 1 5 0 0
5.2 7550.3 -147.3 269 0 10.1 38.0 17.5 3.5 2 1 5 1 1
-30.0 7469.3 -146.2 89 0 11.2 50.0 17.5 3.5 2 1 5 4 4
284.1 7597.6 -147.2 256 0 18.4 46.2 17.5 3.5 2 1 5 3 3
296.3 7405.0 -141.2 76 0 18.4 46.2 17.5 3.5 2 1 5 5 5
330.3 7411.9 -141.3 76 0 18.4 46.2 17.5 3.5 2 1 5 2 2
363.8 7418.9 -142.9 77 0 14.7 84.0 17.5 3.5 2 1 5 4 4
347.4 7518.6 -144.2 347 0 24.0 18.3 17.5 3.5 4 0 5 5 5
249.9 7480.4 -143.7 346 0 46.2 18.4 17.5 3.5 2 0 5 5 5
135.8 7714.7 -148.8 179 0 63.8 18.1 14.0 0.0 0 0 4 2 2
207.4 7713.8 -148.7 359 0 68.9 11.5 14.0 3.5 2 0 4 3 3
227.6 7687.4 -147.9 179 0 46.2 18.4 14.0 3.5 2 0 4 2 2
221.8 7734.9 -148.4 179 0 46.2 18.4 14.0 3.5 2 0 4 3 3
221.1 7791.0 -148.2 180 0 33.2 12.2 14.0 3.5 2 0 4 3 3
269.5 7813.5 -147.8 257 0 18.3 24.0 14.0 3.5 2 1 4 3 3
-101.5 7523.9 -147.4 180 0 23.7 18.0 17.5 3.5 2 0 5 3 3
-104.4 7501.3 -146.4 180 0 21.6 18.1 17.5 3.5 2 0 5 3 3
-106.0 7490.5 -145.5 269 0 18.4 24.2 17.5 3.5 2 0 5 0 0
-111.4 7448.0 -144.2 180 0 23.7 18.0 17.5 3.5 2 0 5 4 4
-114.3 7425.4 -143.3 180 0 21.6 18.1 17.5 3.5 2 0 5 0 0
-117.4 7402.4 -142.4 180 0 24.2 18.4 17.5 3.5 2 0 5 3 3
38.2 7538.6 -146.6 270 0 18.0 23.7 17.5 3.5 2 0 5 0 0
26.3 7504.1 -145.7 180 0 21.6 18.1 17.5 3.5 2 0 5 1 1
23.3 7481.1 -144.8 180 0 24.2 18.4 17.5 3.5 2 0 5 4 4
-96.4 7575.9 -149.5 179 0 23.2 18.1 17.5 3.5 2 0 5 2 2
-97.8 7564.3 -148.5 269 0 18.4 24.2 17.5 3.5 2 0 5 1 1
208.7 7955.5 -145.5 269 0 11.2 50.0 14.0 3.5 2 1 4 4 4
263.0 7954.1 -145.9 269 0 11.5 68.9 14.0 3.5 2 1 4 4 4
294.5 7526.2 -145.1 166 0 33.2 12.2 17.5 0.0 0 0 5 2 2
210.5 7886.0 -146.8 270 0 12.2 41.0 14.0 3.5 4 1 4 1 1
236.2 7954.8 -145.3 270 0 12.2 41.0 14.0 3.5 2 1 4 4 4
200.8 7529.7 -145.8 346 0 33.2 12.2 17.5 3.5 2 0 5 4 4
179.5 7879.7 -146.8 270 0 20.4 34.2 14.0 0.0 0 1 4 4 4
-51.1 7586.0 -149.2 269 0 11.4 57.6 17.5 3.5 2 1 5 2 2
231.7 7885.2 -146.8 261 0 11.1 41.0 14.0 3.5 4 1 4 0 0
31.1 7233.5 -134.6 269 0 9.6 42.7 7.5 2.5 2 1 3 3 3
-22.9 7595.5 -149.4 269 0 11.4 67.1 17.5 3.5 2 1 5 1 1
57.0 7234.3 -134.8 269 0 9.6 42.7 7.5 2.5 2 1 3 3 3
82.4 7234.9 -134.9 269 0 9.6 42.7 7.5 2.5 4 1 3 5 5
108.1 7234.1 -135.0 269 0 12.1 41.2 7.5 2.5 2 0 3 0 0
33.3 7392.7 -143.2 89 0 18.1 63.8 17.5 3.5 2 1 5 3 3
79.8 7142.8 -133.6 89 0 9.6 42.7 7.5 2.5 2 1 3 4 4
36.6 7141.7 -133.6 89 0 9.6 42.7 7.5 2.5 2 1 3 3 3
68.5 7393.1 -143.0 89 0 18.1 63.8 17.5 3.5 2 1 5 0 0
6.5 7164.7 -134.1 179 0 38.2 9.5 7.5 2.5 2 0 3 0 0
-19.5 7163.5 -135.1 179 0 38.2 11.9 10.0 2.5 2 0 4 0 0
234.1 7543.6 -146.8 346 0 63.7 18.1 17.5 3.5 2 0 5 2 2
-37.3 7161.8 -135.2 360 0 38.2 12.0 12.5 2.5 2 0 5 5 5
5.7 7232.7 -134.5 269 0 9.6 42.7 7.5 2.5 2 1 3 0 0
318.0 7609.4 -145.9 256 0 18.1 63.7 17.5 3.5 2 1 5 2 2
-23.9 7211.4 -134.2 179 0 42.7 9.6 7.5 2.5 2 0 3 4 4
-71.3 7086.1 -132.5 90 0 9.6 42.7 7.5 2.5 2 1 3 0 0
-45.3 7233.0 -134.4 269 0 9.6 42.7 7.5 2.5 2 1 3 2 2
288.3 7627.6 -146.5 77 0 11.6 53.8 14.0 3.5 2 1 4 4 4
-70.8 7233.0 -134.5 269 0 9.6 42.7 7.5 2.5 4 1 3 3 3
-95.6 7233.2 -134.7 269 0 9.6 42.7 7.5 2.5 4 1 3 5 5
-74.7 7159.6 -133.8 179 0 42.7 9.6 7.5 0.0 0 0 3 2 2
-99.4 7162.0 -133.3 179 0 38.2 11.9 10.0 2.5 2 0 4 0 0
-143.4 7137.9 -137.6 89 0 9.6 42.7 10.5 3.5 2 1 3 0 0
-145.0 7228.6 -137.8 269 0 9.6 42.7 10.5 3.5 2 1 3 5 5
-170.1 6978.1 -132.2 179 0 38.2 11.9 17.5 3.5 2 0 5 4 4
0.2 7007.2 -133.6 359 0 39.6 12.2 17.5 3.5 2 0 5 5 5
-10.6 7069.4 -134.9 269 0 12.1 44.8 17.5 3.5 2 0 5 4 4
-32.3 7006.1 -131.2 359 0 39.6 12.3 17.5 3.5 2 0 5 5 5
-43.1 7068.4 -132.5 269 0 12.0 44.8 17.5 3.5 2 0 5 5 5
-37.3 6910.2 -129.8 90 0 9.7 53.7 10.5 3.5 2 1 3 0 0
-67.6 6911.0 -127.6 90 0 9.7 53.7 10.5 3.5 2 1 3 5 5
-100.1 6910.5 -126.1 90 0 9.7 53.7 10.5 3.5 2 1 3 1 1
-134.9 6909.4 -127.5 90 0 9.7 53.7 10.5 3.5 2 1 3 4 4
-129.6 7065.6 -132.5 270 0 9.6 42.7 10.5 3.5 2 1 3 1 1
-162.1 7065.0 -135.7 270 0 12.1 42.7 17.5 3.5 2 1 5 4 4
154.2 7235.5 -135.2 269 0 11.9 41.3 10.0 2.5 2 0 4 5 5
147.6 7175.9 -134.2 179 0 42.7 12.1 12.5 2.5 2 0 5 3 3
182.0 7236.5 -135.3 269 0 12.1 41.2 7.5 2.5 2 0 3 1 1
180.4 7155.6 -134.4 89 0 9.6 42.7 7.5 2.5 2 0 3 1 1
209.7 7236.5 -135.5 269 0 12.1 41.2 10.0 2.5 2 0 4 5 5
208.1 7155.6 -134.5 89 0 9.6 42.7 7.5 2.5 2 0 3 5 5
245.3 7216.7 -135.6 359 0 38.2 12.0 10.0 2.5 2 0 4 1 1
236.2 7156.8 -134.6 89 0 9.6 42.7 7.5 2.5 2 0 3 2 2
204.3 7356.2 -137.9 269 0 9.6 42.7 10.5 3.5 2 1 3 5 5
237.0 7335.4 -137.7 359 0 42.7 9.6 10.5 3.5 2 0 3 2 2
150.7 7253.1 -136.3 89 0 9.6 42.7 10.5 3.5 2 1 3 5 5
54.8 7258.3 -136.9 89 0 9.9 52.5 10.5 3.5 2 1 3 0 0
82.7 7259.0 -136.8 89 0 9.9 52.5 10.5 3.5 4 1 3 3 3
302.9 7708.7 -147.6 346 0 50.7 11.9 14.0 0.0 0 0 4 4 4
110.7 7259.9 -136.6 89 0 9.9 52.5 10.5 3.5 2 1 3 5 5
52.9 7351.7 -138.7 270 0 11.2 30.3 17.5 3.5 2 0 5 1 1
79.3 7352.0 -138.6 269 0 10.9 29.8 17.5 3.5 2 0 5 0 0
113.1 7337.5 -138.4 359 0 30.3 11.0 17.5 3.5 2 0 5 0 0
270.7 7728.1 -148.3 346 0 33.2 12.2 14.0 3.5 2 0 4 0 0
224.5 6979.8 -141.0 179 0 75.2 23.2 17.5 0.0 0 0 5 1 1
248.7 7763.9 -148.5 166 0 33.2 12.2 14.0 3.5 2 0 4 4 4
327.3 7042.3 -134.0 270 0 43.8 24.0 17.5 0.0 0 0 5 0 0
413.2 6282.1 -128.8 360 0 22.8 23.2 14.0 3.5 2 1 4 4 4
316.4 7653.9 -146.0 346 0 50.7 11.9 14.0 3.5 2 0 4 0 0
387.9 6277.1 -129.1 0 0 20.2 14.5 14.0 0.0 0 0 4 1 1
416.0 6346.6 -128.4 359 0 83.3 43.9 14.0 0.0 0 0 4 1 1
320.5 6324.9 -129.1 179 0 42.3 34.9 14.0 0.0 0 0 4 0 0
289.8 7763.2 -147.8 346 0 50.7 11.9 14.0 3.5 2 0 4 3 3
-125.6 -356.4 -151.8 46 0 24.8 17.9 17.5 3.5 4 0 5 0 0
-230.9 -304.3 -151.5 46 0 23.5 27.3 14.0 0.0 0 0 4 4 4
-211.1 -325.0 -151.8 317 0 9.3 12.3 10.5 0.0 0 1 3 3 3
-305.8 -161.6 -150.8 222 0 44.1 38.5 17.5 0.0 0 0 5 3 3
167.0 7722.8 -148.7 179 0 50.0 11.2 14.0 3.5 4 0 4 0 0
164.3 7811.0 -148.6 269 0 11.2 50.0 14.0 3.5 2 1 4 0 0
134.3 7779.3 -148.8 179 0 54.4 11.3 14.0 3.5 2 0 4 2 2
137.3 7645.2 -148.3 179 0 54.4 11.3 14.0 3.5 2 0 4 3 3
168.3 7621.5 -147.5 90 0 12.2 33.2 14.0 3.5 2 1 4 3 3
195.5 7639.4 -147.5 90 0 12.2 33.2 14.0 3.5 2 1 4 1 1
112.5 7425.4 -142.8 359 0 63.8 18.1 17.5 3.5 2 0 5 1 1
69.7 7602.8 -149.1 269 0 18.4 46.2 17.5 3.5 2 1 5 4 4
179.2 7598.5 -148.2 269 0 18.4 46.2 17.5 3.5 2 1 5 2 2
139.0 7577.2 -148.5 179 0 46.2 18.4 17.5 3.5 2 0 5 4 4
3534.7 12348.0 -161.3 77 0 94.7 314.5 17.5 0.0 0 1 5 5 5
4008.7 11426.2 -166.8 259 0 14.9 18.0 17.5 3.5 2 1 5 3 3
4039.7 11436.8 -166.5 248 0 19.3 11.9 17.5 3.5 2 0 5 5 5
3742.9 11395.0 -162.3 336 0 29.4 12.6 14.0 3.5 2 0 4 4 4
3832.9 11238.4 -164.7 342 0 8.0 7.9 10.5 0.0 0 0 3 0 0
1607.4 6345.9 -150.2 270 0 25.4 87.1 14.0 0.0 0 1 4 3 3
1560.1 6344.8 -150.7 270 0 25.4 87.0 14.0 0.0 0 1 4 1 1
1515.6 6343.9 -151.5 269 0 24.1 109.8 14.0 0.0 0 1 4 5 5
1664.0 6290.7 -149.5 359 0 109.8 24.1 14.0 0.0 0 0 4 0 0
1654.0 6203.8 -149.5 269 0 24.1 111.7 14.0 0.0 0 1 4 1 1
-2658.3 6641.1 -129.8 89 0 47.8 107.0 12.5 0.0 0 1 5 1 1
-2744.6 6682.6 -120.7 359 0 45.8 48.6 7.5 0.0 0 1 3 5 5
-2769.4 6750.7 -121.5 269 0 48.3 27.9 12.5 0.0 0 0 5 5 5
2966.5 9109.2 -150.6 329 0 32.8 26.4 14.0 0.0 0 0 4 1 1
2230.7 8881.2 -156.9 114 0 8.1 25.1 10.5 3.5 2 1 3 1 1
2323.7 8962.0 -155.1 1 0 10.1 53.6 17.5 3.5 2 0 5 4 4
2132.9 8899.7 -156.9 112 0 5.5 24.8 10.5 3.5 2 1 3 5 5
2720.1 9104.7 -145.2 306 0 20.0 25.0 35.0 0.0 0 0 10 5 5
2675.0 9107.7 -144.3 294 0 12.4 19.6 14.0 0.0 0 0 4 4 4
2686.0 9129.1 -145.6 226 0 8.1 10.8 7.0 3.5 2 1 2 1 1
2686.4 9073.7 -144.7 352 0 11.0 13.2 14.0 0.0 0 1 4 3 3
2661.3 9068.9 -144.5 84 0 8.2 22.3 3.5 0.0 0 0 1 3 3
2586.5 9065.5 -144.8 180 0 9.8 45.9 10.5 0.0 0 0 3 2 2
2564.0 9009.3 -148.5 359 0 24.6 14.7 24.5 0.0 0 0 7 2 2
2563.5 9065.7 -142.7 357 0 9.6 7.2 10.5 0.0 0 0 3 5 5
2564.4 8988.5 -149.2 359 0 11.5 9.0 10.5 3.5 2 0 3 0 0
2502.5 9591.5 -150.2 202 0 25.2 10.4 14.0 3.5 2 0 4 4 4
2694.1 9067.9 -145.8 159 0 13.6 14.3 10.5 3.5 4 1 3 3 3
2602.9 9011.8 -148.8 351 0 9.1 16.0 10.5 3.5 2 0 3 2 2
2629.2 8909.5 -157.0 2 0 16.8 26.7 14.0 3.5 2 0 4 5 5
2623.3 8796.2 -156.3 184 0 11.2 17.9 17.5 3.5 2 0 5 2 2
2646.3 9026.9 -148.9 179 0 17.5 12.9 14.0 3.5 2 0 4 3 3
2247.0 8922.8 -157.0 204 0 31.3 8.8 10.5 3.5 2 0 3 3 3
2367.1 9007.6 -148.8 1 0 46.8 24.0 17.5 0.0 0 0 5 5 5
2329.0 8971.7 -153.5 1 0 9.7 41.4 10.5 0.0 0 0 3 0 0
2256.5 9074.9 -154.0 291 0 8.5 9.5 10.5 0.0 0 1 3 3 3
2643.8 9127.3 -145.0 15 0 10.0 14.3 45.5 0.0 0 0 13 3 3
2254.0 9056.1 -154.2 22 0 4.9 7.6 10.5 3.5 2 1 3 3 3
2629.2 8909.5 -157.4 182 0 8.8 11.8 10.5 3.5 2 0 3 1 1
2584.3 8998.6 -150.4 247 0 5.3 15.6 7.0 0.0 0 0 2 0 0
-3421.1 710.8 -137.1 358 0 32.5 32.3 14.0 0.0 0 0 4 2 2
2395.6 9197.6 -147.4 13 0 51.0 10.4 17.5 3.5 2 0 5 3 3
-2463.3 318.7 -146.1 138 0 69.5 49.6 14.0 0.0 0 0 4 0 0
-2408.3 375.4 -145.8 47 0 34.2 17.8 14.0 0.0 0 0 4 4 4
-2576.2 552.4 -143.4 48 0 69.1 82.4 14.0 0.0 0 1 4 3 3
2405.7 9195.3 -146.3 196 0 40.8 9.3 10.5 3.5 2 0 3 0 0
3256.0 6515.6 -160.4 74 0 79.4 75.1 31.5 0.0 0 0 9 4 4
-2691.9 -4149.3 -153.1 37 0 17.8 11.3 5.0 2.5 2 0 2 2 2
1504.2 8767.2 -142.9 274 0 15.8 18.5 14.0 3.5 4 1 4 0 0
1483.8 8764.6 -144.8 254 0 18.2 22.2 14.0 3.5 2 1 4 5 5
1533.2 8751.0 -145.0 322 0 9.0 18.2 10.5 3.5 4 1 3 5 5
1525.1 8625.7 -148.8 0 0 27.4 18.6 17.5 3.5 2 0 5 5 5
1434.3 8712.7 -151.6 352 0 107.5 15.2 17.5 0.0 0 0 5 4 4
2631.3 8995.4 -151.8 255 0 10.6 13.7 14.0 3.5 2 0 4 3 3
1106.5 4918.6 -125.7 269 0 85.6 48.6 14.0 0.0 0 0 4 0 0
4459.8 4433.8 -146.0 13 0 45.0 50.5 14.0 0.0 0 1 4 2 2
4198.9 4612.1 -146.5 115 0 13.7 21.6 14.0 3.5 2 1 4 1 1
-4191.1 -4897.5 -156.4 339 0 11.2 17.3 14.0 3.5 2 1 4 3 3
-3783.1 -4776.5 -158.5 84 0 16.0 12.6 14.0 3.5 2 0 4 5 5
2654.4 8978.9 -153.1 345 0 12.4 8.9 10.5 3.5 2 0 3 3 3
2653.5 8995.6 -151.5 346 0 11.6 12.6 24.5 0.0 0 0 7 2 2
381.7 -1375.7 -150.3 57 0 14.2 18.3 14.0 0.0 0 1 4 0 0
-616.0 -337.6 -154.2 138 0 92.8 28.5 17.5 0.0 0 0 5 1 1
-548.9 -332.1 -154.4 40 0 33.0 88.6 17.5 0.0 0 1 5 2 2
-626.1 -227.5 -153.7 317 0 61.5 32.0 14.0 0.0 0 0 4 4 4
-675.6 -276.5 -152.7 135 0 62.7 28.9 17.5 0.0 0 0 5 4 4
-717.5 -232.6 -152.1 137 0 39.2 28.7 14.0 0.0 0 0 4 1 1
-691.9 -182.3 -152.7 227 0 31.2 39.0 14.0 0.0 0 1 4 2 2
-445.2 -192.4 -153.6 313 0 27.6 91.7 14.0 0.0 0 1 4 5 5
2742.7 9108.6 -145.9 28 0 24.4 10.7 14.0 0.0 0 0 4 4 4
2655.2 9130.1 -145.0 275 0 16.1 14.1 35.0 0.0 0 0 10 3 3
-5328.3 12535.1 -108.4 44 0 10.3 36.5 7.0 0.0 0 1 2 4 4
3687.9 11416.2 -161.6 167 0 24.5 12.6 14.0 3.5 2 0 4 0 0
-332.1 9097.7 -144.0 197 0 57.0 33.2 17.5 0.0 0 0 5 1 1
-255.4 9325.9 -135.9 197 0 40.8 63.7 17.5 0.0 0 1 5 5 5
-462.1 9459.3 -128.9 65 0 79.9 9.8 10.5 3.5 2 0 3 1 1
-403.6 9412.4 -125.2 67 0 7.3 29.2 10.5 3.5 2 1 3 2 2
-445.0 3218.9 -145.3 326 0 17.9 20.9 17.5 0.0 0 1 5 5 5
2963.6 8618.6 -155.5 280 0 6.8 8.7 10.5 0.0 0 1 3 5 5
-268.5 -1862.4 -139.0 307 0 29.7 46.0 14.0 0.0 0 1 4 4 4
-252.5 -1905.5 -136.7 132 0 14.8 21.7 14.0 3.5 2 1 4 2 2
-363.2 5225.8 -132.6 50 0 15.0 38.0 10.0 2.5 2 1 4 3 3
-252.0 5300.7 -134.0 44 0 18.4 30.9 7.5 2.5 2 1 3 5 5
-489.2 5273.9 -127.9 294 0 17.4 16.7 10.0 2.5 2 0 4 1 1
-530.3 5238.4 -126.5 177 0 13.3 23.8 10.0 2.5 2 1 4 2 2
-364.2 5866.0 -134.6 32 0 15.8 31.5 12.5 0.0 0 1 5 5 5
-223.3 5892.6 -133.7 334 0 16.4 25.7 14.0 3.5 2 1 4 2 2
-356.0 357.7 -147.8 47 0 43.3 47.7 17.5 0.0 0 1 5 3 3
2087.8 5593.8 -132.4 359 0 15.9 30.0 7.0 0.0 0 0 2 0 0
-928.9 1551.3 -147.5 137 0 64.8 72.4 14.0 0.0 0 1 4 5 5
-853.0 1666.0 -144.2 225 0 87.9 58.2 14.0 0.0 0 0 4 3 3
-695.8 1823.8 -148.8 227 0 49.6 82.3 3.5 0.0 0 1 1 3 3
-616.8 1862.4 -147.9 316 0 51.9 42.8 14.0 0.0 0 0 4 3 3
2892.3 12856.3 -146.8 350 0 48.2 43.5 10.0 0.0 0 0 4 4 4
2620.5 10263.9 -141.5 61 0 22.0 18.6 14.0 0.0 0 0 4 5 5
2358.7 10208.4 -137.9 158 0 16.8 9.1 10.5 3.5 2 0 3 1 1
2847.1 10319.8 -147.4 173 0 9.0 11.6 10.5 3.5 2 1 3 4 4
3439.6 10932.5 -163.4 89 0 11.0 19.5 5.0 2.5 2 1 2 5 5
2948.5 11047.8 -152.4 270 0 7.0 11.7 10.5 3.5 2 1 3 4 4
2089.3 10805.0 -127.7 211 0 33.6 16.3 17.5 3.5 2 0 5 5 5
-2850.6 11636.8 -119.6 15 0 5.4 14.9 10.5 3.5 2 0 3 4 4
2222.7 10681.2 -137.3 50 0 66.6 22.8 17.5 0.0 0 0 5 2 2
2436.3 10615.1 -140.3 48 0 21.4 89.1 17.5 0.0 0 1 5 1 1
6182.0 1856.5 -154.5 301 0 26.2 14.9 17.5 3.5 2 0 5 5 5
6211.6 1840.4 -155.4 298 0 49.6 9.5 10.5 0.0 0 0 3 2 2
-3157.6 12193.3 -119.2 158 0 8.6 35.2 10.5 3.5 2 1 3 4 4
-3133.9 12154.0 -124.0 71 0 15.2 7.3 10.5 3.5 2 0 3 4 4
-3139.7 12119.2 -125.8 280 0 11.8 4.5 10.5 3.5 2 0 3 2 2
-3063.8 12306.4 -120.1 242 0 31.0 17.9 15.0 0.0 0 0 6 4 4
-3051.2 12263.2 -120.8 151 0 26.1 23.2 7.5 0.0 0 0 3 4 4
-3004.4 12077.1 -122.3 158 0 45.9 23.5 17.5 3.5 2 0 5 3 3
415.4 2922.7 -148.2 48 0 40.3 50.9 14.0 0.0 0 1 4 0 0
3157.3 10413.8 -152.5 179 0 17.8 17.5 17.5 3.5 2 0 5 0 0
2989.9 10125.7 -156.2 112 0 13.1 35.1 14.0 0.0 0 1 4 0 0
2965.0 10138.1 -155.6 112 0 13.0 35.1 14.0 0.0 0 1 4 5 5
-3238.2 12409.8 -129.0 337 0 55.9 28.5 14.0 0.0 0 0 4 1 1
-3208.3 12341.4 -121.9 337 0 55.9 28.4 14.0 0.0 0 0 4 1 1
-3177.7 12232.8 -114.0 67 0 28.4 55.9 14.0 0.0 0 1 4 0 0
1828.2 7234.1 -139.4 179 0 40.9 21.5 14.0 3.5 4 0 4 5 5
2004.7 7460.1 -145.1 350 0 13.9 25.7 14.0 3.5 2 1 4 0 0
3155.7 10466.9 -147.5 200 0 22.4 11.8 17.5 3.5 2 0 5 3 3
2953.4 10190.6 -155.0 270 0 12.0 35.6 14.0 0.0 0 1 4 5 5
3167.5 10491.3 -147.6 211 1 21.7 10.3 17.5 3.5 2 0 5 3 3
2831.2 10236.9 -151.3 26 0 51.8 15.2 14.0 3.5 2 0 4 2 2
2954.6 10114.6 -154.9 360 0 20.7 19.1 17.5 0.0 0 0 5 1 1
2917.1 10142.4 -154.1 280 0 13.7 22.7 17.5 0.0 0 1 5 5 5
3058.5 9990.9 -151.0 69 0 11.4 18.8 17.5 0.0 0 1 5 1 1
3030.8 9986.6 -148.9 89 0 7.7 18.4 10.5 0.0 0 1 3 0 0
3006.1 9993.6 -147.8 103 0 7.6 18.5 10.5 0.0 0 1 3 1 1
2985.4 10003.1 -147.2 105 0 7.8 18.4 10.5 0.0 0 1 3 5 5
2966.5 10017.5 -147.4 106 0 7.7 18.4 10.5 0.0 0 1 3 3 3
2946.3 10031.8 -147.4 112 0 7.8 18.4 10.5 0.0 0 1 3 3 3
3045.4 9973.4 -148.8 173 0 12.7 12.5 17.5 3.5 2 0 5 0 0
3003.9 10064.3 -156.2 90 0 9.0 19.9 10.5 3.5 2 1 3 0 0
3049.6 10291.4 -157.6 122 0 9.9 17.3 10.5 0.0 0 1 3 4 4
3062.0 10321.1 -155.3 357 1 12.8 16.6 17.5 0.0 0 1 5 2 2
3060.1 10342.5 -153.0 357 1 12.8 16.6 17.5 0.0 0 1 5 0 0
3059.7 10364.0 -150.8 4 1 12.8 16.6 17.5 0.0 0 1 5 0 0
3063.0 10385.6 -148.8 10 1 12.7 16.6 17.5 0.0 0 1 5 5 5
3065.5 10415.9 -147.1 294 1 12.4 15.8 17.5 0.0 0 1 5 0 0
3070.5 10258.4 -158.4 208 0 24.4 15.2 14.0 3.5 2 0 4 3 3
3078.8 10381.3 -151.8 201 0 20.9 15.5 14.0 3.5 2 0 4 2 2
3091.4 10403.8 -149.9 206 1 12.9 14.0 14.0 3.5 4 1 4 4 4
3107.3 10418.0 -149.5 209 1 14.0 15.2 14.0 0.0 0 1 4 5 5
3120.8 10322.2 -158.5 355 1 12.0 18.9 14.0 3.5 2 1 4 0 0
3103.5 10229.0 -158.9 31 0 14.5 20.2 14.0 3.5 2 1 4 1 1
3112.6 10243.9 -159.1 26 1 11.4 19.4 14.0 0.0 0 1 4 2 2
3117.4 10263.5 -159.2 17 1 12.0 19.5 14.0 3.5 2 1 4 0 0
3120.6 10286.2 -159.2 1 1 12.7 19.2 14.0 3.5 4 1 4 5 5
3122.4 10303.9 -159.3 359 1 11.7 20.3 14.0 0.0 0 1 4 3 3
2932.7 10209.4 -154.5 270 0 12.0 35.7 14.0 0.0 0 1 4 3 3
2998.3 10178.5 -156.4 115 1 15.2 13.5 17.5 3.5 2 0 5 1 1
3018.3 10203.6 -156.6 26 0 14.3 18.0 17.5 3.5 2 1 5 5 5
3028.1 10223.0 -156.9 31 1 13.8 16.2 17.5 3.5 2 1 5 4 4
3040.8 10243.4 -157.2 31 1 12.9 16.5 17.5 0.0 0 1 5 4 4
3048.3 10273.5 -157.5 300 0 18.6 14.6 17.5 0.0 0 0 5 1 1
2975.4 10207.8 -155.9 204 0 15.6 16.4 17.5 0.0 0 1 5 1 1
2990.3 10235.4 -156.2 210 0 20.8 13.5 17.5 3.5 2 0 5 2 2
3005.3 10263.3 -156.7 211 0 22.8 16.7 17.5 0.0 0 0 5 3 3
3028.6 10284.8 -156.8 301 0 9.8 10.0 10.5 3.5 2 1 3 3 3
3025.4 10303.8 -155.3 133 1 10.2 14.9 17.5 3.5 2 1 5 5 5
3018.1 10346.8 -151.2 178 0 8.5 17.5 10.5 3.5 2 1 3 2 2
3018.2 10365.6 -149.4 182 0 8.5 17.5 10.5 3.5 4 1 3 1 1
3019.7 10386.7 -147.6 192 0 8.5 17.5 10.5 3.5 2 1 3 1 1
3024.7 10404.7 -146.6 201 0 8.5 17.5 10.5 3.5 2 1 3 5 5
3195.4 10514.8 -148.5 312 0 16.7 22.9 17.5 3.5 2 1 5 1 1
3186.7 10429.6 -151.3 0 0 6.1 14.9 10.5 3.5 2 1 3 3 3
3207.1 10478.5 -148.4 38 1 13.0 18.2 17.5 3.5 2 1 5 4 4
3224.1 10478.1 -151.6 211 0 15.4 19.5 17.5 3.5 2 1 5 1 1
3215.9 10511.4 -149.6 216 0 10.0 33.3 10.5 3.5 2 1 3 0 0
3220.7 10520.6 -148.8 198 0 9.7 33.6 10.5 3.5 2 1 3 4 4
3220.7 10531.6 -149.2 157 0 8.5 34.6 10.5 3.5 2 1 3 0 0
3216.3 10539.9 -150.1 144 0 9.0 33.6 10.5 3.5 2 1 3 5 5
3198.1 10546.9 -154.2 89 0 9.9 40.6 10.5 3.5 2 1 3 5 5
3207.7 10546.0 -153.1 100 0 7.9 39.2 10.5 3.5 2 1 3 0 0
3118.0 4449.0 -148.7 93 0 23.7 38.0 17.5 0.0 0 1 5 1 1
3402.5 6142.2 -155.3 319 0 33.3 52.0 17.5 0.0 0 1 5 0 0
3350.9 6290.5 -163.6 314 0 70.2 24.7 17.5 0.0 0 0 5 1 1
3529.4 5680.8 -148.3 346 0 44.0 35.0 17.5 0.0 0 0 5 0 0
3191.5 10368.6 -158.4 360 0 23.1 23.1 17.5 3.5 2 1 5 2 2
3088.6 4450.3 -147.6 93 0 23.7 38.0 17.5 0.0 0 1 5 3 3
-4914.1 12325.8 -116.6 102 0 23.5 48.6 21.0 3.5 2 1 6 4 4
-4935.3 12381.8 -113.8 287 0 30.0 52.8 21.0 0.0 0 1 6 4 4
-4975.6 12390.1 -110.7 286 0 24.4 52.5 21.0 3.5 2 1 6 0 0
-4995.0 12328.2 -108.3 286 0 21.3 50.7 21.0 3.5 2 1 6 2 2
-5333.2 12601.8 -112.3 43 0 23.7 48.2 14.0 0.0 0 1 4 1 1
-5389.9 12608.6 -111.8 224 0 24.4 46.5 14.0 0.0 0 1 4 5 5
-4890.0 12403.9 -115.6 14 0 45.5 25.6 21.0 0.0 0 0 6 5 5
-4872.3 12469.1 -112.2 14 0 45.5 25.6 21.0 0.0 0 0 6 5 5
-4923.9 12456.8 -108.8 104 0 25.6 47.6 21.0 0.0 0 1 6 5 5
-4956.1 12466.7 -105.3 104 0 25.6 47.6 21.0 0.0 0 1 6 4 4
-4961.2 12645.5 -102.1 188 0 23.3 59.4 21.0 3.5 2 1 6 3 3
-4956.9 12677.1 -105.2 188 0 23.3 59.4 21.0 3.5 4 1 6 1 1
-4999.3 12693.3 -107.7 278 0 59.4 23.3 21.0 3.5 2 0 6 1 1
-4969.9 12645.8 -102.9 8 0 23.3 59.4 21.0 3.5 2 1 6 4 4
-5017.4 12705.4 -113.4 98 0 59.4 23.3 21.0 0.0 0 0 6 3 3
-4951.4 12709.5 -110.2 188 0 23.3 59.4 21.0 3.5 2 1 6 4 4
-3459.0 11391.0 -128.8 89 0 13.3 57.7 14.0 0.0 0 1 4 2 2
-3441.8 11524.7 -128.3 269 0 13.3 56.9 14.0 3.5 2 1 4 2 2
-3394.7 11407.1 -122.9 89 0 13.1 54.8 14.0 3.5 2 1 4 4 4
-3375.8 11555.5 -122.8 270 0 12.5 75.7 14.0 3.5 2 1 4 4 4
-3338.1 11421.6 -124.5 88 0 13.2 56.2 14.0 3.5 2 1 4 1 1
-3354.3 11558.9 -121.7 269 0 23.5 44.1 14.0 0.0 0 1 4 0 0
-3504.6 11477.4 -137.1 0 0 57.3 16.9 14.0 3.5 2 0 4 3 3
-3578.2 11478.3 -140.0 180 0 51.9 16.5 14.0 3.5 2 0 4 3 3
-3539.5 11577.8 -133.9 269 0 16.7 54.4 14.0 0.0 0 1 4 5 5
-3428.7 11568.7 -124.9 89 0 13.3 54.5 14.0 3.5 2 1 4 3 3
-3367.5 11637.4 -122.5 269 0 13.3 54.5 14.0 3.5 2 1 4 0 0
-3891.0 12829.5 -129.4 324 0 21.8 51.2 14.0 0.0 0 1 4 4 4
-5388.1 12499.1 -103.2 131 0 40.1 19.9 17.5 3.5 2 0 5 0 0
204.6 -67.3 -153.1 317 0 89.4 20.6 14.0 0.0 0 0 4 1 1
6331.8 4974.2 -145.4 269 0 9.4 16.8 10.5 3.5 2 1 3 4 4
6088.9 4811.1 -153.0 89 0 10.7 174.9 14.0 0.0 0 1 4 2 2
6288.9 4878.0 -139.2 87 0 10.5 34.2 14.0 3.5 2 1 4 0 0
6317.3 4879.5 -143.3 87 0 10.5 34.2 14.0 3.5 2 1 4 0 0
6345.0 4881.1 -147.4 87 0 10.5 34.2 14.0 3.5 2 1 4 3 3
6275.8 4824.0 -137.4 87 0 10.5 34.2 14.0 3.5 2 1 4 1 1
6364.6 4871.0 -150.8 178 0 88.6 11.0 14.0 3.5 2 0 4 0 0
2913.1 4907.2 -138.9 269 0 35.0 89.8 12.5 0.0 0 0 5 4 4
2704.8 9047.3 -147.4 68 0 10.7 13.9 21.0 0.0 0 1 6 4 4
2688.4 9013.9 -150.7 360 0 13.3 11.8 3.5 3.5 2 0 1 2 2
2664.0 9007.6 -150.3 102 0 7.8 9.2 10.5 3.5 2 0 3 0 0
2673.2 9034.0 -148.4 358 0 10.8 12.6 31.5 0.0 0 1 9 1 1
2692.3 9039.3 -147.9 67 0 17.3 16.1 31.5 0.0 0 0 9 2 2
2646.3 9044.9 -147.0 175 0 11.3 7.7 10.5 0.0 0 0 3 2 2
2644.5 9061.0 -145.8 173 0 8.2 13.4 10.5 0.0 0 1 3 3 3
2643.2 9073.1 -144.3 172 0 11.5 11.9 31.5 0.0 0 1 9 5 5
2642.5 9083.9 -143.0 169 0 6.6 12.3 10.5 0.0 0 1 3 2 2
2632.7 9126.1 -144.4 33 0 4.0 9.1 3.5 0.0 0 0 1 0 0
2544.0 9009.7 -148.0 269 0 18.0 15.7 10.5 3.5 2 0 3 1 1
2730.1 9087.9 -145.7 311 0 9.0 21.4 10.5 0.0 0 0 3 2 2
2690.3 9065.1 -146.2 339 0 11.6 19.1 35.0 0.0 0 1 10 0 0
2660.2 9061.4 -146.3 170 0 8.4 10.8 10.5 0.0 0 1 3 4 4
2668.7 9115.9 -145.1 95 0 10.2 12.7 35.0 0.0 0 0 10 4 4
2605.5 9122.4 -143.6 224 0 6.3 8.8 7.0 0.0 0 0 2 1 1
2618.0 8986.3 -151.8 168 0 15.0 7.0 10.5 3.5 2 0 3 4 4
2605.3 8992.3 -150.7 347 0 9.6 12.4 10.5 0.0 0 0 3 4 4
2550.2 8960.3 -150.2 89 0 6.4 10.3 3.5 3.5 2 0 1 4 4
2630.6 8971.4 -153.4 165 0 14.7 12.3 35.0 0.0 0 0 10 2 2
2703.0 8942.3 -157.0 73 0 12.0 18.0 14.0 3.5 2 1 4 3 3
2690.3 8962.5 -155.0 164 0 4.4 10.2 10.5 3.5 2 0 3 4 4
2698.7 8973.8 -154.6 344 0 12.6 11.3 28.0 0.0 0 0 8 0 0
2689.0 8998.2 -153.3 269 0 9.5 18.3 10.5 0.0 0 1 3 4 4
2708.8 9042.3 -148.7 250 0 7.6 8.3 10.5 0.0 0 0 3 5 5
2701.0 9038.6 -149.0 250 0 8.6 9.8 10.5 0.0 0 0 3 0 0
2751.5 9083.2 -145.3 41 0 7.5 12.4 10.5 0.0 0 0 3 4 4
2727.4 9061.2 -146.7 143 0 3.4 9.1 10.5 3.5 2 0 3 3 3
2741.3 9072.2 -146.1 51 0 10.3 8.9 10.5 3.5 2 0 3 2 2
2694.5 9008.8 -151.2 163 0 11.9 11.8 24.5 0.0 0 0 7 5 5
2718.8 8943.1 -156.8 78 0 9.3 10.1 10.5 0.0 0 1 3 0 0
2707.3 8956.5 -156.3 163 0 12.0 13.4 28.0 0.0 0 1 8 0 0
2705.8 8982.7 -155.1 252 0 13.5 18.4 31.5 0.0 0 1 9 2 2
2703.9 8996.5 -153.2 274 0 12.2 13.2 28.0 0.0 0 0 8 3 3
2749.5 8991.3 -154.6 250 0 6.8 12.6 10.5 0.0 0 0 3 2 2
2753.0 8976.6 -154.8 250 0 12.3 11.0 28.0 0.0 0 0 8 1 1
2763.0 8947.2 -155.1 70 0 11.2 15.6 38.5 0.0 0 1 11 2 2
2733.3 8992.9 -154.9 268 0 14.2 19.2 38.5 0.0 0 1 11 0 0
2739.4 8971.1 -155.4 249 0 11.4 11.5 21.0 0.0 0 1 6 1 1
2748.9 8946.0 -155.7 69 0 11.7 12.9 31.5 0.0 0 1 9 1 1
2734.8 8943.1 -156.2 77 0 12.4 12.1 38.5 0.0 0 0 11 4 4
2727.8 8955.0 -156.1 79 0 7.9 11.0 10.5 0.0 0 1 3 5 5
2722.6 8975.6 -155.1 251 0 10.9 8.1 10.5 0.0 0 0 3 2 2
2718.7 8986.5 -154.2 253 0 9.6 9.5 10.5 3.5 2 0 3 5 5
6408.4 4600.9 -142.9 70 0 50.1 22.5 17.5 3.5 2 0 5 0 0
6870.4 4679.6 -143.9 87 0 9.2 48.6 7.5 2.5 2 1 3 1 1
6864.2 4781.2 -145.7 268 0 8.2 46.2 7.5 2.5 2 1 3 3 3
2729.2 9054.8 -148.5 241 0 7.0 11.6 10.5 0.0 0 1 3 0 0
2946.6 6028.2 -134.5 349 0 33.7 21.0 45.5 0.0 0 0 13 4 4
2667.5 8983.2 -152.9 163 0 6.1 10.7 10.5 0.0 0 0 3 4 4
2662.7 8978.7 -153.4 163 0 14.8 5.2 10.5 0.0 0 0 3 5 5
2666.3 8966.6 -154.8 163 0 8.2 18.9 10.5 3.5 2 1 3 0 0
2679.9 8952.4 -156.0 164 0 10.1 11.2 21.0 0.0 0 1 6 2 2
2674.4 8940.0 -156.6 96 0 9.9 17.1 10.5 0.0 0 1 3 0 0
2638.9 8943.6 -155.6 101 0 14.0 20.2 24.5 0.0 0 1 7 3 3
2705.0 9021.8 -150.3 163 0 12.0 15.6 31.5 0.0 0 1 9 4 4
2769.7 9139.9 -147.9 343 0 9.5 14.3 10.5 3.5 2 1 3 5 5
2770.3 9122.9 -147.1 31 0 7.6 15.5 10.5 0.0 0 0 3 4 4
2750.6 9106.9 -146.4 132 0 11.0 9.7 10.5 0.0 0 0 3 0 0
2769.3 9105.3 -146.6 41 0 4.4 8.3 10.5 3.5 2 1 3 4 4
124.2 9524.7 -145.2 15 0 78.2 64.4 17.5 0.0 0 0 5 3 3
2713.6 8988.4 -153.2 164 0 4.8 9.4 7.0 3.5 2 0 2 1 1
-299.7 2373.5 -142.0 318 0 23.5 11.3 14.0 3.5 2 0 4 2 2
2717.5 9048.5 -148.7 248 0 8.0 11.6 10.5 0.0 0 1 3 5 5
2724.9 9036.8 -149.9 251 0 12.0 12.0 31.5 0.0 0 1 9 0 0
2745.2 9010.0 -151.7 72 0 5.2 14.8 10.5 3.5 2 1 3 0 0
2736.7 9003.7 -152.1 71 0 11.2 21.3 28.0 0.0 0 1 8 0 0
-2257.6 -1267.2 -148.2 268 0 14.6 33.6 10.0 2.5 2 1 4 3 3
787.9 775.6 -152.6 229 0 10.1 18.1 17.5 0.0 0 0 5 4 4
1883.3 3148.3 -146.2 179 0 5.6 10.0 10.5 3.5 2 0 3 1 1
1873.5 3286.1 -155.8 266 0 21.8 56.1 17.5 3.5 2 1 5 5 5
1447.2 6661.9 -144.6 179 0 62.6 37.3 10.0 0.0 0 0 4 2 2
2060.9 4203.5 -141.2 88 0 8.8 25.0 10.5 3.5 2 1 3 3 3
1933.3 4540.0 -141.4 86 0 85.6 12.7 17.5 3.5 2 0 5 3 3
2018.7 4558.6 -142.9 268 0 24.8 11.4 17.5 3.5 2 0 5 2 2
2621.8 7579.4 -156.5 89 0 36.9 38.5 14.0 0.0 0 1 4 1 1
2888.6 7635.6 -155.3 269 0 45.3 46.1 17.5 0.0 0 1 5 0 0
2913.3 7538.2 -154.1 359 0 30.9 50.0 17.5 0.0 0 1 5 0 0
2893.6 7443.0 -151.7 89 0 44.4 48.8 17.5 0.0 0 1 5 0 0
2748.2 10516.9 -147.2 126 0 40.9 70.5 17.5 0.0 0 1 5 1 1
2755.4 9715.5 -137.1 23 0 10.9 5.4 10.5 3.5 2 0 3 4 4
-4746.2 12454.8 -122.3 273 0 19.5 39.9 24.5 3.5 2 1 7 4 4
-4303.7 12536.3 -127.4 247 0 57.6 71.4 3.5 0.0 0 1 1 3 3
-4066.9 12342.5 -133.3 219 0 18.1 39.9 14.0 3.5 2 0 4 5 5
2098.2 5578.5 -131.6 269 0 42.9 68.6 17.5 0.0 0 0 5 5 5
1893.3 5624.4 -137.3 90 0 33.6 90.2 17.5 0.0 0 1 5 5 5
-4239.8 12138.4 -132.7 210 0 15.9 55.7 17.5 3.5 2 1 5 0 0
-4232.2 12152.3 -131.8 205 0 13.1 57.3 17.5 3.5 2 1 5 4 4
-4154.4 12104.5 -132.7 35 0 10.2 27.1 17.5 3.5 2 1 5 3 3
1167.5 6172.3 -146.2 359 0 34.2 33.8 17.5 0.0 0 0 5 0 0
3384.4 6248.6 -155.2 321 0 18.4 30.5 17.5 0.0 0 1 5 3 3
-3762.5 9994.6 -144.5 179 0 16.7 38.0 17.5 3.5 2 0 5 3 3
-3460.3 9428.3 -145.9 315 0 23.9 47.4 17.5 0.0 0 0 5 5 5
-3601.7 9441.6 -144.8 211 0 52.1 19.3 17.5 3.5 2 0 5 1 1
-3665.0 9052.5 -138.0 89 0 56.4 59.9 17.5 0.0 0 1 5 3 3
-2814.2 9291.6 -127.8 0 0 22.6 14.4 17.5 3.5 2 0 5 5 5
-4427.2 12587.3 -128.9 81 0 27.6 21.6 10.0 2.5 2 0 4 3 3
-1075.4 4470.9 -134.3 138 0 61.6 90.2 10.0 0.0 0 1 4 4 4
3768.5 11847.2 -163.9 78 0 13.3 150.3 14.0 0.0 0 0 4 1 1
-2964.8 -4210.8 -154.9 262 0 8.4 11.9 10.5 3.5 2 1 3 0 0
-4118.0 12104.6 -136.4 90 0 10.8 38.1 17.5 3.5 2 1 5 3 3
-2910.0 9735.6 -130.6 304 0 22.0 91.7 14.0 0.0 0 1 4 0 0
-2815.7 9670.7 -135.7 304 0 21.3 52.8 14.0 3.5 2 1 4 4 4
-2846.3 9554.4 -135.6 359 0 114.9 20.9 14.0 0.0 0 0 4 2 2
-2926.3 9490.4 -133.6 125 0 52.3 21.2 14.0 3.5 2 0 4 2 2
-2984.1 9526.2 -136.0 124 0 52.0 55.8 14.0 0.0 0 1 4 1 1
-73.3 -653.2 -152.5 99 0 16.1 22.7 17.5 3.5 2 0 5 2 2
-75.9 -619.2 -152.1 189 0 20.8 12.7 17.5 3.5 2 0 5 3 3
-53.2 -605.6 -152.7 8 0 12.8 20.4 17.5 3.5 2 0 5 0 0
-4346.2 12666.4 -132.4 253 0 23.3 23.5 5.0 0.0 0 1 2 1 1
-4320.9 12583.0 -130.4 74 0 25.1 25.9 12.5 0.0 0 1 5 1 1
-4393.6 12648.3 -131.2 254 0 25.2 25.8 10.0 0.0 0 1 4 0 0
-4366.5 12560.8 -128.4 73 0 25.7 26.7 12.5 0.0 0 1 5 4 4
-4446.6 12631.7 -129.9 251 0 24.9 26.6 12.5 0.0 0 0 5 0 0
-4420.2 12555.4 -127.2 86 0 24.7 24.8 10.0 0.0 0 1 4 1 1
-4499.4 12624.0 -128.5 252 0 25.5 25.5 7.5 0.0 0 1 3 3 3
-4482.7 12551.9 -125.6 180 0 27.7 24.5 12.5 0.0 0 0 5 5 5
1624.9 6520.2 -145.2 270 0 64.1 29.5 14.0 0.0 0 0 4 4 4
3787.0 11811.5 -162.2 349 0 38.8 21.4 17.5 0.0 0 0 5 4 4
-455.5 1620.6 -146.4 136 0 27.8 58.3 14.0 0.0 0 1 4 0 0
-3201.7 -4411.7 -151.0 55 0 52.8 13.8 14.0 3.5 2 0 4 0 0
-3485.6 11179.1 -131.2 232 0 43.4 64.8 14.0 0.0 0 1 4 5 5
2316.5 6637.8 -152.4 358 0 91.1 63.3 17.5 0.0 0 0 5 1 1
2980.3 6218.5 -147.2 45 0 35.4 36.4 10.0 0.0 0 1 4 0 0
2796.2 6268.1 -149.0 132 0 20.8 22.6 12.5 2.5 2 1 5 0 0
2314.5 6702.1 -137.0 358 0 37.6 63.3 17.5 0.0 0 0 5 0 0
-4711.9 12412.4 -126.6 290 0 18.9 49.5 24.5 3.5 2 1 7 1 1
-4681.4 12373.8 -127.3 259 0 17.2 43.6 24.5 3.5 2 1 7 3 3
-4643.1 12325.0 -127.1 289 0 19.4 52.4 24.5 3.5 2 1 7 1 1
-4758.7 12298.6 -126.2 78 0 19.1 58.4 42.0 3.5 2 1 12 2 2
-4725.9 12261.7 -126.0 168 0 58.2 19.6 42.0 3.5 2 0 12 0 0
-4665.0 12132.7 -124.1 167 0 47.5 16.6 59.5 3.5 2 0 17 2 2
-4686.4 12077.9 -123.7 169 0 56.4 18.1 59.5 3.5 2 0 17 2 2
-4649.7 12055.7 -123.2 81 0 27.5 14.9 35.0 0.0 0 0 10 4 4
2017.6 5569.0 -126.0 359 0 14.1 30.8 17.5 3.5 2 0 5 5 5
1979.5 5532.7 -125.0 90 0 76.9 25.5 17.5 0.0 0 0 5 1 1
-3021.4 9629.8 -136.5 237 0 65.1 24.5 14.0 3.5 2 0 4 2 2
2730.1 6420.5 -153.7 306 0 48.6 43.6 10.0 0.0 0 0 4 1 1
2625.1 12124.2 -147.4 351 0 18.0 67.6 17.5 3.5 2 0 5 4 4
2595.1 12188.0 -144.8 270 0 6.3 47.1 10.5 3.5 2 0 3 3 3
