-6266.6 -3140.5 -5.5 0 0 41.6 76.6 5.0 0.0 0 1 2 5 5
-6351.5 -3188.5 -5.6 180 0 13.2 19.6 10.0 2.5 2 1 4 3 3
-6285.2 -3185.9 -5.4 360 0 8.5 16.0 5.0 2.5 2 1 2 3 3
-6521.2 -12715.2 -16.8 152 0 21.1 17.4 10.0 2.5 2 0 4 5 5
-6390.6 -12645.1 -16.5 332 0 21.6 118.5 7.5 0.0 0 0 3 3 3
-6457.6 -12614.8 -16.6 242 0 89.8 37.8 10.0 0.0 0 0 4 1 1
-6350.4 -12744.4 -16.5 66 0 12.3 96.3 7.5 2.5 2 0 3 2 2
-6349.5 -12691.9 -16.4 336 0 86.6 11.6 10.0 2.5 2 0 4 1 1
-6369.6 -12633.1 -16.3 335 0 25.3 18.7 7.5 2.5 2 0 3 1 1
-6382.0 -12602.4 -16.3 335 0 16.1 6.8 4.0 2.5 2 0 1 5 5
-6526.0 -12652.8 -16.8 243 0 11.1 36.4 7.5 2.5 2 1 3 4 4
2961.7 -3874.2 -0.2 135 0 11.6 10.2 7.5 2.5 4 0 3 4 4
