-5928.2 5763.0 -201.8 280 0 69.8 88.9 14.0 0.0 0 1 4 4 4
374.0 -2005.3 -201.1 249 0 79.0 52.5 14.0 0.0 0 0 4 1 1
412.7 -1703.7 -203.4 249 0 11.3 49.7 17.5 3.5 2 0 5 5 5
351.7 -1621.5 -204.6 248 0 12.1 51.3 17.5 3.5 2 0 5 4 4
503.4 -1746.6 -203.0 336 0 44.7 13.3 17.5 3.5 2 0 5 1 1
-3801.8 -4884.0 -194.6 71 0 71.2 143.9 17.5 0.0 0 1 5 0 0
-4302.8 -4584.0 -203.2 346 0 42.0 19.0 14.0 3.5 2 0 4 0 0
-4352.8 -4427.8 -206.2 257 0 18.9 40.7 17.5 3.5 2 1 5 5 5
-4294.3 -4684.3 -199.7 349 0 57.2 29.8 14.0 0.0 0 0 4 1 1
-4310.0 -4794.7 -194.2 39 0 28.7 40.1 17.5 0.0 0 1 5 3 3
-3999.5 -4730.6 -204.2 340 0 30.4 49.3 21.0 0.0 0 1 6 5 5
-4468.7 -4177.7 -203.3 275 0 175.5 16.2 17.5 0.0 0 0 5 0 0
620.3 -7263.4 -188.0 290 0 144.3 203.1 10.0 0.0 0 1 4 3 3
4572.9 567.5 -201.9 79 0 38.6 19.8 17.5 0.0 0 0 5 4 4
-137.6 10509.0 -208.9 14 0 86.7 39.2 14.0 0.0 0 0 4 0 0
-207.6 10427.9 -209.2 104 0 167.9 38.9 14.0 0.0 0 0 4 1 1
-218.5 10483.7 -208.9 105 0 38.8 93.5 14.0 0.0 0 1 4 5 5
-268.5 10496.5 -209.1 104 0 39.2 96.3 14.0 0.0 0 1 4 5 5
-88.7 10490.6 -208.8 14 0 76.1 39.3 14.0 0.0 0 0 4 1 1
-2519.0 9550.7 -208.1 203 0 49.9 17.9 14.0 3.5 2 0 4 0 0
4445.7 -6071.5 -207.0 174 0 73.2 466.4 17.5 0.0 0 1 5 1 1
294.9 -1825.6 -202.3 160 0 36.4 9.6 10.5 3.5 2 0 3 5 5
-3570.9 -4825.7 -198.1 161 0 22.3 26.1 17.5 3.5 4 1 5 0 0
-3491.3 -4823.9 -195.9 238 0 55.8 44.0 14.0 0.0 0 0 4 2 2
-3290.2 -4558.1 -195.8 341 0 58.2 73.3 17.5 0.0 0 1 5 0 0
-3547.3 -4854.2 -195.0 250 0 49.6 72.4 14.0 0.0 0 1 4 3 3
-3569.1 -4776.4 -199.5 160 0 54.0 48.9 17.5 0.0 0 0 5 4 4
-4480.5 -4457.8 -202.0 258 0 39.9 45.9 17.5 0.0 0 1 5 1 1
-3789.1 -4907.5 -197.7 251 0 48.7 50.2 17.5 0.0 0 1 5 4 4
-4439.0 -4781.6 -193.1 347 0 68.2 15.4 17.5 3.5 2 0 5 0 0
-4532.9 -4407.4 -200.3 345 0 61.1 16.1 17.5 3.5 2 0 5 0 0
-4543.5 -4341.4 -199.9 347 0 63.3 18.7 17.5 3.5 2 0 5 0 0
-4225.3 -4410.2 -204.5 344 0 58.1 13.6 17.5 0.0 0 0 5 3 3
-3492.1 -4727.1 -196.4 342 0 27.9 8.5 10.5 0.0 0 0 3 4 4
-4456.8 -4712.7 -192.6 346 0 65.3 14.7 17.5 3.5 2 0 5 4 4
-4364.8 -4497.6 -204.3 257 0 28.1 60.1 14.0 0.0 0 1 4 1 1
-4345.9 -4573.7 -202.1 257 0 29.1 41.8 14.0 0.0 0 1 4 0 0
-4293.8 -4396.5 -205.6 256 0 16.0 62.5 17.5 3.5 2 1 5 1 1
-3480.2 -4788.7 -198.1 250 0 12.6 18.0 14.0 3.5 2 1 4 3 3
-4211.8 -4376.2 -204.0 254 0 14.4 57.7 17.5 3.5 2 1 5 2 2
-3487.8 -4751.1 -199.6 251 0 9.3 27.1 10.5 3.5 2 1 3 5 5
-4305.8 -4432.4 -206.1 346 0 64.4 13.8 17.5 3.5 2 0 5 5 5
-4560.0 -4273.9 -198.9 348 0 66.2 15.9 17.5 3.5 2 0 5 3 3
-4381.0 -4440.4 -205.9 257 0 25.0 37.8 17.5 0.0 0 1 5 2 2
-3471.2 -4734.6 -197.0 70 0 9.0 31.6 10.5 3.5 2 1 3 0 0
-3458.5 -4775.4 -196.6 251 0 9.2 24.0 10.5 0.0 0 1 3 5 5
-3868.4 -4670.0 -195.4 252 0 42.5 57.2 14.0 0.0 0 1 4 4 4
-4251.9 -4417.9 -205.0 346 0 61.2 12.2 17.5 3.5 4 0 5 4 4
-4446.2 -4598.0 -197.8 255 0 42.2 44.5 17.5 0.0 0 1 5 1 1
-4066.7 -4824.9 -203.9 39 0 109.4 57.1 21.0 0.0 0 0 6 2 2
-4155.1 -4719.8 -204.5 118 0 9.3 44.0 10.5 0.0 0 1 3 1 1
-4285.8 -4383.5 -205.7 76 0 97.0 53.6 14.0 0.0 0 0 4 0 0
-4261.8 -4690.0 -203.1 166 0 16.9 67.9 21.0 3.5 2 1 6 4 4
-1251.6 -5556.4 -191.7 220 0 13.0 36.4 12.5 0.0 0 1 5 1 1
-1052.2 -5621.7 -192.6 228 0 10.7 25.1 21.0 0.0 0 1 6 2 2
-1166.1 -5424.9 -193.9 320 0 34.1 12.9 17.5 0.0 0 0 5 0 0
-1123.5 -5505.8 -190.7 233 0 10.5 28.3 21.0 0.0 0 1 6 0 0
-1071.1 -5526.6 -189.9 318 0 40.5 11.6 21.0 0.0 0 0 6 2 2
-1263.6 -5531.9 -193.1 134 0 35.1 7.5 7.5 0.0 0 0 3 1 1
-1044.0 -5560.2 -189.7 319 0 27.5 14.3 21.0 0.0 0 0 6 3 3
-1120.5 -5642.1 -191.3 43 0 16.0 13.8 21.0 0.0 0 0 6 1 1
-1109.1 -5567.1 -189.4 136 0 25.3 13.1 21.0 0.0 0 0 6 5 5
-1231.9 -5540.7 -191.7 230 0 12.8 17.9 7.5 2.5 2 1 3 2 2
-1088.2 -5732.2 -196.2 124 0 33.4 12.1 21.0 0.0 0 0 6 4 4
-1191.6 -5668.2 -191.3 124 0 11.0 17.6 21.0 0.0 0 1 6 1 1
-1086.2 -5543.3 -189.8 321 0 41.4 12.0 21.0 0.0 0 0 6 3 3
-1107.5 -5491.4 -190.8 230 0 11.1 27.1 21.0 0.0 0 1 6 1 1
-1280.1 -5571.1 -192.4 41 0 37.6 13.7 21.0 0.0 0 0 6 4 4
-1056.2 -5590.6 -190.1 49 0 14.7 29.9 21.0 0.0 0 1 6 0 0
-1120.7 -5608.5 -191.1 230 0 11.4 29.2 21.0 0.0 0 1 6 1 1
-1044.9 -5593.3 -192.2 228 0 31.8 37.5 21.0 0.0 0 1 6 0 0
-1090.2 -5619.9 -190.8 51 0 15.8 29.2 21.0 0.0 0 1 6 5 5
-1227.0 -5647.3 -189.8 122 0 12.0 16.9 21.0 0.0 0 1 6 4 4
-1246.0 -5635.5 -190.1 123 0 11.9 18.8 21.0 0.0 0 1 6 3 3
-1073.9 -5605.3 -190.5 48 0 16.0 29.2 21.0 0.0 0 1 6 1 1
-1137.5 -5499.7 -192.7 49 0 13.0 52.0 17.5 3.5 2 1 5 0 0
-1142.6 -5524.2 -190.6 233 0 12.7 36.3 21.0 0.0 0 1 6 3 3
-1265.3 -5595.8 -191.6 301 0 44.3 20.6 12.5 2.5 2 0 5 0 0
-1119.6 -5483.6 -192.7 49 0 14.4 50.7 17.5 3.5 2 1 5 0 0
-1198.0 -5433.3 -193.7 224 0 12.6 26.1 17.5 3.5 2 1 5 0 0
-1228.5 -5436.7 -194.8 39 0 79.9 12.0 17.5 3.5 2 0 5 1 1
-1536.1 -5018.7 -197.0 239 0 14.0 34.0 17.5 3.5 2 1 5 0 0
-1617.5 -5751.7 -185.6 148 0 53.1 10.5 17.5 3.5 2 0 5 5 5
-1418.5 -5530.2 -188.0 126 0 13.0 15.7 17.5 3.5 2 1 5 5 5
-1366.2 -5889.4 -189.8 353 0 38.0 9.3 10.5 3.5 2 0 3 4 4
-1337.6 -5461.2 -191.4 106 0 11.2 31.9 17.5 0.0 0 1 5 2 2
-1090.7 -5473.5 -191.1 141 0 12.8 23.5 21.0 0.0 0 1 6 3 3
-893.1 -5607.9 -191.0 19 0 9.0 33.6 10.5 3.5 2 1 3 5 5
-1132.8 -5303.3 -195.8 44 0 30.1 13.1 17.5 3.5 4 0 5 3 3
-997.3 -5722.4 -196.2 196 0 29.9 12.4 17.5 3.5 2 0 5 5 5
-1016.2 -5332.7 -192.1 307 0 11.9 20.8 21.0 0.0 0 1 6 1 1
-1416.9 -5419.2 -190.1 103 0 11.7 33.1 17.5 3.5 2 1 5 1 1
-1436.2 -5519.6 -187.4 122 0 12.3 27.4 17.5 3.5 2 1 5 1 1
-920.8 -5728.6 -196.0 286 0 10.7 45.4 17.5 3.5 4 1 5 5 5
-939.8 -5638.3 -193.2 287 0 10.7 26.0 17.5 3.5 2 1 5 2 2
-1043.1 -5528.4 -189.5 229 0 13.4 43.6 17.5 3.5 2 1 5 4 4
-2436.8 -5825.1 -183.8 135 0 37.0 12.6 17.5 3.5 2 0 5 3 3
-954.3 -5408.4 -189.9 39 0 41.1 12.3 21.0 0.0 0 0 6 3 3
-1372.0 -5430.1 -190.1 102 0 11.4 32.4 17.5 0.0 0 1 5 1 1
-964.4 -5492.9 -189.3 37 0 12.0 36.3 17.5 3.5 2 1 5 1 1
-1409.3 -5364.3 -192.1 195 0 31.6 11.4 17.5 3.5 2 0 5 4 4
-1453.2 -5505.1 -186.5 121 0 13.7 23.5 17.5 0.0 0 1 5 5 5
-996.4 -5537.6 -189.1 38 0 13.5 44.2 17.5 3.5 2 1 5 0 0
-893.8 -5321.6 -190.2 31 0 14.1 39.9 17.5 3.5 2 1 5 4 4
-1602.7 -5371.9 -182.6 88 0 8.9 31.7 10.5 3.5 2 1 3 1 1
-1138.1 -5356.7 -194.5 227 0 13.6 37.9 21.0 0.0 0 1 6 5 5
-1626.9 -5330.9 -183.1 269 0 9.8 32.9 10.5 3.5 2 1 3 3 3
-1396.6 -5463.7 -188.4 308 0 12.3 34.0 17.5 3.5 2 1 5 4 4
-1360.7 -5490.8 -190.0 310 0 12.0 33.6 17.5 3.5 4 1 5 0 0
-883.6 -5256.7 -190.2 318 0 12.7 48.4 17.5 3.5 2 1 5 5 5
-919.9 -5397.5 -188.9 126 0 13.6 40.2 17.5 3.5 2 1 5 2 2
-1527.3 -5350.7 -180.7 237 0 11.1 28.8 17.5 3.5 2 1 5 2 2
-1120.8 -5339.2 -194.4 216 0 12.4 38.3 21.0 0.0 0 1 6 3 3
-1381.3 -5963.6 -189.3 83 0 14.6 40.0 17.5 3.5 2 1 5 0 0
-1549.5 -5362.6 -181.6 359 0 45.3 11.0 17.5 3.5 2 0 5 4 4
-1414.8 -5447.7 -187.6 305 0 12.9 37.8 17.5 3.5 2 1 5 1 1
-928.1 -5405.5 -189.2 309 0 13.1 41.7 17.5 3.5 2 1 5 1 1
-1103.0 -5317.4 -194.3 222 0 36.2 11.9 21.0 0.0 0 0 6 0 0
-1575.0 -5356.8 -182.1 359 0 44.5 11.3 17.5 3.5 2 0 5 4 4
-973.4 -5348.7 -190.8 131 0 13.7 43.1 17.5 3.5 2 1 5 0 0
-1343.3 -5403.6 -190.7 281 0 12.1 31.5 17.5 3.5 2 1 5 4 4
-1117.3 -5421.0 -193.1 131 0 12.8 40.6 21.0 0.0 0 1 6 2 2
-1506.4 -5413.6 -180.8 105 0 11.0 46.2 17.5 3.5 2 1 5 4 4
-1533.2 -5373.1 -181.0 237 0 10.8 28.6 17.5 3.5 2 1 5 4 4
-991.0 -5333.2 -191.4 128 0 12.2 33.6 17.5 3.5 2 1 5 1 1
-975.3 -5729.7 -196.0 196 0 29.9 10.5 17.5 3.5 2 0 5 3 3
-1151.6 -5350.7 -195.9 41 0 13.6 35.8 17.5 3.5 2 1 5 5 5
-978.7 -5358.4 -190.9 307 0 10.3 35.3 21.0 0.0 0 1 6 5 5
-1375.2 -5305.2 -195.0 216 0 12.4 26.5 17.5 3.5 2 1 5 1 1
-1394.8 -5424.9 -190.0 103 0 11.1 32.4 17.5 3.5 2 1 5 2 2
-1044.1 -5520.9 -190.6 52 0 12.4 53.6 21.0 3.5 2 1 6 0 0
-1607.4 -5714.6 -185.0 240 0 11.3 55.2 17.5 0.0 0 1 5 1 1
-1139.4 -5337.2 -195.8 45 0 14.3 33.5 17.5 3.5 4 1 5 0 0
-1352.8 -5965.1 -190.5 84 0 11.6 45.3 17.5 3.5 2 1 5 1 1
-1359.5 -5471.8 -190.3 102 0 10.0 32.3 17.5 3.5 2 1 5 5 5
-1340.9 -5303.3 -196.3 38 0 15.3 28.6 17.5 3.5 2 1 5 3 3
-1388.2 -5370.9 -192.0 195 0 31.5 11.1 17.5 3.5 2 0 5 3 3
-1685.4 -5747.0 -188.3 241 0 65.8 78.1 17.5 0.0 0 1 5 1 1
-1330.8 -5936.8 -191.3 351 0 40.9 6.7 10.5 3.5 2 0 3 1 1
-1016.1 -5491.5 -189.2 219 0 13.3 38.8 17.5 3.5 2 1 5 5 5
-962.6 -5374.1 -190.4 309 0 13.2 40.8 21.0 0.0 0 1 6 0 0
-1473.2 -5493.8 -186.3 121 0 13.3 23.2 17.5 3.5 2 1 5 0 0
-1501.2 -5016.9 -196.9 326 0 36.5 13.3 17.5 3.5 2 0 5 5 5
-1085.7 -5375.6 -193.1 226 0 11.2 51.2 21.0 0.0 0 1 6 2 2
-962.1 -5291.4 -191.1 200 0 13.3 28.6 17.5 3.5 2 1 5 2 2
-1118.1 -5444.4 -192.9 141 0 52.4 10.6 21.0 0.0 0 0 6 1 1
-1650.0 -5335.4 -183.6 268 0 9.8 22.4 10.5 3.5 2 1 3 3 3
-1379.2 -5477.3 -189.2 306 0 12.5 34.0 17.5 3.5 2 1 5 2 2
-979.7 -5437.3 -190.7 47 0 11.3 35.1 21.0 0.0 0 1 6 2 2
-1031.6 -5317.2 -192.7 306 0 12.4 20.9 21.0 0.0 0 1 6 4 4
-881.9 -5242.3 -190.1 232 0 11.8 40.8 17.5 0.0 0 1 5 3 3
-937.5 -5380.0 -189.5 126 0 11.3 47.0 17.5 3.5 2 1 5 0 0
-1521.0 -5328.9 -180.4 240 0 11.2 28.6 17.5 3.5 2 1 5 0 0
-1048.6 -5304.2 -193.3 309 0 12.6 22.5 21.0 0.0 0 1 6 5 5
-1438.5 -5414.8 -190.0 102 0 13.1 32.9 17.5 3.5 2 1 5 0 0
-1091.7 -5452.8 -191.9 132 0 12.2 47.3 21.0 0.0 0 1 6 4 4
-1387.8 -5893.0 -188.9 352 0 38.5 11.2 17.5 3.5 2 0 5 1 1
-1432.4 -5434.1 -187.4 306 0 12.9 36.9 17.5 3.5 2 1 5 1 1
-954.0 -5363.6 -190.2 128 0 15.3 46.4 17.5 3.5 2 1 5 0 0
-1491.2 -5435.8 -185.1 98 0 63.1 10.4 17.5 3.5 2 0 5 3 3
-1101.4 -5435.0 -192.5 131 0 13.4 40.6 21.0 0.0 0 1 6 4 4
-1526.6 -5419.3 -181.4 64 0 9.8 24.6 10.5 3.5 2 1 3 0 0
-1237.4 -5305.4 -197.0 312 0 38.2 8.5 10.5 3.5 2 0 3 0 0
-1483.0 -5411.9 -186.4 104 0 11.9 37.8 17.5 3.5 2 1 5 1 1
-895.8 -5584.1 -190.3 25 0 13.6 28.3 17.5 3.5 2 1 5 5 5
-1118.7 -5315.2 -195.0 42 0 29.6 11.0 17.5 3.5 2 0 5 3 3
-1528.2 -5067.8 -197.0 112 0 36.2 15.2 17.5 0.0 0 0 5 4 4
-1478.7 -5618.4 -185.1 70 0 39.2 19.8 17.5 0.0 0 0 5 4 4
-954.9 -5767.7 -196.3 106 0 10.9 46.3 17.5 3.5 2 1 5 2 2
-1399.7 -5542.1 -188.9 123 0 12.8 18.6 17.5 0.0 0 1 5 3 3
-1461.4 -5415.3 -188.1 102 0 10.6 37.2 17.5 3.5 2 1 5 1 1
-1454.3 -5840.2 -186.7 247 0 9.7 25.2 10.5 3.5 2 1 3 5 5
-1355.3 -5378.7 -192.1 12 0 32.5 10.2 17.5 3.5 2 0 5 5 5
-949.3 -5474.1 -189.4 39 0 11.4 36.1 17.5 3.5 2 1 5 2 2
-921.8 -5442.7 -188.6 39 0 39.5 12.3 17.5 3.5 2 0 5 1 1
-989.8 -5545.9 -190.6 218 0 58.7 19.6 17.5 3.5 2 0 5 0 0
-1381.6 -5552.7 -189.7 122 0 12.6 18.7 17.5 3.5 4 1 5 2 2
-1276.2 -5479.7 -193.8 43 0 14.4 33.1 17.5 3.5 2 1 5 1 1
-1486.8 -5443.5 -184.6 271 0 39.1 11.8 17.5 3.5 2 0 5 0 0
-1072.2 -5190.2 -195.7 215 0 12.6 24.4 14.0 3.5 2 1 4 1 1
-927.2 -5483.5 -189.2 307 0 18.1 54.8 17.5 3.5 2 1 5 5 5
-1560.0 -5243.4 -181.5 235 0 11.3 17.1 17.5 3.5 2 1 5 3 3
-2266.1 -5743.9 -176.7 67 0 9.4 67.3 10.5 3.5 2 1 3 1 1
-2312.1 -5648.2 -177.1 343 0 52.2 12.1 14.0 3.5 2 0 4 3 3
-2141.3 -5678.0 -177.0 143 0 30.1 28.7 17.5 0.0 0 0 5 1 1
-2411.9 -5814.3 -183.9 135 0 55.9 13.7 17.5 3.5 2 0 5 0 0
-2315.7 -5730.1 -178.7 72 0 12.6 41.2 14.0 3.5 2 1 4 3 3
-2152.8 -5676.3 -174.1 325 0 34.8 20.3 17.5 0.0 0 0 5 4 4
-2287.6 -5751.7 -178.2 73 0 13.0 64.1 14.0 3.5 4 1 4 3 3
-2243.6 -5671.6 -174.3 255 0 20.9 52.0 17.5 3.5 2 1 5 0 0
-2332.1 -5681.8 -177.7 72 0 13.2 42.2 14.0 3.5 2 1 4 3 3
-2149.8 -5736.0 -173.7 56 0 40.9 21.0 17.5 0.0 0 0 5 1 1
-2349.2 -5735.4 -180.3 137 0 43.0 13.4 14.0 3.5 2 0 4 1 1
-2298.1 -5775.6 -180.0 43 0 10.7 34.5 14.0 3.5 2 1 4 4 4
-2424.1 -5864.8 -183.1 48 0 12.6 56.9 21.0 3.5 2 1 6 3 3
-2397.7 -5842.0 -185.3 226 0 11.9 60.2 14.0 0.0 0 1 4 1 1
-2466.1 -5762.9 -182.4 132 0 65.8 12.9 17.5 3.5 2 0 5 3 3
-2298.7 -5886.4 -186.9 231 0 108.6 30.4 17.5 0.0 0 0 5 2 2
-2496.7 -6139.2 -187.9 150 0 30.4 46.5 17.5 0.0 0 1 5 1 1
-2521.4 -6062.4 -180.0 316 0 28.9 41.0 17.5 0.0 0 1 5 3 3
-2588.7 -6074.2 -175.7 218 0 7.2 26.6 10.5 3.5 2 0 3 5 5
-1432.2 -5831.3 -187.7 249 0 10.8 33.9 17.5 3.5 2 1 5 1 1
-1409.3 -5824.9 -188.7 250 0 10.8 33.5 17.5 3.5 4 1 5 5 5
-1585.1 -5704.4 -184.3 241 0 11.5 54.9 17.5 3.5 4 1 5 2 2
-1542.5 -5767.7 -181.1 327 0 31.6 13.0 17.5 3.5 2 0 5 2 2
-3212.9 -4509.6 -195.5 129 0 47.9 65.3 17.5 0.0 0 1 5 1 1
-1522.5 -5757.2 -182.1 328 0 30.9 12.1 17.5 3.5 2 0 5 2 2
-1480.5 -5864.3 -185.7 263 0 28.5 52.6 17.5 0.0 0 1 5 1 1
-1545.3 -5864.2 -182.4 57 0 11.6 60.8 17.5 3.5 2 1 5 0 0
-1418.2 -5969.8 -188.4 81 0 44.0 99.9 17.5 0.0 0 1 5 5 5
-1375.8 -5828.4 -189.7 338 0 33.8 12.0 17.5 3.5 4 0 5 4 4
-1545.6 -5714.6 -183.6 332 0 52.4 12.8 17.5 0.0 0 0 5 0 0
-1524.4 -5854.3 -183.3 59 0 10.8 59.9 17.5 3.5 2 1 5 2 2
-1495.7 -5802.6 -185.1 328 0 70.6 11.9 17.5 3.5 2 0 5 1 1
-1503.5 -5844.5 -184.2 58 0 12.5 65.4 17.5 3.5 2 1 5 0 0
-1456.8 -5974.8 -188.6 82 0 8.6 48.4 10.5 3.5 2 1 3 3 3
-1592.2 -5796.7 -182.3 152 0 35.0 10.1 17.5 3.5 2 0 5 3 3
-882.9 -5027.5 -194.5 249 0 14.8 26.9 14.0 0.0 0 1 4 3 3
-880.2 -5354.2 -188.7 39 0 28.1 12.7 17.5 3.5 2 0 5 1 1
-890.4 -5802.5 -196.2 67 0 15.2 31.6 17.5 3.5 2 1 5 2 2
-1011.5 -5316.5 -192.4 125 0 26.7 22.6 17.5 0.0 0 0 5 1 1
-1101.2 -5294.7 -195.9 44 0 12.8 29.0 17.5 3.5 2 1 5 2 2
-1191.9 -5323.6 -196.5 132 0 15.5 42.5 17.5 0.0 0 1 5 4 4
-853.7 -5509.3 -190.8 136 0 14.5 59.9 17.5 3.5 2 1 5 1 1
-965.7 -5114.0 -195.0 44 0 15.1 37.7 14.0 3.5 2 1 4 5 5
-863.3 -5383.0 -193.0 220 0 15.6 36.3 17.5 3.5 2 1 5 4 4
-870.5 -5792.0 -195.6 66 0 15.2 30.1 17.5 3.5 2 1 5 1 1
-1086.3 -5284.4 -196.0 42 0 9.4 32.2 10.5 3.5 2 1 3 4 4
-978.5 -5178.4 -195.2 222 0 59.5 18.6 17.5 3.5 2 0 5 4 4
-855.9 -5472.1 -190.1 228 0 70.4 13.9 17.5 3.5 2 0 5 1 1
-1131.6 -5670.5 -192.7 216 0 9.4 12.0 10.5 0.0 0 1 3 0 0
-981.4 -5131.5 -195.1 42 0 13.6 34.5 14.0 3.5 2 1 4 3 3
-1052.0 -5129.4 -195.4 218 0 51.2 12.2 14.0 3.5 2 0 4 4 4
-906.1 -5412.0 -188.4 134 0 11.7 38.2 17.5 3.5 2 1 5 3 3
-1004.2 -5159.6 -195.3 38 0 14.6 34.3 14.0 3.5 2 1 4 1 1
-877.7 -5078.7 -194.6 129 0 29.2 15.4 14.0 3.5 2 0 4 4 4
-995.9 -5177.2 -195.5 42 0 44.5 10.7 14.0 3.5 2 0 4 3 3
-948.2 -5096.1 -194.9 40 0 14.5 41.8 14.0 3.5 2 1 4 3 3
-1020.7 -5178.0 -195.5 42 0 13.3 34.3 14.0 3.5 2 1 4 2 2
-1030.4 -5215.6 -195.7 43 0 44.3 11.2 14.0 3.5 4 0 4 0 0
-899.4 -5736.6 -195.3 286 0 8.7 28.5 10.5 3.5 2 1 3 5 5
-864.4 -5369.8 -188.1 34 0 23.9 10.8 17.5 3.5 2 0 5 3 3
-983.4 -5277.7 -192.4 287 0 35.7 14.1 17.5 3.5 4 0 5 5 5
-1082.6 -5705.1 -194.7 126 0 10.5 11.8 21.0 0.0 0 0 6 1 1
-1043.8 -5685.0 -194.6 2 0 16.1 10.1 21.0 0.0 0 0 6 1 1
-3486.7 -73.5 -199.2 306 0 97.9 114.5 17.5 0.0 0 1 5 2 2
-2299.1 -9128.6 -170.5 255 0 40.7 38.0 17.5 0.0 0 0 5 3 3
-703.7 -10875.5 23.8 239 0 15.1 8.8 10.5 3.5 2 0 3 4 4
-713.7 -10898.1 19.5 64 0 9.8 6.7 10.5 0.0 0 0 3 1 1
-1164.2 -8996.1 -160.7 89 0 8.6 16.5 10.5 3.5 2 1 3 4 4
-803.0 -8844.4 -189.1 180 0 92.7 41.7 14.0 0.0 0 0 4 1 1
-879.5 -8914.1 -185.5 59 0 10.6 35.4 14.0 3.5 2 1 4 4 4
1166.6 -10470.2 -11.1 248 0 7.2 7.2 10.5 3.5 2 0 3 0 0
1155.5 -10521.3 -9.9 344 0 13.6 13.5 14.0 3.5 4 0 4 3 3
1112.1 -10504.1 2.3 168 0 13.9 9.8 10.5 3.5 2 0 3 0 0
1152.4 -10501.9 -8.2 341 0 18.0 20.9 14.0 3.5 2 1 4 0 0
1193.8 -10505.8 -22.1 56 0 16.6 32.4 14.0 3.5 2 1 4 3 3
1152.9 -10545.0 -8.3 73 0 8.6 10.1 10.5 3.5 2 1 3 5 5
-822.2 -8956.5 -185.0 359 0 69.8 11.8 14.0 3.5 2 0 4 4 4
-731.3 -8994.4 -189.8 91 0 39.5 193.3 14.0 0.0 0 1 4 0 0
-1699.4 -4935.1 -195.4 49 0 36.3 17.6 17.5 0.0 0 0 5 3 3
-1726.2 -4912.2 -195.2 49 0 11.3 29.6 17.5 3.5 2 1 5 4 4
-1597.4 -4889.4 -195.8 68 0 31.8 44.1 17.5 0.0 0 1 5 3 3
-1745.8 -5111.1 -185.0 180 0 30.1 11.8 17.5 3.5 2 0 5 3 3
-69.3 -2647.4 -203.8 339 0 54.0 77.9 17.5 0.0 0 1 5 5 5
-282.2 -11145.6 198.0 161 0 7.2 9.0 10.5 3.5 2 1 3 0 0
-1269.1 -10278.0 -146.3 134 0 49.5 29.2 17.5 0.0 0 0 5 3 3
-2105.9 -10310.9 -145.0 346 0 6.7 11.3 10.5 3.5 2 1 3 3 3
569.8 -10572.4 196.0 296 0 31.8 38.3 17.5 0.0 0 1 5 1 1
723.9 -10611.8 173.6 13 0 18.9 17.9 14.0 3.5 2 0 4 0 0
-4337.0 -4488.2 -205.6 256 0 23.8 68.2 14.0 0.0 0 1 4 4 4
183.4 -1531.3 -206.1 249 0 33.0 9.8 10.5 3.5 2 0 3 0 0
-2599.5 -6063.2 -172.7 216 0 5.1 15.2 10.5 3.5 2 0 3 5 5
347.1 -1771.8 -202.7 158 0 9.3 9.3 10.5 3.5 2 0 3 5 5
-2614.4 -6124.8 -173.7 180 0 12.4 11.7 17.5 3.5 2 0 5 3 3
-2655.2 -6089.5 -169.6 159 0 10.0 31.3 10.5 3.5 4 1 3 1 1
-1886.0 -4583.0 -196.5 323 0 35.2 123.7 21.0 0.0 0 1 6 1 1
-2375.9 -5739.9 -181.9 221 0 7.2 47.3 10.5 3.5 4 1 3 2 2
-2826.7 -1312.8 -99.0 213 0 15.4 17.0 14.0 3.5 2 1 4 2 2
-1922.9 -12472.0 -20.7 195 0 15.5 11.4 14.0 3.5 2 0 4 1 1
-2225.3 -12750.7 -120.3 144 0 26.7 38.5 17.5 0.0 0 1 5 5 5
-1586.1 -12296.2 171.9 327 0 14.6 15.4 14.0 3.5 2 1 4 0 0
-1278.4 -11819.4 141.1 274 0 23.1 22.4 14.0 3.5 2 0 4 0 0
-1280.4 -12048.1 144.7 336 0 16.6 8.9 10.5 3.5 4 0 3 3 3
-1827.5 -12378.5 28.1 178 0 16.5 6.2 10.5 3.5 2 0 3 5 5
-2936.0 -4048.7 -187.7 98 0 14.9 18.6 17.5 3.5 2 1 5 2 2
-5460.0 -8028.9 -196.8 85 0 10.8 64.1 14.0 3.5 2 1 4 1 1
-5219.9 -8046.2 -196.0 2 0 46.2 35.9 10.0 0.0 0 0 4 5 5
-5430.9 -8027.1 -196.5 86 0 32.3 58.8 14.0 0.0 0 1 4 3 3
-5327.4 -7957.5 -196.8 175 0 24.5 25.6 17.5 0.0 0 1 5 4 4
-5510.2 -7994.1 -196.2 174 0 70.0 27.4 14.0 0.0 0 0 4 5 5
-678.3 -11221.5 141.8 222 0 11.8 5.4 10.5 3.5 2 0 3 4 4
-1613.2 -12220.8 166.6 240 0 21.5 11.9 14.0 3.5 2 0 4 0 0
-1165.1 -11705.3 145.2 188 0 8.7 5.7 10.5 3.5 2 0 3 3 3
3944.8 -9611.3 -195.7 54 0 34.9 27.9 14.0 0.0 0 0 4 3 3
3749.7 -9849.7 -201.7 71 0 11.1 72.6 17.5 3.5 2 1 5 1 1
-1912.2 -3964.9 -196.0 141 0 34.9 34.2 17.5 0.0 0 0 5 5 5
-1801.9 -3999.4 -197.2 138 0 3.4 19.6 10.5 3.5 2 1 3 3 3
-1796.4 -4034.0 -196.9 318 0 11.7 25.6 17.5 3.5 2 1 5 1 1
-1859.8 -4036.9 -196.0 135 0 4.6 12.3 10.5 3.5 2 1 3 2 2
-1878.5 -4045.6 -195.4 316 0 3.6 15.8 10.5 3.5 2 1 3 5 5
-1961.7 -3893.8 -190.8 234 0 11.9 6.2 10.5 3.5 2 0 3 3 3
-1943.7 -3848.8 -192.7 233 0 18.1 8.4 10.5 3.5 2 0 3 5 5
-5453.6 6231.0 -203.7 5 0 76.2 127.3 14.0 0.0 0 1 4 5 5
-5443.9 6177.0 -206.7 185 0 166.8 169.6 14.0 0.0 0 1 4 0 0
-6377.0 6261.9 -212.9 185 0 158.5 206.6 14.0 0.0 0 1 4 5 5
-1037.2 -10412.1 -140.0 230 0 16.8 35.7 17.5 3.5 2 1 5 0 0
-3445.9 1270.1 -156.0 269 0 40.0 32.4 14.0 0.0 0 0 4 3 3
-3447.3 1378.2 -172.2 268 0 27.3 20.2 17.5 3.5 2 0 5 5 5
3852.2 -9740.5 -198.0 342 0 18.1 54.7 17.5 0.0 0 1 5 2 2
3472.8 -10561.7 -178.6 287 0 47.2 25.2 17.5 0.0 0 0 5 4 4
3420.5 -10590.1 -175.3 195 0 26.0 77.5 14.0 0.0 0 1 4 0 0
3500.3 -10592.0 -174.1 242 0 14.7 25.1 14.0 3.5 2 1 4 2 2
3288.5 -10599.0 -176.8 273 0 29.1 23.5 14.0 0.0 0 0 4 3 3
3270.1 -10610.3 -178.7 355 0 37.7 16.4 14.0 3.5 2 0 4 2 2
3414.3 -10574.4 -175.7 268 0 7.3 13.9 10.5 3.5 2 1 3 5 5
3293.8 -10458.3 -192.9 3 0 41.7 55.6 14.0 0.0 0 1 4 4 4
3460.3 -10487.9 -191.6 325 0 56.1 11.5 17.5 3.5 2 0 5 4 4
3562.3 -10516.2 -192.6 58 0 56.1 51.3 17.5 0.0 0 0 5 4 4
3336.4 -10600.6 -175.5 274 0 55.8 32.1 14.0 0.0 0 0 4 1 1
3754.1 -9804.3 -201.9 163 0 65.8 12.6 17.5 3.5 2 0 5 5 5
3792.7 -9791.3 -200.9 342 0 28.9 23.3 17.5 0.0 0 0 5 0 0
3791.7 -9828.4 -200.6 72 0 24.2 17.8 17.5 3.5 2 0 5 4 4
3784.5 -9767.4 -201.2 343 0 17.0 24.0 17.5 3.5 4 1 5 2 2
3885.0 -9850.5 -193.3 252 0 23.0 25.8 17.5 3.5 2 0 5 5 5
3858.5 -9736.8 -193.4 162 0 37.4 29.8 14.0 0.0 0 0 4 0 0
3883.2 -9665.6 -202.1 341 0 65.4 173.0 17.5 0.0 0 1 5 4 4
3903.0 -9829.2 -191.0 163 0 35.5 8.5 10.5 3.5 2 0 3 5 5
3874.2 -9789.6 -192.7 161 0 24.9 39.7 14.0 0.0 0 1 4 2 2
3719.2 -9733.4 -202.0 341 0 56.2 17.4 17.5 3.5 2 0 5 0 0
3491.3 -9510.2 -203.2 182 0 75.9 154.0 14.0 0.0 0 1 4 0 0
3753.2 -9661.0 -202.7 72 0 80.5 49.7 17.5 0.0 0 0 5 3 3
4567.8 -8540.8 -194.5 146 0 26.8 44.9 14.0 0.0 0 1 4 2 2
3737.0 -9764.5 -201.9 161 0 13.8 24.0 17.5 3.5 4 1 5 3 3
-3361.2 -4726.4 -195.9 66 0 11.5 36.6 12.5 2.5 2 1 5 4 4
-3387.0 -4670.4 -197.5 254 0 8.0 18.2 7.5 2.5 2 1 3 0 0
-3341.1 -4719.4 -194.0 69 0 10.4 38.0 10.0 2.5 2 1 4 2 2
-2116.4 -5640.5 -179.1 233 0 27.5 30.1 17.5 0.0 0 0 5 2 2
-2074.8 -4826.4 -195.3 228 0 67.5 128.2 17.5 0.0 0 1 5 1 1
-5285.0 -3108.1 -193.3 234 0 11.8 44.3 17.5 3.5 2 1 5 5 5
-5265.5 -3092.2 -191.8 233 0 14.9 45.1 17.5 3.5 2 1 5 4 4
-5244.5 -3078.1 -190.3 232 0 14.3 44.3 17.5 3.5 2 1 5 5 5
-5258.4 -3075.1 -191.1 81 0 11.4 41.9 17.5 3.5 2 1 5 0 0
-5235.2 -3056.5 -192.2 80 0 13.0 63.9 17.5 3.5 2 1 5 4 4
-5221.4 -2984.5 -191.8 259 0 14.4 54.8 17.5 3.5 2 1 5 5 5
5041.3 -8969.7 -202.1 336 0 73.5 108.5 17.5 0.0 0 1 5 1 1
-3675.0 -5408.4 -202.8 178 0 54.7 78.8 17.5 0.0 0 1 5 1 1
-497.2 -2268.2 -206.2 69 0 16.9 95.7 14.0 0.0 0 1 4 2 2
-565.1 -1974.9 -203.8 338 0 80.1 12.3 14.0 3.5 2 0 4 1 1
-604.1 -1887.7 -201.8 248 0 13.4 45.2 14.0 3.5 2 1 4 4 4
-662.5 -1857.9 -202.5 203 0 14.5 56.7 14.0 3.5 2 1 4 0 0
-689.2 -1858.1 -202.5 248 0 35.9 12.2 14.0 3.5 4 0 4 5 5
-771.7 -1889.3 -205.5 250 0 82.6 12.6 14.0 3.5 2 0 4 3 3
-755.3 -1903.2 -206.0 249 0 14.0 66.7 14.0 3.5 2 1 4 5 5
-716.7 -1888.8 -205.0 249 0 14.4 81.0 14.0 3.5 2 1 4 4 4
-676.2 -1878.1 -203.7 249 0 13.5 78.7 14.0 3.5 4 1 4 5 5
-625.1 -1894.1 -202.4 248 0 14.3 44.1 14.0 3.5 2 1 4 1 1
-584.1 -1982.6 -204.5 339 0 86.5 13.3 14.0 3.5 2 0 4 5 5
-622.1 -1997.5 -205.9 339 0 86.4 14.6 14.0 3.5 2 0 4 1 1
-561.3 -2081.3 -207.3 339 0 96.4 13.4 14.0 3.5 2 0 4 2 2
-598.8 -2087.0 -207.2 339 0 80.8 14.9 14.0 3.5 4 0 4 2 2
-565.7 -2141.7 -207.4 338 0 15.3 40.4 14.0 3.5 2 1 4 2 2
-621.8 -2155.8 -206.7 69 0 14.7 95.7 14.0 3.5 4 1 4 4 4
-682.7 -1973.8 -206.7 249 0 14.9 87.1 14.0 3.5 2 1 4 5 5
-552.2 -2179.4 -207.0 340 0 17.3 39.8 14.0 3.5 2 1 4 3 3
-567.3 -2294.3 -205.7 69 0 18.3 98.9 14.0 0.0 0 1 4 2 2
-533.1 -2280.0 -205.7 69 0 18.1 75.3 14.0 3.5 4 1 4 0 0
-549.3 -2352.0 -203.7 69 0 15.6 49.6 14.0 3.5 2 1 4 0 0
-503.1 -2348.2 -202.5 68 0 14.9 62.6 14.0 3.5 2 1 4 2 2
-511.7 -2440.1 -201.1 69 0 14.8 81.5 14.0 3.5 2 1 4 2 2
-561.2 -2427.4 -202.3 68 0 12.7 62.7 14.0 0.0 0 1 4 3 3
-600.2 -2441.6 -200.0 69 0 13.4 43.9 14.0 3.5 2 1 4 3 3
-743.8 -1998.0 -206.1 195 0 44.0 14.3 14.0 3.5 2 0 4 4 4
-843.4 -2063.3 -203.6 196 0 111.8 15.1 14.0 0.0 0 0 4 4 4
-822.4 -2108.3 -202.3 196 1 20.5 12.1 14.0 3.5 2 0 4 0 0
-815.8 -2085.6 -202.8 197 0 20.8 12.7 14.0 3.5 4 0 4 3 3
-809.2 -2062.1 -203.4 197 0 21.2 12.2 14.0 3.5 2 0 4 5 5
-802.0 -2036.2 -204.0 195 1 20.7 11.1 14.0 0.0 0 0 4 4 4
-786.1 -2123.2 -203.0 106 1 10.6 20.9 14.0 3.5 2 1 4 5 5
-779.8 -2099.3 -203.6 107 1 10.5 20.8 14.0 3.5 2 1 4 4 4
-775.1 -2064.7 -204.1 197 1 21.6 10.9 14.0 0.0 0 0 4 2 2
-769.1 -2041.1 -204.6 196 1 20.9 10.5 14.0 3.5 2 0 4 3 3
-283.0 -2301.3 -204.2 247 0 51.9 24.6 12.5 0.0 0 0 5 4 4
-333.9 -2104.4 -200.3 68 0 21.1 72.4 17.5 3.5 2 1 5 2 2
-358.2 -1965.4 -199.5 341 0 43.1 17.2 17.5 3.5 2 0 5 5 5
-228.8 -2133.1 -190.9 160 0 39.5 26.2 17.5 0.0 0 0 5 5 5
-218.7 -1883.6 -190.2 270 0 21.7 64.7 17.5 3.5 2 1 5 0 0
-141.7 -2087.2 -197.8 318 0 65.1 20.6 17.5 0.0 0 0 5 1 1
-336.3 -1853.8 -194.9 159 0 40.0 34.1 21.0 0.0 0 0 6 3 3
-342.0 -1724.7 -195.3 250 0 28.4 85.8 21.0 0.0 0 1 6 0 0
-390.7 -1895.3 -196.5 68 0 16.6 40.7 17.5 3.5 2 1 5 0 0
3536.8 -8784.6 -198.9 47 0 68.6 39.0 14.0 0.0 0 0 4 3 3
6617.2 -8038.5 -213.7 150 0 131.6 478.2 21.0 0.0 0 1 6 1 1
-2846.0 -7044.7 -203.8 115 0 96.2 98.7 17.5 0.0 0 1 5 2 2
-2506.8 -7266.8 -197.1 350 0 27.9 99.4 17.5 0.0 0 1 5 0 0
-930.8 -2771.3 -196.4 248 0 142.8 58.1 17.5 0.0 0 0 5 0 0
-1736.6 -4415.6 -195.6 155 0 29.5 71.7 17.5 0.0 0 1 5 1 1
920.3 -2026.7 -202.8 166 0 153.0 99.4 7.0 0.0 0 0 2 2 2
-711.2 -6920.3 -193.5 1 0 36.3 24.0 14.0 0.0 0 0 4 0 0
-1098.7 -2868.2 -192.7 74 0 139.8 40.5 21.0 0.0 0 0 6 5 5
-1639.4 -1695.7 -182.2 44 0 42.4 30.9 14.0 0.0 0 0 4 1 1
-1426.9 -1461.8 -200.7 162 0 75.3 38.4 14.0 0.0 0 0 4 3 3
-1592.6 -1015.4 -195.7 61 0 55.4 99.1 14.0 0.0 0 1 4 1 1
4552.2 -7914.5 -205.4 100 0 21.6 18.2 14.0 3.5 2 0 4 1 1
-6523.8 -3985.7 -193.6 270 0 154.3 71.6 14.0 0.0 0 0 4 4 4
-1886.4 -4493.9 -196.1 335 0 91.8 24.7 17.5 0.0 0 0 5 5 5
-2103.2 -4649.5 -195.8 228 0 44.9 36.3 14.0 0.0 0 0 4 0 0
2817.5 -2722.4 -201.3 173 0 105.6 141.8 10.0 0.0 0 1 4 2 2
-89.4 -2493.2 -204.4 158 0 215.8 89.9 17.5 0.0 0 0 5 3 3
-1108.4 -682.3 -199.6 157 0 93.9 32.0 17.5 0.0 0 0 5 5 5
4460.8 -3712.7 -205.0 54 0 14.8 31.2 10.0 2.5 2 1 4 4 4
4707.0 -6179.8 -208.6 179 0 141.6 45.3 17.5 0.0 0 0 5 1 1
1450.9 -4822.0 -206.3 93 0 16.6 25.0 15.0 0.0 0 1 6 3 3
-6905.3 -4302.0 -189.3 180 0 38.9 67.9 17.5 0.0 0 1 5 2 2
-6897.8 -4232.1 -184.2 182 0 74.3 26.0 17.5 0.0 0 0 5 3 3
-6905.3 -4302.0 -189.3 180 0 38.9 67.9 17.5 0.0 0 1 5 3 3
-6897.8 -4232.1 -184.2 182 0 74.3 26.0 17.5 0.0 0 0 5 5 5
-6081.7 6228.4 -213.1 6 0 131.0 40.0 14.0 0.0 0 0 4 5 5
-5987.0 6371.6 -212.1 185 0 50.5 24.7 14.0 3.5 2 0 4 0 0
-5960.5 6515.3 -209.6 275 0 24.7 50.6 14.0 3.5 4 1 4 2 2
-5857.0 6507.8 -209.3 275 0 24.7 50.6 14.0 3.5 2 1 4 1 1
-5871.6 6335.3 -212.1 95 0 24.7 50.6 14.0 3.5 2 1 4 0 0
-5915.8 6392.6 -211.7 275 0 36.9 35.9 14.0 0.0 0 0 4 0 0
-5907.1 6497.9 -209.4 275 0 36.9 35.9 14.0 0.0 0 0 4 1 1
-5950.0 6433.1 -210.8 184 0 74.0 17.6 14.0 3.5 2 0 4 4 4
-5872.7 5890.2 -202.3 184 0 42.7 30.5 10.5 0.0 0 0 3 5 5
-6009.7 5893.3 -203.0 288 0 50.0 78.1 14.0 0.0 0 1 4 2 2
-5530.0 5998.0 -204.8 5 0 43.1 184.2 10.5 0.0 0 1 3 3 3
-5911.3 5804.7 -201.8 187 0 69.1 51.8 14.0 0.0 0 0 4 4 4
-6097.8 5748.0 -201.6 286 0 8.7 54.3 10.5 0.0 0 1 3 2 2
-6097.3 5753.6 -201.7 108 0 8.8 30.8 10.5 3.5 2 1 3 5 5
-5794.9 4885.9 -198.9 355 0 8.2 14.8 10.5 3.5 2 1 3 5 5
-5921.2 4947.0 -204.4 74 0 36.0 10.7 10.5 3.5 2 0 3 2 2
-5960.6 4936.9 -205.4 96 0 8.8 22.4 10.5 0.0 0 1 3 3 3
5074.4 -8884.1 -201.2 242 0 15.1 29.2 14.0 3.5 2 1 4 4 4
4726.9 -8336.8 -197.0 336 0 21.2 19.5 17.5 3.5 2 0 5 5 5
-5531.6 5191.6 -199.5 173 0 44.6 8.7 10.5 0.0 0 0 3 5 5
-5521.0 5147.6 -197.7 188 0 39.8 10.8 10.5 3.5 2 0 3 4 4
-5468.4 5142.4 -197.0 24 0 50.0 12.0 10.5 3.5 2 0 3 4 4
-5449.0 5201.8 -197.8 294 0 8.0 32.2 10.5 3.5 2 1 3 3 3
-5523.1 5158.0 -197.8 93 0 4.3 9.4 10.5 3.5 2 1 3 3 3
-5548.9 4996.3 -195.5 245 0 28.5 12.4 14.0 3.5 2 0 4 2 2
-5530.4 4937.3 -194.5 63 0 6.5 45.8 10.5 3.5 2 1 3 4 4
-5513.7 4937.7 -192.6 64 0 18.1 11.7 14.0 3.5 4 0 4 1 1
-5699.0 5027.6 -201.8 81 0 30.9 22.9 10.5 0.0 0 0 3 2 2
-6003.9 4485.1 -200.4 293 0 8.6 15.8 10.5 3.5 2 1 3 1 1
-6851.2 5577.1 -202.7 184 0 25.4 15.0 14.0 3.5 2 0 4 2 2
-6865.4 5644.9 -202.3 185 0 32.8 35.6 14.0 0.0 0 1 4 1 1
-6774.7 5534.8 -204.1 4 0 20.3 7.0 10.5 3.5 2 0 3 3 3
-6776.2 5515.6 -204.3 4 0 11.3 3.2 10.5 3.5 2 0 3 2 2
-6526.8 6405.5 -208.8 184 0 23.3 28.7 7.5 0.0 0 0 3 2 2
-6530.5 6377.2 -208.7 184 0 28.4 29.5 7.5 0.0 0 0 3 0 0
-6262.1 5817.2 -203.3 173 0 24.8 16.7 7.5 2.5 2 0 3 1 1
-6263.8 5846.3 -203.7 180 0 24.8 16.7 7.5 2.5 4 0 3 2 2
-6262.7 5874.4 -204.1 185 0 24.8 16.7 10.0 2.5 2 0 4 2 2
-6189.2 5800.0 -203.2 97 0 16.6 26.9 10.0 2.5 2 1 4 3 3
-6173.3 5838.3 -203.4 13 0 24.8 16.7 7.5 2.5 2 0 3 1 1
-6167.9 5865.9 -203.7 9 0 24.8 16.7 7.5 2.5 2 0 3 4 4
-6263.2 5727.8 -202.1 93 0 17.2 31.9 10.0 0.0 0 1 4 1 1
-6260.8 5760.3 -202.6 93 0 17.1 31.9 7.5 0.0 0 1 3 5 5
-6206.9 5757.0 -203.2 103 0 17.2 31.9 10.0 0.0 0 1 4 4 4
-6209.7 5723.3 -202.7 93 0 17.1 31.9 10.0 0.0 0 1 4 2 2
-6203.7 5964.2 -206.0 274 0 22.7 21.9 7.5 2.5 2 0 3 1 1
-6500.1 5014.5 -197.0 137 0 55.4 69.3 14.0 0.0 0 1 4 1 1
-4976.6 4507.6 -211.3 88 0 46.6 28.1 14.0 0.0 0 0 4 5 5
-5089.3 4537.3 -205.0 110 0 13.9 44.7 14.0 3.5 4 1 4 5 5
-5026.4 4512.5 -208.4 88 0 11.1 32.6 14.0 0.0 0 1 4 5 5
-5573.5 5892.9 -202.9 182 0 133.5 29.2 14.0 0.0 0 0 4 1 1
-5164.4 5965.1 -207.0 94 0 90.1 24.5 14.0 0.0 0 0 4 1 1
-5287.3 5973.8 -207.2 95 0 131.3 25.7 14.0 0.0 0 0 4 1 1
-5366.5 5993.4 -204.8 5 0 22.8 147.9 14.0 0.0 0 1 4 0 0
-5509.3 5758.0 -201.2 5 0 95.0 27.5 10.5 0.0 0 0 3 0 0
-5500.4 5860.4 -202.6 5 0 85.1 26.1 14.0 0.0 0 0 4 2 2
-5509.7 5911.6 -203.5 95 0 24.9 58.3 14.0 3.5 2 1 4 4 4
-5491.6 5980.3 -203.8 5 0 21.6 24.6 14.0 3.5 2 1 4 1 1
-6314.8 4916.1 -200.2 109 0 10.8 9.4 10.5 3.5 2 0 3 3 3
-5848.6 5816.1 -201.8 184 0 19.8 97.7 14.0 0.0 0 1 4 2 2
-5380.4 4781.4 -203.0 89 0 7.9 7.4 10.5 3.5 2 0 3 2 2
-5009.5 4661.4 -209.7 180 0 5.4 17.9 10.5 3.5 2 0 3 1 1
-5861.0 5692.0 -198.7 185 0 47.3 36.5 14.0 0.0 0 0 4 1 1
-5854.0 5774.7 -200.1 185 0 45.8 20.1 14.0 3.5 2 0 4 4 4
-6104.7 5649.3 -200.8 275 0 26.4 13.0 10.5 3.5 2 0 3 5 5
-6016.6 5725.3 -202.2 110 0 22.2 58.5 14.0 3.5 2 1 4 0 0
-6039.9 5733.6 -202.0 111 0 20.6 32.2 14.0 0.0 0 1 4 5 5
-6004.4 5900.7 -203.3 108 0 65.2 19.3 14.0 0.0 0 0 4 2 2
-5798.8 5663.6 -199.3 94 0 34.3 62.8 14.0 0.0 0 1 4 2 2
-5756.0 5687.5 -201.1 4 0 64.2 21.9 14.0 3.5 2 0 4 1 1
-4900.5 4462.1 -210.6 327 0 36.2 15.0 14.0 3.5 2 0 4 2 2
-5008.0 4433.2 -207.2 237 0 13.1 22.9 10.5 3.5 2 1 3 3 3
-6092.0 4997.8 -203.5 287 0 12.7 10.3 14.0 3.5 2 0 4 4 4
-6436.2 5145.7 -198.4 302 0 9.9 37.2 10.5 0.0 0 1 3 1 1
-6396.7 4557.5 -203.8 293 0 15.6 30.7 14.0 3.5 4 1 4 4 4
-5856.9 5728.7 -199.1 183 0 21.7 41.2 14.0 3.5 2 1 4 2 2
-5697.8 5903.7 -204.1 275 0 51.4 19.2 14.0 3.5 2 0 4 0 0
-5085.1 -5016.0 -189.8 305 0 13.1 30.6 14.0 3.5 2 1 4 0 0
4936.2 -11173.1 -201.7 210 0 53.1 119.8 14.0 0.0 0 1 4 3 3
4327.2 -10432.4 -197.5 69 0 30.5 53.8 14.0 0.0 0 1 4 3 3
-6173.0 5683.8 -201.7 94 0 50.9 19.3 14.0 3.5 2 0 4 1 1
-6206.1 5686.1 -201.8 94 0 15.6 19.3 14.0 3.5 2 0 4 3 3
-6222.8 5687.2 -201.8 94 0 17.8 19.4 14.0 3.5 2 0 4 2 2
-6237.5 5688.3 -201.8 94 0 11.7 19.4 14.0 3.5 2 0 4 1 1
-6263.0 5699.8 -201.5 184 0 19.1 10.2 14.0 3.5 2 0 4 0 0
-6283.7 5706.9 -201.2 5 0 19.5 12.5 10.5 3.5 2 0 3 5 5
-6307.6 5693.1 -201.4 95 0 20.6 19.5 10.5 3.5 2 0 3 4 4
-6333.9 5695.3 -201.7 94 0 11.2 19.3 10.5 3.5 2 0 3 4 4
-6355.0 5696.7 -201.9 93 0 10.9 19.2 10.5 3.5 2 0 3 2 2
-6430.5 5814.0 -203.3 279 0 53.6 17.9 10.5 3.5 2 0 3 5 5
-6519.8 5693.3 -201.8 85 0 15.6 24.4 10.5 3.5 2 0 3 5 5
-6503.8 5694.8 -201.3 84 0 16.5 26.5 10.5 3.5 2 0 3 2 2
-6451.8 5782.4 -202.6 279 0 45.2 21.0 10.5 3.5 2 0 3 3 3
-6513.2 5718.3 -201.8 85 0 14.2 31.1 10.5 3.5 2 0 3 2 2
-6508.5 5760.3 -201.8 195 0 17.5 11.7 10.5 3.5 2 0 3 4 4
-6510.3 5783.8 -202.1 194 0 24.7 16.8 10.5 3.5 2 0 3 5 5
-6423.6 5697.4 -201.9 92 0 5.5 7.0 10.5 3.5 2 1 3 1 1
-5472.0 5087.5 -195.0 17 0 14.0 21.3 14.0 3.5 2 1 4 4 4
-5776.0 5171.1 -202.6 336 0 10.0 9.0 10.5 3.5 2 0 3 5 5
-5796.1 5167.6 -202.6 169 1 10.6 10.1 14.0 3.5 2 0 4 3 3
-6221.7 5456.0 -200.9 125 0 87.2 15.3 10.5 3.5 2 0 3 2 2
-6160.5 5408.8 -199.3 131 0 38.0 14.7 10.5 3.5 2 0 3 5 5
-6375.5 5082.3 -197.4 310 0 10.0 23.2 10.5 3.5 2 1 3 0 0
-6352.6 5060.9 -197.8 309 0 5.7 35.8 10.5 3.5 2 1 3 5 5
-6425.6 4894.6 -199.6 207 0 9.5 29.0 10.5 3.5 2 1 3 3 3
-6432.5 4915.5 -199.1 299 0 8.2 20.0 10.5 3.5 2 0 3 0 0
-6327.2 4807.3 -201.8 109 0 20.0 18.7 14.0 3.5 2 0 4 1 1
-6352.8 4815.3 -201.3 108 0 21.2 16.9 14.0 3.5 2 0 4 5 5
-6362.0 4835.5 -200.8 356 0 15.6 25.4 14.0 3.5 4 1 4 4 4
-5123.6 -6596.4 -198.0 229 0 36.9 88.7 14.0 0.0 0 1 4 0 0
-5227.7 -5901.0 -200.1 179 0 138.4 44.1 17.5 0.0 0 0 5 2 2
-6265.4 -6061.2 -200.7 336 0 56.7 18.0 12.5 2.5 2 0 5 0 0
-6250.2 -5818.8 -198.3 1 0 78.6 21.0 10.0 0.0 0 0 4 3 3
-5753.8 -4859.2 -189.1 272 0 107.2 197.8 17.5 0.0 0 1 5 4 4
-4189.6 -6732.1 -201.2 139 0 28.8 42.4 10.0 0.0 0 1 4 1 1
-4106.5 -6667.8 -201.4 324 0 27.5 55.2 12.5 2.5 2 1 5 3 3
-5550.2 -4049.9 -192.6 179 0 12.4 35.2 14.0 3.5 2 1 4 2 2
-4807.9 -4425.7 -192.1 79 0 36.5 17.3 17.5 3.5 2 0 5 0 0
-5873.6 5621.9 -197.7 190 0 23.7 52.4 14.0 3.5 2 1 4 2 2
-5314.7 5588.7 -198.4 3 0 13.6 69.4 10.5 3.5 2 1 3 0 0
-6042.8 5494.6 -198.2 290 0 15.6 34.6 14.0 3.5 4 1 4 4 4
-6033.5 5534.9 -198.8 292 0 11.0 32.2 14.0 0.0 0 1 4 5 5
-6021.0 5560.9 -199.8 21 0 36.6 10.8 14.0 0.0 0 0 4 1 1
-5890.9 5565.4 -197.4 196 0 72.1 22.5 14.0 0.0 0 0 4 4 4
-6059.6 5757.8 -201.9 110 0 25.5 16.0 14.0 3.5 2 0 4 4 4
-6072.7 5810.3 -202.0 289 0 14.5 16.5 14.0 3.5 2 0 4 1 1
-6084.3 5750.2 -201.7 109 0 14.0 32.7 14.0 3.5 2 1 4 2 2
-5322.0 6611.1 -208.5 284 0 11.3 19.7 5.0 2.5 2 1 2 1 1
-5287.5 6581.0 -208.3 313 0 16.4 19.7 7.5 2.5 2 1 3 0 0
-5273.4 6575.4 -208.3 222 0 17.2 15.4 10.0 2.5 4 0 4 0 0
-5300.3 6531.2 -207.4 277 0 12.4 18.7 7.5 2.5 4 1 3 4 4
-5325.6 6528.6 -207.5 265 0 15.1 19.8 7.5 2.5 2 1 3 3 3
-5311.3 6501.7 -207.8 265 0 12.9 20.0 7.5 0.0 0 1 3 5 5
-5335.9 6499.9 -208.1 265 0 14.9 19.3 7.5 2.5 2 1 3 5 5
-5349.4 6524.3 -207.9 265 0 14.0 19.6 7.5 0.0 0 1 3 0 0
-5360.0 6553.6 -207.7 274 0 12.5 18.3 2.5 2.5 2 1 1 4 4
-5390.5 6588.8 -207.7 275 0 7.8 18.6 5.0 2.5 2 1 2 3 3
-5399.5 6532.6 -207.4 290 0 14.0 19.1 10.0 0.0 0 1 4 1 1
-5381.3 6548.8 -208.0 273 0 13.0 19.8 10.0 2.5 2 1 4 3 3
-5371.7 6597.7 -207.9 270 0 6.9 21.7 7.5 0.0 0 1 3 2 2
-5620.8 6510.7 -207.2 158 0 18.2 13.6 5.0 2.5 2 0 2 4 4
-5546.9 6525.1 -209.1 274 0 8.8 15.0 5.0 2.5 2 1 2 4 4
-5511.6 6561.3 -208.7 326 0 14.1 20.1 10.0 2.5 2 1 4 4 4
-5469.2 6579.3 -207.6 264 0 18.8 14.8 7.5 2.5 2 0 3 0 0
-5429.8 6602.3 -207.2 307 0 12.3 18.4 5.0 2.5 2 1 2 5 5
-5408.2 6602.2 -207.5 290 0 13.0 20.6 7.5 2.5 2 1 3 2 2
-5405.2 6483.5 -206.4 279 0 14.0 17.7 5.0 2.5 4 1 2 3 3
-5414.4 6550.5 -207.3 290 0 13.6 17.3 5.0 0.0 0 1 2 1 1
-5341.6 6551.8 -207.4 274 0 14.6 13.5 2.5 2.5 2 0 1 5 5
-5302.9 6448.2 -208.1 92 0 14.6 13.1 5.0 2.5 2 0 2 3 3
-5302.0 6442.5 -208.0 92 0 12.2 18.8 7.5 2.5 2 0 3 2 2
-5281.0 6446.6 -207.7 92 0 9.7 15.6 5.0 2.5 2 1 2 3 3
-5279.5 6464.4 -207.8 272 0 14.0 11.2 10.0 2.5 2 0 4 2 2
-5257.5 6469.7 -207.5 272 0 14.0 17.4 2.5 2.5 2 0 1 0 0
-5261.5 6471.6 -207.5 272 0 5.7 19.2 7.5 2.5 2 0 3 2 2
-5371.5 6514.0 -208.0 265 0 13.9 20.9 10.0 2.5 2 1 4 2 2
-5286.5 6503.3 -207.8 264 0 13.0 16.5 2.5 2.5 2 1 1 2 2
-5279.4 6531.2 -207.4 264 0 12.3 17.8 5.0 2.5 2 1 2 2 2
-5260.1 6518.4 -207.6 264 0 10.7 20.0 2.5 0.0 0 1 1 3 3
-5250.8 6555.0 -207.6 312 0 14.5 17.3 7.5 2.5 2 1 3 4 4
-5239.4 6543.4 -207.2 254 0 11.9 16.2 2.5 2.5 2 1 1 0 0
-5234.0 6488.2 -207.2 275 0 8.3 19.4 7.5 2.5 2 1 3 1 1
-5237.8 6438.1 -207.1 115 0 12.4 19.4 2.5 2.5 4 1 1 5 5
-5208.9 6441.8 -206.6 122 0 13.5 17.2 5.0 2.5 2 1 2 3 3
-5207.1 6520.6 -206.9 315 0 13.6 17.1 5.0 2.5 2 1 2 5 5
-5180.7 6486.0 -206.1 255 0 10.2 13.6 5.0 2.5 2 1 2 3 3
-5199.6 6504.6 -206.6 241 0 14.9 15.4 5.0 2.5 2 1 2 3 3
-5165.9 6446.5 -206.4 32 0 13.5 17.2 2.5 2.5 2 1 1 2 2
-5235.7 6590.3 -208.7 237 0 10.2 16.0 2.5 2.5 2 1 1 1 1
-5218.4 6574.1 -208.0 221 0 10.3 13.5 5.0 2.5 4 1 2 5 5
-5195.6 6607.8 -207.8 241 0 14.9 15.4 5.0 2.5 2 1 2 3 3
-5170.1 6604.7 -206.9 227 0 10.2 13.5 7.5 0.0 0 1 3 5 5
-5139.8 6576.4 -206.0 241 0 14.9 15.4 5.0 2.5 2 1 2 3 3
-5103.0 6599.9 -205.8 276 0 10.3 13.6 5.0 2.5 2 1 2 1 1
-5105.9 6575.6 -205.7 276 0 10.3 13.6 5.0 2.5 2 1 2 4 4
-5026.7 6562.5 -205.6 50 0 17.1 13.5 7.5 2.5 2 0 3 4 4
-5054.2 6585.8 -205.6 230 0 10.2 13.5 7.5 2.5 2 1 3 0 0
-5021.7 6538.0 -205.5 2 0 7.7 18.5 2.5 2.5 2 1 1 1 1
-5083.7 6524.9 -205.6 50 0 17.1 13.5 5.0 2.5 2 0 2 1 1
-5064.6 6506.4 -205.7 50 0 17.1 13.5 5.0 2.5 2 0 2 2 2
-5194.3 6347.7 -208.1 49 0 10.1 17.7 5.0 2.5 2 1 2 3 3
-5181.9 6364.8 -208.3 55 0 10.1 17.7 5.0 2.5 4 1 2 4 4
-5125.4 6364.2 -208.4 95 0 14.2 19.5 7.5 2.5 2 1 3 2 2
-5166.5 6379.6 -208.1 60 0 10.1 17.7 5.0 2.5 2 1 2 0 0
-5148.0 6394.4 -207.7 73 0 10.1 17.7 5.0 2.5 2 1 2 4 4
-6566.3 5992.3 -205.1 275 0 25.8 15.7 7.5 2.5 2 0 3 3 3
-5120.3 6405.0 -207.4 359 0 10.7 14.2 5.0 2.5 2 1 2 0 0
-5098.7 6406.5 -207.4 4 0 11.7 15.4 5.0 2.5 2 1 2 0 0
-5106.5 6455.8 -206.7 326 0 10.1 17.7 5.0 2.5 4 1 2 3 3
-6707.5 6000.1 -204.2 273 0 20.7 20.7 7.5 0.0 0 1 3 5 5
-6523.5 5972.4 -204.7 95 0 25.7 15.7 10.0 2.5 2 0 4 2 2
-6680.2 6024.0 -205.0 95 0 12.3 28.5 7.5 0.0 0 1 3 3 3
-6627.4 6019.7 -205.2 96 0 12.2 28.6 10.0 0.0 0 1 4 1 1
-6575.3 6015.0 -205.7 96 0 12.2 28.6 12.5 0.0 0 1 5 4 4
-6312.4 6037.2 -206.1 185 0 22.3 26.7 7.5 0.0 0 1 3 3 3
-6315.2 6009.6 -205.7 185 0 22.3 26.7 10.0 0.0 0 1 4 5 5
-6152.5 6061.5 -206.7 278 0 14.4 27.8 12.5 0.0 0 1 5 4 4
-6062.0 6013.9 -203.7 4 0 22.3 26.7 7.5 0.0 0 1 3 1 1
-6076.6 5975.1 -203.5 84 0 22.1 25.8 7.5 0.0 0 1 3 1 1
-5143.6 4508.2 -199.0 200 0 28.2 18.3 14.0 3.5 2 0 4 1 1
-5368.9 4824.4 -201.6 90 0 8.8 37.5 10.5 3.5 2 1 3 3 3
-5335.9 4857.1 -199.5 270 0 38.7 10.2 14.0 3.5 2 0 4 2 2
-5102.4 -3114.5 -190.8 98 0 9.8 48.3 10.5 3.5 2 1 3 4 4
-5128.4 -3109.4 -191.1 8 0 47.1 11.9 14.0 3.5 2 0 4 3 3
-5120.9 -3049.2 -189.1 7 0 60.9 11.4 14.0 3.5 2 0 4 0 0
-5113.1 -2992.4 -189.3 8 0 41.8 11.8 14.0 3.5 4 0 4 2 2
-5107.7 -2951.6 -190.7 8 0 26.2 11.9 14.0 3.5 2 0 4 4 4
-5140.2 -2934.3 -191.7 277 0 10.6 56.2 14.0 3.5 2 0 4 2 2
-5146.5 -3025.7 -189.1 7 0 60.7 10.4 14.0 3.5 2 0 4 3 3
-5078.7 -3117.5 -191.1 97 0 10.2 48.0 14.0 3.5 2 1 4 4 4
-5055.0 -3121.0 -191.4 97 0 10.1 47.9 14.0 3.5 2 1 4 5 5
-5012.8 -3126.5 -192.1 98 0 9.0 47.2 10.5 3.5 2 1 3 3 3
-4976.5 -3077.9 -193.1 280 0 19.2 53.9 14.0 3.5 2 1 4 1 1
-4976.0 -3071.3 -190.5 98 0 19.7 54.2 14.0 3.5 2 1 4 0 0
-5008.4 -3071.8 -190.0 98 0 16.8 59.2 14.0 3.5 2 1 4 0 0
-5031.2 -3008.2 -189.5 277 0 17.1 59.4 14.0 3.5 2 1 4 1 1
-5068.8 -3063.5 -189.1 97 0 17.5 58.7 14.0 3.5 2 1 4 2 2
-5098.1 -3059.4 -188.7 98 0 14.5 58.1 14.0 3.5 2 1 4 2 2
-5079.3 -2994.6 -189.4 97 0 10.9 55.7 14.0 3.5 2 1 4 5 5
-5054.3 -2997.6 -188.5 98 0 10.4 55.6 14.0 3.5 2 1 4 5 5
-5026.6 -3001.8 -187.5 97 0 10.9 55.5 14.0 3.5 2 1 4 3 3
-5000.6 -3005.4 -187.5 96 0 11.3 55.8 14.0 3.5 2 1 4 0 0
-4968.2 -3010.1 -188.0 97 0 21.6 53.5 14.0 3.5 2 1 4 5 5
-5148.1 -2909.3 -194.3 96 0 39.4 16.4 14.0 0.0 0 0 4 5 5
-5139.9 -3149.7 -192.2 6 0 7.3 7.4 10.5 3.5 2 1 3 2 2
-5095.3 -2872.3 -195.1 7 0 84.7 11.0 14.0 3.5 2 0 4 3 3
-5206.0 -2785.1 -201.0 198 0 45.0 10.1 14.0 3.5 2 0 4 1 1
-5170.1 -2768.7 -199.9 279 0 11.7 45.0 14.0 3.5 2 1 4 3 3
-5142.6 -2773.1 -198.6 278 0 12.6 44.7 14.0 0.0 0 1 4 5 5
-5113.0 -2799.2 -197.3 8 0 46.6 10.5 14.0 3.5 2 0 4 5 5
-5088.3 -2802.3 -196.1 7 0 44.3 9.7 10.5 3.5 2 0 3 1 1
-5081.4 -2719.0 -196.7 278 0 9.7 40.9 10.5 3.5 2 1 3 0 0
-5108.6 -2715.2 -198.0 276 0 10.3 31.4 14.0 3.5 2 1 4 0 0
-5074.4 -2855.9 -193.3 277 0 11.8 57.4 14.0 3.5 2 0 4 2 2
-5073.2 -2848.5 -194.7 98 0 11.3 39.4 17.5 0.0 0 1 5 3 3
-5069.5 -2785.8 -195.1 188 0 35.2 10.3 17.5 3.5 4 0 5 0 0
-5055.5 -2721.8 -195.5 277 0 10.5 41.5 17.5 0.0 0 1 5 4 4
-5049.9 -2859.3 -192.4 278 0 12.7 46.9 14.0 3.5 2 1 4 5 5
-5026.7 -2910.8 -190.4 278 0 72.4 16.9 14.0 3.5 2 0 4 2 2
-4947.0 -2859.4 -189.3 98 0 20.6 58.4 17.5 3.5 2 1 5 4 4
-4987.6 -2823.8 -190.9 188 0 58.4 19.1 17.5 0.0 0 0 5 3 3
-4972.7 -2788.3 -191.7 97 0 20.1 60.4 17.5 3.5 2 1 5 4 4
-4938.0 -2793.5 -190.0 98 0 19.5 60.3 14.0 0.0 0 1 4 3 3
-4952.1 -3087.2 -193.6 188 0 85.6 10.5 17.5 3.5 2 0 5 2 2
-4913.0 -3112.9 -193.3 5 0 18.6 18.7 17.5 3.5 2 1 5 5 5
-4904.5 -3054.0 -190.9 5 0 19.2 20.7 17.5 0.0 0 1 5 5 5
-4929.5 -2956.3 -189.7 277 0 10.8 84.0 17.5 3.5 2 1 5 3 3
-4903.0 -2999.1 -189.8 8 0 74.9 11.4 17.5 3.5 2 0 5 5 5
3819.4 -8937.9 -206.2 28 0 11.6 18.0 17.5 3.5 2 1 5 0 0
-5335.8 -2660.7 -204.6 100 0 49.2 22.4 14.0 0.0 0 0 4 2 2
-5047.0 -2852.3 -193.4 99 0 11.6 39.9 17.5 0.0 0 1 5 4 4
-5032.2 -2789.8 -193.8 8 0 34.3 10.7 17.5 3.5 2 0 5 5 5
-5027.3 -2746.4 -194.4 7 0 41.5 10.4 17.5 3.5 2 0 5 4 4
-4889.6 -2982.9 -188.8 188 0 42.2 12.1 17.5 3.5 2 0 5 0 0
-4857.5 -2966.1 -189.1 278 0 12.0 41.7 17.5 3.5 2 1 5 2 2
-4835.5 -2969.1 -188.9 277 0 12.3 41.1 17.5 3.5 2 1 5 1 1
-4820.8 -3075.1 -192.0 99 0 18.3 99.9 17.5 0.0 0 1 5 4 4
-5015.2 -2850.1 -193.5 97 0 32.8 125.8 17.5 0.0 0 1 5 0 0
-4772.3 -2785.3 -188.6 8 0 30.4 48.2 14.0 0.0 0 1 4 1 1
-4912.6 -2876.2 -186.7 279 0 12.8 65.2 17.5 3.5 2 1 5 2 2
-4888.7 -2880.2 -186.1 279 0 13.2 65.0 17.5 3.5 2 1 5 3 3
-4860.9 -2881.0 -186.2 278 0 16.5 67.1 17.5 3.5 2 1 5 5 5
-4829.4 -2883.4 -187.0 279 0 18.3 68.1 17.5 0.0 0 1 5 1 1
-4790.4 -2923.6 -188.1 9 0 67.3 24.3 17.5 0.0 0 0 5 2 2
-4778.8 -2846.7 -187.3 8 0 63.1 23.2 14.0 3.5 2 0 4 1 1
-4819.5 -2809.9 -186.4 277 0 20.4 62.0 14.0 3.5 4 1 4 0 0
-4851.3 -2807.0 -188.2 278 0 17.7 59.2 14.0 3.5 2 1 4 2 2
-4879.3 -2805.1 -188.1 278 0 14.3 67.7 14.0 3.5 2 1 4 2 2
-4903.7 -2802.4 -188.0 277 0 11.9 66.5 14.0 0.0 0 1 4 3 3
-4871.9 -2479.7 -198.8 65 0 11.9 44.9 17.5 3.5 2 1 5 5 5
-4849.2 -2466.1 -199.4 65 0 12.0 44.9 17.5 3.5 2 1 5 2 2
-4823.5 -2454.1 -199.9 65 0 12.0 44.9 17.5 3.5 2 1 5 0 0
-4792.4 -2442.1 -200.5 65 0 12.0 44.9 17.5 3.5 4 1 5 2 2
-4880.4 -2372.2 -200.8 266 0 13.8 42.5 17.5 3.5 2 1 5 2 2
-4910.6 -2374.0 -200.6 266 0 13.8 42.4 17.5 3.5 4 1 5 4 4
-4940.3 -2376.4 -200.3 266 0 13.8 42.5 17.5 0.0 0 1 5 5 5
-4970.3 -2378.4 -200.0 266 0 13.8 42.5 17.5 3.5 2 1 5 0 0
-5006.1 -2402.4 -199.8 176 0 42.5 13.8 17.5 3.5 2 0 5 4 4
-5755.0 -3759.6 -194.1 116 0 9.7 10.4 10.5 3.5 2 1 3 1 1
-5748.0 -3746.5 -194.4 116 0 9.7 10.4 10.5 3.5 2 1 3 5 5
-5760.9 -3740.6 -194.4 116 0 9.7 10.4 10.5 3.5 2 1 3 1 1
-5741.3 -3732.5 -194.8 116 0 9.7 10.4 10.5 3.5 2 1 3 0 0
-5754.2 -3726.6 -194.8 116 0 9.7 10.4 10.5 3.5 4 1 3 4 4
-5749.7 -3706.4 -195.2 206 0 10.4 9.7 10.5 3.5 4 0 3 1 1
-5727.0 -3703.5 -195.6 116 0 9.7 10.4 10.5 3.5 2 1 3 4 4
-5713.8 -3709.8 -195.6 116 0 9.7 10.4 10.5 3.5 2 1 3 2 2
-5714.8 -3680.6 -196.0 296 0 9.7 10.4 10.5 3.5 2 1 3 2 2
-5734.3 -3677.2 -196.0 206 0 10.4 9.7 10.5 3.5 2 0 3 5 5
-5789.8 -3758.7 -193.7 116 0 9.7 10.4 10.5 3.5 2 1 3 2 2
-5798.2 -3732.4 -194.1 206 0 10.4 9.7 10.5 3.5 2 0 3 2 2
-5776.7 -3732.2 -194.4 116 0 9.6 10.4 10.5 3.5 2 1 3 5 5
-5791.7 -3719.5 -194.4 206 0 10.4 9.7 10.5 3.5 4 0 3 5 5
-5765.6 -3698.8 -195.2 206 0 10.4 9.7 10.5 3.5 2 0 3 5 5
-5757.9 -3683.1 -195.6 206 0 10.4 9.7 10.5 3.5 2 0 3 2 2
-5770.8 -3677.2 -195.6 206 0 10.4 9.7 10.5 0.0 0 0 3 0 0
-5827.6 -3750.9 -193.3 206 0 10.4 9.7 10.5 3.5 2 0 3 4 4
-5840.5 -3744.9 -193.3 206 0 10.4 9.7 10.5 3.5 2 0 3 4 4
-5833.8 -3732.0 -193.7 206 0 10.4 9.7 10.5 3.5 2 0 3 2 2
-5814.7 -3724.5 -194.1 206 0 10.4 9.7 10.5 3.5 2 0 3 1 1
-5827.6 -3718.6 -194.1 206 0 10.4 9.7 10.5 3.5 2 0 3 0 0
-5801.4 -3698.1 -194.8 206 0 10.4 9.7 10.5 3.5 2 0 3 1 1
-5814.3 -3692.1 -194.8 206 0 10.4 9.7 10.5 3.5 2 0 3 4 4
-5794.6 -3684.5 -195.2 206 0 10.4 9.7 10.5 3.5 2 0 3 2 2
-5779.9 -3654.5 -196.0 206 0 10.4 9.7 10.5 3.5 2 0 3 2 2
-5785.1 -3635.0 -196.4 206 0 10.4 9.6 10.5 3.5 2 0 3 3 3
-5771.6 -3606.4 -197.0 206 0 10.4 9.7 10.5 3.5 2 0 3 3 3
-5751.9 -3599.0 -196.8 206 0 10.4 9.6 10.5 3.5 2 0 3 2 2
-5737.6 -3569.3 -197.3 206 0 10.4 9.7 10.5 0.0 0 0 3 1 1
-5750.5 -3563.3 -197.2 206 0 10.4 9.7 10.5 3.5 2 0 3 0 0
-5729.8 -3626.4 -196.9 206 0 10.4 9.7 10.5 0.0 0 0 3 1 1
-5735.9 -3606.2 -196.7 206 0 10.4 9.6 10.5 3.5 2 0 3 1 1
-5728.3 -3590.5 -197.1 206 0 10.4 9.7 10.5 0.0 0 0 3 4 4
-5714.4 -3574.6 -197.4 296 0 9.7 10.4 10.5 0.0 0 1 3 1 1
-5727.9 -3664.1 -196.4 206 0 10.4 9.7 10.5 3.5 2 0 3 1 1
-5702.1 -3654.5 -196.7 296 0 9.6 10.4 10.5 3.5 2 1 3 4 4
-5858.0 -3736.0 -193.3 26 0 10.4 9.7 10.5 3.5 2 0 3 4 4
-5850.8 -3722.4 -193.7 26 0 10.4 9.7 10.5 3.5 2 0 3 5 5
-5863.7 -3716.5 -193.7 26 0 10.4 9.7 10.5 3.5 2 0 3 4 4
-5844.0 -3708.6 -194.1 26 0 10.4 9.7 10.5 3.5 2 0 3 4 4
-5837.1 -3695.8 -194.5 26 0 10.4 9.7 10.5 0.0 0 0 3 5 5
-5850.0 -3689.9 -194.4 26 0 10.4 9.6 10.5 3.5 2 0 3 4 4
-5822.9 -3633.4 -196.0 26 0 10.4 9.6 10.5 3.5 2 0 3 5 5
-5803.2 -3626.1 -196.4 26 0 10.4 9.7 10.5 3.5 2 0 3 0 0
-5816.2 -3620.1 -196.4 26 0 10.4 9.6 10.5 3.5 2 0 3 3 3
-5809.4 -3605.9 -196.8 26 0 10.4 9.7 10.5 3.5 2 0 3 3 3
-5801.7 -3591.5 -197.1 26 0 10.4 9.7 10.5 3.5 2 0 3 0 0
-5781.7 -3583.0 -196.9 26 0 10.4 9.7 10.5 3.5 2 0 3 0 0
-5774.1 -3567.6 -196.7 26 0 10.4 9.7 10.5 3.5 2 0 3 1 1
-5787.0 -3561.7 -196.7 26 0 10.4 9.7 10.5 3.5 2 0 3 0 0
-5768.0 -3555.6 -197.0 26 0 10.4 9.7 10.5 3.5 2 0 3 3 3
-5780.9 -3549.6 -196.9 26 0 10.4 9.7 10.5 3.5 2 0 3 2 2
-5762.6 -3543.7 -197.3 26 0 10.4 9.7 10.5 3.5 2 0 3 2 2
-5756.3 -3532.3 -197.6 26 0 10.4 9.7 10.5 3.5 2 0 3 5 5
-5769.2 -3526.3 -197.5 26 0 10.4 9.7 10.5 3.5 2 0 3 2 2
-5750.3 -3520.2 -197.8 26 0 10.4 9.7 10.5 3.5 2 0 3 1 1
-5763.2 -3514.3 -197.8 26 0 10.4 9.7 10.5 3.5 2 0 3 3 3
-5816.0 -3583.3 -197.1 26 0 10.4 9.6 10.5 0.0 0 0 3 4 4
-5809.2 -3569.8 -197.0 26 0 10.4 9.7 10.5 3.5 2 0 3 4 4
-5830.8 -3559.7 -197.1 206 0 10.4 9.7 10.5 3.5 2 0 3 2 2
-5817.1 -3532.9 -196.7 206 0 10.4 9.7 10.5 3.5 2 0 3 1 1
-5789.4 -3530.9 -197.0 26 0 10.4 9.7 10.5 3.5 2 0 3 5 5
-5811.0 -3520.7 -197.0 206 0 10.4 9.7 10.5 3.5 2 0 3 2 2
-5753.0 -3494.3 -197.9 26 0 10.4 9.6 10.5 3.5 2 0 3 0 0
-5746.4 -3481.3 -198.0 26 0 10.4 9.6 10.5 3.5 2 0 3 5 5
-5727.2 -3475.1 -198.0 26 0 10.4 9.6 10.5 3.5 2 0 3 0 0
-5740.1 -3469.1 -198.1 26 0 10.4 9.7 10.5 3.5 4 0 3 1 1
-5721.5 -3462.9 -197.9 26 0 10.4 9.7 10.5 3.5 2 0 3 1 1
-5734.4 -3456.9 -198.1 26 0 10.4 9.7 10.5 3.5 4 0 3 5 5
-5707.5 -3436.4 -197.8 26 0 10.4 9.7 10.5 3.5 2 0 3 1 1
-5720.4 -3430.5 -197.8 26 0 10.4 9.7 10.5 3.5 2 0 3 5 5
-5700.7 -3422.2 -198.0 26 0 10.4 9.7 10.5 3.5 2 0 3 1 1
-5767.2 -3486.8 -198.0 26 0 10.4 9.7 10.5 3.5 4 0 3 2 2
-5788.8 -3476.7 -198.0 206 0 10.4 9.7 10.5 3.5 2 0 3 1 1
-5761.2 -3474.3 -198.1 26 0 10.4 9.7 10.5 3.5 2 0 3 1 1
-5782.8 -3464.2 -198.1 206 0 10.4 9.7 10.5 3.5 2 0 3 1 1
-5843.6 -3639.1 -195.7 26 0 10.4 9.7 10.5 3.5 2 0 3 0 0
-5865.2 -3628.9 -195.6 206 0 10.4 9.6 10.5 3.5 2 0 3 3 3
-5873.2 -3644.6 -195.2 206 0 10.4 9.7 10.5 3.5 2 0 3 5 5
-5885.2 -3606.8 -196.1 116 0 9.7 10.4 10.5 3.5 2 1 3 0 0
-5897.9 -3600.8 -196.1 116 0 9.7 10.4 10.5 3.5 2 1 3 0 0
-5910.8 -3594.9 -196.0 116 0 9.7 10.4 10.5 3.5 2 1 3 0 0
-5925.1 -3587.7 -196.0 116 0 9.6 10.4 10.5 3.5 2 1 3 3 3
-5886.1 -3578.3 -196.4 296 0 9.6 10.4 10.5 3.5 2 1 3 3 3
-5899.0 -3572.4 -196.4 296 0 9.7 10.4 10.5 3.5 2 1 3 0 0
-5722.8 -3551.2 -197.6 296 0 9.7 10.4 10.5 3.5 2 1 3 1 1
-5742.3 -3547.9 -197.6 206 0 10.4 9.7 10.5 3.5 2 0 3 0 0
-5717.7 -3539.4 -197.7 296 0 9.7 10.4 10.5 3.5 2 1 3 0 0
-5693.7 -3565.2 -197.5 296 0 9.6 10.4 10.5 3.5 2 1 3 5 5
-5706.6 -3559.2 -197.5 296 0 9.7 10.4 10.5 3.5 2 1 3 4 4
-5691.2 -3644.8 -196.9 26 0 10.4 9.7 10.5 0.0 0 0 3 4 4
-5704.1 -3638.8 -196.9 26 0 10.4 9.7 10.5 3.5 2 0 3 0 0
-5684.9 -3630.6 -197.0 26 0 10.4 9.7 10.5 3.5 2 0 3 3 3
-5679.2 -3572.7 -197.4 296 0 9.7 10.4 10.5 3.5 2 1 3 0 0
-5985.4 -3750.7 -193.8 102 0 12.2 14.9 14.0 3.5 2 0 4 2 2
-5973.7 -3713.0 -194.1 12 0 14.9 12.2 14.0 3.5 2 0 4 0 0
-5985.0 -3676.6 -194.4 281 0 6.1 15.9 10.5 3.5 2 0 3 0 0
-6060.2 -3722.9 -194.3 191 0 10.9 10.1 14.0 3.5 2 0 4 2 2
-6043.9 -3745.3 -194.1 102 0 12.2 14.9 14.0 3.5 2 0 4 5 5
-6058.1 -3710.8 -194.5 191 0 14.6 10.0 14.0 3.5 2 0 4 0 0
-6054.5 -3691.4 -194.6 191 0 10.9 10.1 14.0 3.5 2 0 4 0 0
-5779.6 -3791.5 -192.9 270 0 12.3 68.2 17.5 3.5 2 1 5 0 0
-5823.7 -3792.6 -192.4 270 0 12.9 56.8 17.5 3.5 2 1 5 4 4
-5865.9 -3792.7 -192.5 270 0 12.9 56.8 17.5 3.5 2 1 5 1 1
-5886.9 -3928.8 -191.8 90 0 12.9 56.8 17.5 3.5 2 1 5 4 4
-5845.7 -3927.4 -191.6 90 0 12.9 56.8 17.5 3.5 2 1 5 1 1
-5804.4 -3913.5 -191.3 91 0 12.9 41.8 17.5 3.5 2 1 5 1 1
-6057.9 -3920.2 -192.6 90 0 13.5 45.5 17.5 3.5 2 1 5 5 5
-6013.6 -3925.3 -192.5 90 0 11.9 62.2 17.5 3.5 2 1 5 2 2
-5933.0 -3926.0 -192.1 90 0 11.9 62.2 17.5 0.0 0 1 5 0 0
-5972.5 -3905.3 -192.2 90 0 11.9 36.2 17.5 3.5 2 1 5 0 0
-5987.0 -3926.2 -191.9 89 0 30.6 20.8 17.5 3.5 2 0 5 1 1
-6058.4 -3791.2 -193.5 270 0 13.6 45.5 17.5 0.0 0 1 5 5 5
-6096.7 -3788.8 -193.8 270 0 14.2 59.0 17.5 3.5 2 1 5 2 2
-6097.1 -3916.9 -193.0 91 0 14.8 59.0 17.5 3.5 2 1 5 4 4
-5647.4 -3772.7 -196.9 91 0 57.8 84.1 17.5 0.0 0 1 5 2 2
-5301.0 -3095.5 -191.9 108 0 12.3 44.3 17.5 3.5 2 1 5 2 2
-5260.1 -2978.0 -193.5 289 0 12.7 44.3 17.5 3.5 2 0 5 1 1
-5286.4 -3034.8 -192.3 199 0 35.9 12.7 17.5 3.5 2 0 5 4 4
-5444.3 -3108.8 -199.8 101 0 15.5 31.3 10.0 0.0 0 1 4 5 5
-5508.2 -3120.6 -199.4 102 0 11.8 28.2 7.5 0.0 0 1 3 4 4
-5505.0 -3070.4 -199.8 192 0 16.4 22.5 7.5 0.0 0 1 3 1 1
-4494.4 7497.3 -207.3 116 0 50.1 37.5 10.5 0.0 0 0 3 4 4
2421.1 -6892.5 -201.7 323 0 38.5 24.7 14.0 0.0 0 0 4 4 4
2544.8 -6807.7 -201.2 173 0 54.6 56.1 10.0 0.0 0 1 4 0 0
405.2 1794.9 -193.7 173 0 45.5 17.5 14.0 0.0 0 0 4 0 0
-5064.9 -3346.6 -190.3 88 0 4.9 26.0 7.5 0.0 0 1 3 4 4
5151.3 -10938.9 -212.6 0 0 44.7 28.5 17.5 3.5 2 0 5 0 0
-4824.0 -3323.1 -197.7 357 0 70.8 19.9 17.5 0.0 0 0 5 4 4
-4862.4 -3360.3 -197.1 86 0 11.1 70.4 17.5 3.5 2 1 5 1 1
-3407.8 1236.7 -146.4 179 0 12.7 34.0 14.0 3.5 2 1 4 5 5
-3457.5 1284.0 -159.2 0 0 12.0 10.5 14.0 3.5 2 0 4 1 1
-3483.3 1276.0 -160.3 179 0 19.1 12.2 14.0 3.5 2 0 4 2 2
-3482.0 1247.6 -157.4 179 0 35.8 12.5 14.0 0.0 0 0 4 1 1
-3445.3 1214.9 -148.9 269 0 23.0 18.1 14.0 3.5 2 0 4 4 4
-3424.2 1210.5 -144.1 268 0 16.4 13.2 14.0 3.5 2 0 4 0 0
-3406.0 1210.7 -141.9 269 0 15.7 13.3 14.0 3.5 2 0 4 5 5
-3388.1 1255.6 -151.6 86 0 33.1 22.7 17.5 0.0 0 0 5 0 0
-3427.7 1361.6 -170.1 178 0 30.5 12.6 17.5 3.5 4 0 5 1 1
-3354.5 1252.8 -147.8 87 0 11.5 26.6 17.5 3.5 2 0 5 4 4
-3326.0 1254.4 -146.0 87 0 11.5 26.6 17.5 3.5 2 0 5 5 5
-3340.3 1253.6 -145.2 87 0 17.0 14.7 17.5 3.5 2 0 5 3 3
-3408.8 1556.1 -188.2 183 0 10.0 34.2 14.0 3.5 2 1 4 2 2
-2081.4 -3357.0 -186.0 229 0 25.1 34.7 14.0 0.0 0 1 4 5 5
-3601.6 -3731.4 -191.5 252 0 38.2 17.1 17.5 3.5 2 0 5 4 4
-3966.6 -3659.4 -200.2 131 0 43.2 42.0 14.0 0.0 0 0 4 1 1
-4016.0 -3715.0 -196.3 128 0 50.0 50.4 17.5 0.0 0 1 5 3 3
-4005.8 -3595.9 -194.8 38 0 58.1 18.8 14.0 3.5 4 0 4 5 5
-4111.9 -3464.3 -186.7 24 0 24.3 51.5 14.0 3.5 2 1 4 0 0
-2767.4 -4093.1 -189.8 307 0 41.8 57.5 17.5 0.0 0 1 5 1 1
-44.3 4340.6 -203.7 84 0 117.3 216.1 17.5 0.0 0 1 5 2 2
-4061.8 -3811.0 -196.9 216 0 41.2 49.8 17.5 0.0 0 1 5 3 3
-4000.4 -3949.2 -197.8 218 0 26.1 33.7 14.0 0.0 0 1 4 3 3
-4017.8 -3998.3 -199.9 130 0 28.5 13.0 14.0 3.5 2 0 4 1 1
-4049.4 -3648.9 -191.0 41 0 63.7 19.8 14.0 3.5 4 0 4 4 4
-4197.1 -3755.4 -193.2 221 0 32.9 22.9 14.0 0.0 0 0 4 1 1
-4390.6 -3904.2 -199.8 221 0 100.0 72.0 17.5 0.0 0 0 5 3 3
-4257.0 -3623.7 -188.7 206 0 46.8 76.5 14.0 0.0 0 1 4 0 0
-4147.8 -3708.9 -189.5 121 0 37.7 47.3 14.0 0.0 0 1 4 2 2
3299.2 -1244.7 -203.9 357 0 385.6 108.6 14.0 0.0 0 0 4 0 0
1541.9 -9664.6 -175.7 122 0 24.4 47.3 17.5 0.0 0 1 5 3 3
1558.1 -9523.7 -165.6 62 0 80.0 28.6 17.5 0.0 0 0 5 0 0
-193.1 -8837.2 -182.6 148 0 66.2 24.4 17.5 0.0 0 0 5 4 4
-234.6 -8725.7 -183.1 235 0 55.5 60.4 17.5 0.0 0 1 5 1 1
-1368.3 -9414.4 -178.3 130 0 34.7 8.4 10.5 3.5 4 0 3 3 3
4685.7 -8150.2 -200.9 62 0 10.2 40.0 14.0 0.0 0 1 4 2 2
4705.2 -8139.3 -200.6 62 0 9.6 39.3 10.5 3.5 2 1 3 5 5
4743.2 -8118.6 -200.0 61 0 10.2 37.2 14.0 3.5 2 1 4 2 2
4844.8 -8022.1 -200.8 241 0 15.3 16.1 10.5 3.5 2 0 3 4 4
4760.1 -7991.2 -207.8 64 0 12.7 65.9 14.0 3.5 2 1 4 5 5
-123.1 -2295.6 -197.4 68 0 33.1 27.3 17.5 0.0 0 0 5 0 0
-384.3 -1752.1 -195.1 159 0 19.5 33.1 21.0 0.0 0 1 6 0 0
-1020.0 -1466.6 -201.8 159 0 48.4 10.9 17.5 3.5 2 0 5 2 2
-1039.7 -1412.9 -201.4 163 0 47.3 9.5 10.5 3.5 2 0 3 3 3
-1060.3 -1371.7 -201.0 162 0 34.8 11.7 17.5 3.5 2 0 5 0 0
-1043.6 -1328.2 -201.1 248 0 12.2 48.3 17.5 3.5 2 1 5 3 3
-1017.7 -1318.0 -201.0 250 0 12.7 38.3 17.5 3.5 2 1 5 2 2
-994.0 -1309.3 -200.9 247 0 12.6 35.9 17.5 3.5 2 1 5 3 3
-967.7 -1299.3 -200.8 250 0 12.2 35.0 14.0 3.5 4 1 4 4 4
-942.9 -1290.5 -200.7 249 0 11.5 37.7 14.0 3.5 2 1 4 5 5
-917.8 -1280.8 -200.6 251 0 12.8 57.2 14.0 3.5 2 1 4 2 2
-877.1 -1296.7 -200.5 339 0 58.5 13.4 24.5 3.5 4 0 7 5 5
-1007.0 -1679.9 -203.8 249 0 10.5 31.3 17.5 0.0 0 1 5 3 3
-976.7 -1760.5 -204.2 69 0 12.9 44.3 17.5 3.5 2 1 5 1 1
-1131.9 -1819.3 -196.1 68 0 11.1 42.0 17.5 0.0 0 1 5 4 4
-1107.5 -1810.0 -198.2 72 0 11.7 41.1 17.5 3.5 2 1 5 3 3
-1081.3 -1799.1 -200.2 69 0 11.6 40.1 17.5 3.5 2 1 5 2 2
-468.2 -2716.1 -190.0 250 0 11.2 41.2 17.5 3.5 2 1 5 3 3
-440.4 -2706.0 -191.1 250 0 11.5 40.4 17.5 3.5 2 1 5 1 1
-465.5 -2640.1 -191.0 249 0 11.4 55.1 17.5 3.5 2 1 5 0 0
-499.1 -2636.7 -194.8 71 0 11.8 43.3 14.0 0.0 0 1 4 3 3
-470.3 -2626.4 -193.2 68 0 10.9 43.6 14.0 3.5 2 1 4 5 5
-444.8 -2615.7 -191.3 75 0 11.1 42.8 14.0 3.5 2 1 4 2 2
-412.1 -2695.1 -192.5 249 0 11.9 35.3 17.5 3.5 2 1 5 1 1
-3959.9 -5297.3 -191.3 174 0 45.0 49.6 17.5 0.0 0 1 5 0 0
-3606.4 -5172.8 -201.9 272 0 119.9 68.4 17.5 0.0 0 0 5 5 5
-4557.0 -5088.8 -203.8 166 0 131.4 48.3 14.0 0.0 0 0 4 3 3
-1276.8 -1389.5 -201.0 162 0 14.8 27.2 17.5 3.5 2 1 5 5 5
-1273.5 -1359.9 -200.8 250 0 26.5 15.4 17.5 0.0 0 0 5 0 0
-1112.0 -1309.1 -201.3 342 0 11.6 23.0 14.0 3.5 2 1 4 3 3
-1012.3 -1245.2 -201.3 70 0 22.7 17.3 17.5 3.5 2 0 5 3 3
-1054.5 -1254.8 -201.0 67 0 13.7 23.4 17.5 3.5 2 1 5 4 4
-1065.8 -1280.8 -201.3 248 0 29.0 17.2 14.0 3.5 2 0 4 5 5
-1190.0 -1157.6 -199.5 249 0 18.5 66.4 17.5 3.5 2 1 5 5 5
3947.1 -9355.2 -197.9 134 0 19.0 59.5 17.5 0.0 0 1 5 0 0
-1376.0 -2926.7 -187.1 167 0 18.9 21.1 17.5 3.5 2 1 5 0 0
-963.1 -2583.0 -193.7 248 0 10.8 44.7 14.0 3.5 2 1 4 1 1
-1005.6 -2624.4 -193.3 251 0 11.9 36.9 14.0 3.5 2 1 4 3 3
-995.2 -2693.2 -195.0 69 0 43.6 17.1 14.0 3.5 2 0 4 3 3
-3484.4 -3129.6 -198.7 297 0 15.3 41.2 14.0 3.5 2 1 4 5 5
-3851.9 -3394.1 -183.0 129 0 15.3 58.9 17.5 3.5 2 1 5 4 4
-3651.2 -3253.0 -197.3 225 0 13.2 46.1 10.0 2.5 2 1 4 0 0
-3578.1 -3188.7 -199.0 304 0 28.9 50.0 17.5 0.0 0 1 5 5 5
-4002.0 -3415.2 -189.1 26 0 16.2 43.2 14.0 3.5 2 1 4 1 1
-4311.0 -3274.9 -197.3 206 0 14.2 46.8 14.0 3.5 2 1 4 0 0
-3215.1 -2725.1 -192.2 103 0 34.2 19.1 12.5 0.0 0 0 5 2 2
-5563.0 -6487.0 -196.1 160 0 36.0 66.4 14.0 0.0 0 1 4 1 1
6362.0 3343.3 -206.5 37 0 44.4 42.6 14.0 0.0 0 0 4 2 2
-1363.0 -7307.6 -156.1 176 0 15.8 55.0 17.5 3.5 2 1 5 1 1
-2387.5 -2817.8 -192.5 300 0 66.5 12.7 21.0 3.5 2 0 6 4 4
-2308.3 -2856.2 -191.3 294 0 40.6 13.2 21.0 0.0 0 0 6 3 3
-4106.5 -803.9 -195.6 352 0 46.2 20.4 17.5 3.5 2 0 5 0 0
-4205.0 -795.7 -205.1 264 0 16.5 43.6 14.0 3.5 2 1 4 1 1
-4205.3 -887.8 -205.8 27 0 34.9 15.9 14.0 3.5 2 0 4 3 3
832.0 -1971.7 -199.3 192 0 57.2 70.9 14.0 0.0 0 1 4 5 5
4658.7 -8267.6 -194.5 148 0 27.6 10.8 17.5 3.5 4 0 5 3 3
4685.5 -8304.9 -194.3 146 0 43.8 9.0 10.5 3.5 2 0 3 2 2
4690.6 -8220.3 -197.0 342 0 69.3 16.9 17.5 3.5 2 0 5 5 5
4661.0 -8154.4 -201.0 337 0 56.6 17.6 17.5 3.5 2 0 5 4 4
2942.3 -7478.2 -201.0 136 0 52.2 69.7 17.5 0.0 0 1 5 4 4
3520.1 -8261.0 -202.2 233 0 18.8 47.0 17.5 3.5 2 1 5 2 2
3453.9 -8472.2 -204.9 237 0 14.4 55.8 14.0 3.5 2 1 4 5 5
3521.6 -8573.9 -205.7 53 0 13.6 55.4 14.0 3.5 2 1 4 3 3
3276.3 -8361.3 -208.2 234 0 12.8 50.7 17.5 3.5 2 1 5 2 2
3318.0 -8431.4 -206.6 148 0 43.7 12.4 17.5 3.5 2 0 5 3 3
3371.9 -8459.1 -206.8 57 0 12.4 42.8 17.5 3.5 2 1 5 5 5
3332.1 -8408.0 -207.1 144 0 30.1 9.0 10.5 3.5 2 0 3 4 4
3296.0 -8347.6 -208.6 226 0 10.8 46.6 17.5 3.5 2 1 5 3 3
3397.6 -8450.3 -206.4 53 0 13.5 47.4 17.5 3.5 2 1 5 3 3
3360.1 -8389.3 -208.1 328 0 30.6 9.9 10.5 3.5 2 0 3 4 4
3316.0 -8332.7 -209.1 238 0 10.9 48.9 17.5 3.5 2 1 5 2 2
3396.5 -8352.2 -206.8 151 0 34.6 9.8 10.5 3.5 2 0 3 1 1
3448.4 -8339.8 -205.4 59 0 10.5 33.2 17.5 3.5 2 1 5 3 3
3370.5 -8315.3 -208.9 146 0 32.6 9.3 10.5 3.5 2 0 3 0 0
3385.1 -8286.2 -208.2 236 0 9.7 24.0 10.5 3.5 2 1 3 0 0
3404.1 -8272.6 -207.5 238 0 9.9 25.6 10.5 3.5 2 1 3 2 2
3435.5 -8270.5 -206.9 319 0 34.6 10.0 10.5 3.5 2 0 3 3 3
3463.4 -8309.0 -204.8 326 0 36.6 10.7 17.5 3.5 4 0 5 3 3
3478.5 -8264.7 -206.4 56 0 40.3 38.6 14.0 0.0 0 0 4 1 1
3512.9 -8333.4 -203.5 58 0 24.4 55.3 17.5 3.5 2 1 5 5 5
3542.5 -8532.9 -205.4 56 0 11.3 30.0 14.0 3.5 2 1 4 1 1
3498.5 -8471.6 -204.6 231 0 11.2 32.8 14.0 3.5 2 1 4 0 0
3587.4 -8504.6 -205.9 54 0 40.2 17.6 14.0 3.5 2 0 4 0 0
3615.6 -8474.9 -205.9 54 0 13.1 70.6 14.0 3.5 2 1 4 5 5
5012.2 -7892.4 -210.0 64 0 13.9 47.0 17.5 3.5 2 0 5 0 0
4998.9 -7805.4 -211.0 327 0 106.4 12.3 17.5 3.5 2 0 5 0 0
5034.1 -7871.8 -210.0 10 0 24.5 17.8 17.5 3.5 2 0 5 3 3
-1059.0 -5039.1 -194.9 134 0 40.6 11.9 17.5 3.5 2 0 5 5 5
-1033.6 -5004.9 -194.7 311 0 11.7 22.2 17.5 3.5 2 1 5 0 0
-1007.0 -5034.1 -194.7 40 0 7.2 13.4 10.5 3.5 2 1 3 1 1
-1039.9 -5058.4 -194.9 133 0 11.0 30.2 17.5 3.5 2 1 5 3 3
-996.0 -5018.6 -194.6 43 0 14.5 66.6 17.5 3.5 2 1 5 4 4
-1059.3 -4947.5 -194.5 314 0 38.9 11.8 17.5 3.5 2 0 5 5 5
-1097.1 -5007.8 -194.8 133 0 48.0 10.5 17.5 3.5 2 0 5 2 2
-1070.4 -4968.6 -194.7 311 0 15.1 27.1 17.5 3.5 2 1 5 1 1
-1089.2 -4916.0 -194.4 315 0 37.9 14.2 17.5 3.5 2 0 5 2 2
2649.2 -10207.9 -195.6 315 0 42.2 20.0 17.5 3.5 2 0 5 4 4
2582.5 -10206.4 -195.2 229 0 11.8 65.7 17.5 3.5 2 1 5 4 4
-932.5 -12145.8 171.3 15 0 11.2 13.6 14.0 3.5 2 1 4 0 0
-2047.4 -10134.4 -146.7 6 0 53.8 28.5 10.0 0.0 0 0 4 0 0
1116.0 -1570.1 -201.1 293 0 50.7 29.2 10.0 0.0 0 0 4 5 5
-846.7 -1918.4 -204.7 244 0 20.6 68.8 14.0 3.5 2 1 4 4 4
-6661.6 5649.4 -201.7 269 0 38.7 19.0 14.0 3.5 2 0 4 3 3
-6615.7 5651.0 -201.9 268 0 45.2 19.5 14.0 3.5 2 0 4 3 3
-5777.2 -4144.8 -187.0 270 0 14.7 85.4 17.5 3.5 2 1 5 1 1
-5730.2 -4190.1 -188.7 0 0 85.4 14.7 17.5 3.5 2 0 5 2 2
-5731.8 -4363.8 -186.6 0 0 85.5 14.7 14.0 3.5 2 0 4 5 5
-5779.2 -4321.6 -185.0 270 0 14.7 85.5 14.0 0.0 0 1 4 3 3
-5839.6 -4232.0 -183.7 270 0 14.7 85.4 14.0 3.5 4 1 4 3 3
-5913.4 -4272.6 -180.5 0 0 85.4 14.7 17.5 0.0 0 0 5 4 4
-5959.7 -4229.7 -179.3 270 0 14.8 85.4 17.5 0.0 0 1 5 2 2
-5859.3 -4344.5 -181.4 271 0 15.1 65.3 17.5 3.5 4 1 5 4 4
-5812.3 -4377.5 -183.1 1 0 65.3 15.1 17.5 3.5 2 0 5 2 2
-5793.4 -4274.4 -185.1 1 0 65.3 15.1 14.0 3.5 4 0 4 4 4
-5816.2 -4141.7 -185.3 271 0 15.1 65.3 14.0 3.5 2 1 4 4 4
-5856.5 -4140.5 -183.6 271 0 15.1 65.3 14.0 0.0 0 1 4 0 0
-6355.9 5771.9 -203.1 5 0 47.1 46.8 10.5 0.0 0 0 3 0 0
4986.7 -7902.2 -209.3 64 0 11.1 42.8 17.5 3.5 2 1 5 3 3
4967.6 -7917.3 -208.6 60 0 12.4 48.1 17.5 0.0 0 1 5 0 0
4934.2 -7931.5 -207.6 60 0 13.4 44.5 17.5 3.5 2 1 5 3 3
4910.5 -7942.6 -206.9 60 0 11.9 43.3 17.5 3.5 2 1 5 3 3
4889.1 -7956.7 -206.3 59 0 12.4 46.8 17.5 3.5 2 1 5 2 2
