6325.1 3389.2 52.3 357 0 12.6 26.8 12.5 2.5 2 1 5 2 2
6271.6 3349.3 53.1 89 0 6.3 36.4 2.5 2.5 2 1 1 1 1
6313.7 3337.1 51.2 88 0 14.5 10.2 7.5 2.5 2 0 3 2 2
-6524.9 11721.7 -399.6 241 0 29.4 8.8 7.5 2.5 2 0 3 4 4
-6709.8 11618.3 -391.5 49 0 14.4 16.6 2.5 2.5 2 1 1 1 1
-6818.9 12222.1 -400.2 177 0 29.5 10.2 15.0 0.0 0 0 6 5 5
-6821.1 12120.9 -394.4 273 0 6.7 35.0 2.5 2.5 2 1 1 4 4
-6851.7 12213.9 -396.6 269 0 36.0 9.5 7.5 2.5 2 0 3 1 1
-6790.5 12174.2 -399.6 70 0 10.8 34.7 12.5 2.5 2 1 5 4 4
-6785.6 12158.0 -398.8 236 0 9.9 36.2 7.5 2.5 2 1 3 4 4
-6183.7 12124.6 -404.2 138 0 26.2 19.2 10.0 2.5 2 0 4 1 1
-6198.8 12149.7 -404.2 138 0 23.7 19.2 10.0 2.5 2 0 4 0 0
-6219.1 12190.0 -404.3 136 0 27.5 17.5 10.0 2.5 2 0 4 3 3
-6234.6 12213.9 -404.4 138 0 23.6 16.8 10.0 0.0 0 0 4 4 4
-5974.7 12101.0 -401.3 350 0 16.5 24.8 10.0 2.5 4 1 4 3 3
-6013.1 12093.7 -403.3 260 0 22.6 18.4 10.0 2.5 2 0 4 1 1
-6698.2 11902.6 -391.8 236 0 8.7 16.3 5.0 2.5 2 1 2 4 4
-6715.5 11888.3 -392.2 232 0 7.6 21.1 7.5 2.5 2 1 3 3 3
-6729.4 11817.3 -391.9 58 0 7.0 19.1 7.5 2.5 2 1 3 3 3
-6733.7 11874.9 -392.1 235 0 10.1 16.0 5.0 2.5 4 1 2 2 2
-6704.0 11860.5 -393.3 237 0 10.1 25.4 7.5 2.5 2 1 3 0 0
-6713.3 11853.4 -393.1 235 0 8.3 23.6 5.0 2.5 4 1 2 5 5
-6724.3 11882.1 -392.2 237 0 10.3 21.0 2.5 0.0 0 1 1 3 3
-6750.2 11840.6 -391.3 55 0 10.8 17.0 5.0 2.5 2 1 2 5 5
-6689.7 11908.8 -391.8 228 0 10.6 16.6 5.0 2.5 2 1 2 1 1
-6707.2 11896.1 -391.9 236 0 10.2 16.6 5.0 2.5 2 1 2 1 1
-6730.3 11840.0 -392.4 237 0 11.0 19.1 5.0 2.5 4 1 2 2 2
-6761.1 11802.3 -390.5 63 0 11.5 17.2 5.0 2.5 2 1 2 3 3
-6719.7 11847.6 -392.7 241 0 7.2 21.5 5.0 2.5 2 1 2 4 4
-6750.9 11861.6 -391.6 234 0 8.8 16.1 7.5 0.0 0 1 3 1 1
-6741.8 11867.8 -391.9 236 0 10.1 15.3 5.0 0.0 0 1 2 4 4
-6690.2 11861.4 -393.2 237 0 9.9 17.7 7.5 2.5 4 1 3 1 1
-6771.8 11842.8 -390.8 185 0 9.6 15.8 5.0 2.5 2 1 2 4 4
-6738.5 11812.3 -391.4 58 0 8.6 18.7 7.5 2.5 2 1 3 0 0
-6758.3 11823.0 -391.0 238 0 7.6 18.5 7.5 2.5 2 1 3 3 3
5118.6 12660.4 -406.4 156 0 48.7 28.2 14.0 0.0 0 0 4 0 0
-6282.0 12554.2 -380.2 224 0 13.1 11.6 7.5 2.5 2 0 3 0 0
-6319.5 12534.9 -380.3 315 0 10.9 11.7 7.5 2.5 2 1 3 3 3
-6340.2 12514.9 -381.4 139 0 13.2 14.9 7.5 2.5 2 1 3 5 5
-6268.7 12565.2 -379.4 234 0 14.2 12.3 10.0 2.5 2 0 4 4 4
-6267.9 12615.5 -372.0 119 0 12.7 12.8 7.5 2.5 2 1 3 0 0
-6275.7 12600.7 -372.8 113 0 13.6 14.3 2.5 2.5 2 1 1 3 3
-6206.6 12582.1 -380.5 327 0 13.1 13.4 2.5 0.0 0 1 1 4 4
-6295.9 12636.4 -371.2 116 0 12.3 11.5 5.0 0.0 0 0 2 3 3
-6293.6 12543.5 -381.1 225 0 13.3 11.8 2.5 2.5 2 0 1 3 3
-6253.5 12657.6 -376.0 287 0 11.2 12.7 5.0 2.5 2 1 2 5 5
-6201.0 12514.7 -390.5 239 0 30.5 21.5 12.5 0.0 0 0 5 0 0
-6279.1 12651.8 -374.5 192 0 11.6 12.5 5.0 2.5 4 1 2 3 3
-6232.6 12591.0 -378.0 236 0 12.5 11.1 2.5 2.5 2 0 1 3 3
-6209.8 12607.1 -379.7 235 0 6.5 12.5 7.5 2.5 2 1 3 1 1
-6371.1 12520.1 -380.2 138 0 11.0 14.0 7.5 2.5 2 1 3 0 0
-6219.8 12600.8 -379.0 233 0 12.8 13.0 7.5 2.5 2 1 3 4 4
-6352.0 12525.3 -379.2 131 0 11.2 13.4 2.5 0.0 0 1 1 0 0
-6295.2 12526.1 -381.6 49 0 9.7 13.2 7.5 2.5 2 1 3 5 5
-6284.3 12636.5 -371.7 206 0 11.5 12.3 5.0 2.5 2 1 2 5 5
-6256.2 12573.4 -378.8 234 0 13.4 12.5 2.5 2.5 2 0 1 3 3
-6288.9 12615.1 -370.3 113 0 12.6 13.2 10.0 2.5 2 1 4 1 1
-6233.7 12554.9 -380.0 55 0 11.2 13.7 5.0 2.5 2 1 2 1 1
-6304.6 12526.7 -382.4 316 0 12.8 13.5 10.0 2.5 2 1 4 2 2
-6244.3 12582.7 -377.8 234 0 13.8 11.6 2.5 2.5 2 0 1 2 2
-6325.5 12506.8 -383.2 134 0 12.2 12.4 5.0 2.5 2 1 2 1 1
-6221.9 12564.9 -380.1 53 0 13.3 12.0 10.0 2.5 2 0 4 5 5
-6253.0 12634.1 -373.6 20 0 12.4 12.1 5.0 2.5 2 0 2 0 0
-6477.2 12686.5 -374.7 137 0 7.7 15.3 7.5 2.5 2 1 3 0 0
-6398.5 12591.7 -372.8 316 0 13.2 13.4 5.0 2.5 4 1 2 3 3
-6421.5 12615.0 -370.5 316 0 13.4 13.4 7.5 2.5 2 0 3 5 5
-6437.8 12670.0 -371.8 46 0 7.6 12.1 5.0 0.0 0 1 2 2 2
-6345.7 12569.3 -374.2 159 0 12.2 12.1 7.5 2.5 2 0 3 1 1
-6410.7 12604.0 -371.6 315 0 12.2 13.7 5.0 2.5 2 1 2 5 5
-6387.0 12601.7 -373.2 318 0 12.9 12.5 5.0 2.5 2 0 2 3 3
-6364.4 12579.1 -375.0 315 0 11.1 13.4 7.5 2.5 2 1 3 4 4
-6341.0 12596.1 -373.6 248 0 12.4 13.4 7.5 2.5 2 1 3 5 5
-6387.6 12580.8 -373.8 315 0 11.3 14.0 5.0 0.0 0 1 2 4 4
-6375.9 12591.4 -374.2 315 0 12.6 13.1 5.0 2.5 2 1 2 0 0
-6416.6 12642.7 -370.1 131 0 11.5 12.1 10.0 2.5 2 1 4 3 3
-6325.4 12602.0 -372.6 246 0 11.9 11.7 7.5 2.5 2 0 3 3 3
-6433.8 12649.3 -369.2 315 0 12.0 13.9 2.5 2.5 2 1 1 1 1
-6468.4 12606.9 -371.8 136 0 12.5 7.0 5.0 2.5 2 0 2 5 5
-6446.1 12694.2 -373.7 314 0 11.9 15.8 5.0 2.5 2 1 2 3 3
-6422.1 12636.9 -369.8 318 0 13.7 13.4 2.5 2.5 2 0 1 1 1
-6469.3 12661.3 -372.3 134 0 12.2 12.6 5.0 2.5 2 1 2 2 2
-6456.9 12594.6 -373.6 137 0 13.2 7.2 5.0 2.5 2 0 2 5 5
-6397.9 12663.6 -370.4 313 0 11.4 13.3 2.5 2.5 2 1 1 3 3
-6376.6 12568.7 -374.9 315 0 12.3 14.6 5.0 2.5 2 1 2 5 5
-6445.3 12638.5 -368.8 317 0 12.4 12.8 7.5 2.5 2 1 3 5 5
-6290.8 12594.3 -373.1 340 0 11.7 14.5 2.5 2.5 2 1 1 0 0
-6446.4 12661.4 -370.9 313 0 13.2 13.5 7.5 2.5 2 1 3 5 5
-6428.7 12664.1 -369.8 226 0 12.5 12.7 5.0 2.5 2 1 2 0 0
-6468.0 12650.5 -370.6 219 0 12.7 12.6 5.0 2.5 2 0 2 3 3
-6457.7 12610.0 -370.3 137 0 11.9 13.2 7.5 2.5 2 1 3 5 5
-6446.0 12598.3 -371.6 136 0 13.3 12.0 5.0 2.5 2 0 2 2 2
-6308.5 12610.3 -371.7 245 0 15.0 11.1 10.0 2.5 2 0 4 4 4
-6405.0 12630.9 -371.2 135 0 12.8 7.5 2.5 2.5 2 0 1 0 0
-6398.1 12614.8 -372.0 316 0 12.9 13.9 2.5 2.5 2 1 1 2 2
-6313.2 12589.8 -373.7 248 0 12.0 14.1 5.0 2.5 2 1 2 3 3
-6410.9 12625.0 -370.9 315 0 12.8 12.1 10.0 2.5 2 0 4 2 2
-6469.0 12622.4 -369.5 139 0 13.0 11.6 5.0 2.5 2 0 2 5 5
-6355.5 12589.4 -374.4 246 0 11.8 11.8 10.0 0.0 0 1 4 4 4
-6331.1 12574.9 -373.6 157 0 12.1 11.8 7.5 2.5 2 0 3 4 4
-6418.1 12675.3 -370.3 226 0 11.8 12.3 2.5 2.5 2 1 1 4 4
-6434.2 12626.0 -369.4 316 0 13.2 12.6 7.5 2.5 2 0 3 1 1
6293.8 3354.2 52.4 356 0 10.9 8.0 2.5 2.5 4 0 1 5 5
6352.9 3371.6 50.3 177 0 36.5 6.7 7.5 2.5 2 0 3 0 0
6341.1 3356.8 50.9 357 0 11.2 8.8 2.5 2.5 4 0 1 4 4
-6695.3 11681.0 -393.7 276 0 51.4 8.1 7.5 0.0 0 0 3 2 2
-6347.8 12748.8 -378.5 313 0 11.5 10.3 7.5 2.5 2 0 3 5 5
-6352.5 12696.6 -373.1 133 0 11.9 12.5 5.0 2.5 2 1 2 0 0
-6366.6 12695.1 -371.1 313 0 11.6 12.5 5.0 2.5 2 1 2 4 4
-6365.4 12739.5 -376.1 221 0 11.4 12.6 2.5 2.5 2 1 1 5 5
-6354.5 12682.7 -371.5 315 0 11.0 12.6 5.0 2.5 2 1 2 2 2
-6380.0 12746.6 -375.8 134 0 12.7 13.3 5.0 2.5 2 1 2 0 0
-6334.1 12715.7 -375.9 314 0 12.0 11.7 7.5 0.0 0 0 3 0 0
-6399.0 12684.6 -371.0 132 0 12.5 12.2 2.5 2.5 2 0 1 3 3
-6386.5 12675.1 -371.0 136 0 11.2 12.6 5.0 2.5 2 1 2 2 2
-6329.2 12673.1 -372.6 135 0 11.6 12.4 5.0 2.5 2 1 2 3 3
-6388.9 12771.3 -376.8 226 0 5.3 11.8 5.0 2.5 4 1 2 4 4
-6325.0 12701.4 -374.9 315 0 11.8 7.3 5.0 2.5 2 0 2 0 0
-6340.4 12734.2 -377.8 308 0 11.5 5.9 7.5 2.5 2 0 3 2 2
-6307.1 12671.3 -372.7 316 0 12.8 7.6 5.0 2.5 2 0 2 2 2
-6353.6 12719.0 -376.0 133 0 11.8 11.2 7.5 2.5 2 0 3 1 1
-6403.8 12756.3 -375.1 224 0 6.6 12.0 7.5 2.5 2 1 3 5 5
-6835.7 11806.0 -387.5 335 0 16.2 16.8 7.5 0.0 0 1 3 4 4
-6374.3 12663.2 -371.9 135 0 12.1 11.8 2.5 2.5 2 0 1 5 5
-6340.9 12685.2 -373.0 134 0 11.9 12.7 5.0 2.5 2 1 2 0 0
-6361.8 12767.5 -378.5 312 0 11.5 12.0 2.5 2.5 2 1 1 4 4
-6412.7 12747.3 -374.5 220 0 12.6 12.2 2.5 2.5 4 0 1 5 5
-6387.8 12704.6 -371.4 225 0 14.1 12.1 5.0 2.5 2 0 2 1 1
-6375.5 12728.5 -373.2 224 0 12.3 12.0 5.0 2.5 2 0 2 1 1
-6362.9 12651.7 -372.2 137 0 11.5 13.0 5.0 2.5 2 1 2 2 2
-6331.7 12658.1 -371.2 314 0 11.6 11.5 2.5 2.5 2 0 1 1 1
-6364.3 12708.1 -373.4 134 0 12.1 13.2 5.0 2.5 2 1 2 4 4
-6343.1 12670.6 -371.3 316 0 12.2 11.6 5.0 2.5 2 0 2 0 0
-6389.8 12723.3 -373.1 47 0 5.8 11.5 7.5 2.5 2 1 3 5 5
-6737.1 8325.2 -396.8 270 0 11.5 11.3 5.0 0.0 0 0 2 3 3
6348.8 -1512.1 -372.7 28 0 30.5 7.9 10.5 3.5 2 0 3 5 5
-6843.1 10615.8 -402.2 143 0 23.9 9.0 2.5 0.0 0 0 1 4 4
3610.9 11818.9 -230.1 123 0 5.3 6.8 7.5 2.5 2 1 3 5 5
4645.9 12775.5 -400.1 211 0 6.8 10.9 10.5 3.5 2 1 3 1 1
5065.9 12632.7 -406.6 13 0 22.5 41.2 10.5 0.0 0 1 3 5 5
6196.1 8503.9 360.4 199 0 7.9 8.0 7.5 2.5 2 1 3 1 1
5859.3 9126.4 322.1 62 0 6.7 6.7 7.5 2.5 2 0 3 2 2
6029.9 8362.8 383.7 74 0 6.0 7.9 7.5 2.5 4 1 3 2 2
6074.1 8805.2 297.8 45 0 6.5 5.8 7.5 2.5 2 0 3 2 2
5886.6 9058.8 322.4 352 0 5.0 6.5 7.5 2.5 2 1 3 4 4
5961.8 9019.4 314.0 111 0 6.2 5.2 7.5 2.5 2 0 3 5 5
5973.5 8903.8 308.9 183 0 5.8 9.9 7.5 2.5 2 1 3 3 3
6041.3 8398.9 380.2 312 0 10.5 4.4 7.5 2.5 2 0 3 2 2
6016.3 8570.2 339.6 317 0 6.3 9.8 7.5 2.5 2 1 3 0 0
5937.7 9150.6 323.3 62 0 6.0 7.3 7.5 2.5 4 1 3 0 0
5995.0 8611.4 329.5 330 0 8.5 6.6 5.0 2.5 4 0 2 2 2
5949.4 8930.8 314.3 175 0 7.0 6.7 5.0 2.5 2 0 2 2 2
5907.8 8927.7 313.5 330 0 7.6 7.5 7.5 2.5 2 0 3 3 3
5883.9 8958.8 312.9 146 0 4.4 10.7 7.5 2.5 2 1 3 3 3
5791.6 9098.8 299.7 325 0 7.4 6.6 5.0 2.5 2 0 2 4 4
5978.1 8764.4 306.4 344 0 16.2 10.8 2.5 2.5 2 0 1 4 4
6012.0 8725.0 316.3 173 0 5.9 9.3 7.5 2.5 2 1 3 0 0
5997.3 8677.5 321.7 12 0 9.5 6.9 7.5 2.5 2 0 3 3 3
6462.4 -522.4 -377.7 163 0 13.0 26.5 14.0 3.5 2 1 4 5 5
6690.6 1137.8 -120.6 53 0 8.3 15.4 7.5 0.0 0 1 3 4 4
6696.5 1169.8 -123.6 323 0 6.7 15.9 2.5 2.5 2 1 1 5 5
6710.4 1167.1 -128.0 324 0 10.8 8.9 7.5 2.5 2 0 3 4 4
6710.2 1152.6 -126.9 322 0 7.4 13.6 7.5 0.0 0 0 3 2 2
6698.8 1188.4 -124.9 5 0 3.9 8.5 5.0 2.5 2 1 2 3 3
5158.1 12788.9 -387.3 147 0 6.3 10.0 10.5 3.5 2 0 3 4 4
6415.1 -1374.9 -385.7 74 0 9.7 19.9 10.5 3.5 2 1 3 2 2
6382.2 -1454.9 -374.5 23 0 6.4 11.2 10.5 3.5 2 1 3 5 5
6666.3 -868.1 -386.7 8 0 30.1 14.6 14.0 3.5 2 0 4 5 5
6640.2 -849.3 -390.0 188 0 62.0 33.4 14.0 0.0 0 0 4 0 0
6376.9 3633.4 61.9 89 0 14.0 11.8 7.5 2.5 4 0 3 1 1
-6036.2 7153.2 -384.5 265 0 12.3 53.6 2.5 2.5 4 1 1 3 3
-6816.2 8678.4 -388.8 329 0 14.9 8.5 7.5 2.5 4 0 3 0 0
-6130.1 6432.9 -395.9 292 0 67.4 129.7 10.0 0.0 0 1 4 0 0
-6037.8 6393.5 -395.7 292 0 67.4 129.7 12.5 0.0 0 1 5 3 3
-6733.7 8484.9 -380.7 359 0 17.6 11.5 2.5 2.5 2 0 1 1 1
-6835.9 8659.5 -388.6 59 0 13.2 12.3 7.5 2.5 2 0 3 2 2
6653.1 -828.4 -387.2 279 0 6.3 6.5 10.5 3.5 2 1 3 0 0
6583.0 -798.4 -387.4 8 0 7.4 20.5 5.0 2.5 2 1 2 0 0
3069.7 6857.5 -373.7 311 0 21.0 5.8 10.5 3.5 2 0 3 1 1
3131.6 6915.3 -376.1 43 0 13.0 7.7 10.5 3.5 2 0 3 2 2
2976.6 6858.8 -367.8 221 0 25.2 8.8 10.5 0.0 0 0 3 0 0
2983.9 6849.6 -367.5 223 0 6.6 7.0 10.5 3.5 2 1 3 5 5
3053.4 6893.3 -374.8 135 0 32.3 7.3 10.5 3.5 4 0 3 1 1
3001.8 6885.7 -371.1 225 0 44.1 27.0 14.0 0.0 0 0 4 3 3
3221.1 6218.0 -389.6 159 0 18.0 25.2 10.5 0.0 0 1 3 1 1
-6432.9 7290.6 -378.7 87 0 10.3 17.4 7.5 0.0 0 1 3 1 1
-6407.0 7295.3 -379.8 88 0 13.0 21.8 10.0 0.0 0 1 4 4 4
-6377.8 7300.2 -381.0 88 0 13.0 21.8 10.0 0.0 0 1 4 5 5
-6859.9 4425.8 -396.0 332 0 37.5 27.4 10.0 0.0 0 0 4 0 0
3730.5 6685.5 -370.4 272 0 11.5 27.6 15.0 0.0 0 1 6 2 2
6296.9 -1729.0 -384.5 277 0 9.9 45.7 10.5 0.0 0 1 3 3 3
6550.5 -954.9 -390.2 134 0 9.4 49.4 10.5 3.5 2 1 3 5 5
6565.5 -910.7 -389.7 313 0 7.4 36.0 10.5 3.5 2 1 3 4 4
6603.2 -920.4 -388.9 221 0 8.0 60.3 10.5 3.5 2 1 3 1 1
6626.0 -966.3 -389.5 42 0 9.1 48.5 10.5 3.5 2 1 3 3 3
6609.3 -997.4 -390.4 224 0 71.9 9.1 10.5 3.5 2 0 3 2 2
6640.3 -993.2 -390.3 309 0 7.9 60.3 10.5 3.5 2 1 3 3 3
6599.4 -1269.6 -390.3 9 0 21.2 20.7 17.5 0.0 0 0 5 3 3
6307.6 -1705.0 -381.6 15 0 17.2 10.4 10.5 3.5 2 0 3 5 5
-5933.7 12678.9 -384.3 54 0 12.9 13.7 12.5 2.5 2 0 5 5 5
-5949.6 12663.8 -385.8 56 0 14.4 14.5 12.5 2.5 2 0 5 0 0
-5966.6 12610.4 -387.9 186 0 16.1 13.4 10.0 2.5 4 0 4 2 2
-5955.2 12582.1 -389.1 10 0 14.8 14.3 12.5 2.5 4 0 5 1 1
-6794.3 11642.4 -390.4 130 0 6.2 14.0 7.5 2.5 2 1 3 0 0
-6787.5 11636.3 -390.4 129 0 6.5 14.0 5.0 2.5 2 1 2 0 0
-6780.3 11630.3 -390.3 130 0 6.9 14.2 2.5 0.0 0 1 1 1 1
-6772.6 11623.8 -390.3 127 0 7.2 15.9 2.5 2.5 2 1 1 4 4
-6765.4 11618.3 -390.1 127 0 6.6 15.2 2.5 2.5 2 1 1 5 5
-6756.7 11611.2 -390.1 127 0 7.9 13.2 2.5 2.5 2 1 1 2 2
6361.4 3178.8 45.3 223 0 5.8 8.1 7.5 2.5 2 1 3 3 3
6303.4 3203.2 47.5 265 0 7.3 20.4 5.0 2.5 2 1 2 4 4
6286.5 3152.9 45.5 90 0 6.9 14.5 2.5 2.5 2 1 1 2 2
6472.8 3095.3 76.6 196 0 11.5 19.6 10.0 0.0 0 1 4 5 5
3466.5 2192.2 -364.4 175 0 8.7 22.6 7.5 2.5 4 1 3 5 5
3567.0 2141.8 -345.9 73 0 7.5 8.8 2.5 2.5 2 1 1 2 2
3421.6 2155.7 -377.0 189 0 8.4 9.3 5.0 2.5 2 1 2 3 3
3543.0 1932.0 -381.9 290 0 13.6 10.2 7.5 2.5 2 0 3 4 4
3509.3 1966.7 -381.9 326 0 7.0 7.5 7.5 2.5 2 1 3 5 5
3409.2 2137.0 -380.5 180 0 6.9 8.8 2.5 2.5 2 1 1 5 5
-6386.3 12145.1 -404.6 148 0 4.6 10.1 5.0 2.5 2 1 2 4 4
-6393.0 12156.0 -404.6 148 0 4.9 14.9 5.0 2.5 2 1 2 4 4
-5903.8 12269.7 -386.8 181 0 3.8 13.6 5.0 2.5 2 1 2 3 3
-5908.8 12286.9 -387.2 181 0 3.8 13.6 5.0 2.5 2 1 2 3 3
-5900.7 12252.5 -386.5 181 0 3.8 13.6 5.0 2.5 2 1 2 2 2
-5883.6 12188.2 -390.2 180 0 6.2 14.9 7.5 2.5 2 1 3 4 4
-5944.7 12263.9 -388.8 359 0 6.2 14.9 5.0 2.5 4 1 2 1 1
-5888.9 12167.2 -391.3 208 0 6.2 14.9 7.5 2.5 2 1 3 2 2
-5895.0 12228.9 -387.0 145 0 7.1 14.6 7.5 2.5 2 1 3 1 1
-5884.3 12178.0 -390.9 191 0 6.2 14.9 7.5 2.5 2 1 3 2 2
-5942.4 12206.5 -388.6 359 0 6.2 14.9 5.0 2.5 2 1 2 1 1
-5888.1 12206.8 -388.5 146 0 7.9 14.6 7.5 0.0 0 1 3 3 3
-5942.2 12217.6 -388.5 359 0 6.2 14.9 5.0 2.5 2 1 2 2 2
-5913.9 12151.8 -392.8 271 0 6.1 15.0 7.5 2.5 2 1 3 2 2
-5943.1 12229.5 -388.5 359 0 6.2 14.9 5.0 2.5 4 1 2 0 0
-5904.9 12153.3 -391.9 245 0 6.1 15.0 7.5 2.5 2 1 3 1 1
-5940.4 12173.6 -391.2 350 0 6.2 14.9 7.5 2.5 2 1 3 2 2
-5943.7 12241.0 -388.5 359 0 6.1 14.9 5.0 0.0 0 1 2 2 2
-5885.8 12195.9 -389.1 144 0 7.9 14.7 7.5 2.5 2 1 3 3 3
-5892.2 12218.1 -387.7 146 0 7.9 14.6 7.5 2.5 2 1 3 1 1
-5922.5 12153.0 -393.1 292 0 6.1 15.0 7.5 2.5 2 1 3 4 4
-5941.8 12195.7 -388.6 359 0 6.2 14.9 5.0 2.5 2 1 2 1 1
-5895.7 12158.5 -391.3 230 0 6.1 15.0 5.0 2.5 2 1 2 5 5
-5930.9 12158.1 -393.0 309 0 6.1 15.0 7.5 2.5 4 1 3 4 4
-5941.5 12184.0 -389.9 359 0 6.2 14.9 7.5 0.0 0 1 3 2 2
-5944.0 12252.6 -388.6 359 0 6.2 14.9 5.0 2.5 4 1 2 1 1
-5937.1 12165.0 -392.3 331 0 6.2 15.0 7.5 2.5 2 1 3 1 1
-6003.7 12454.2 -389.4 327 0 15.1 15.5 5.0 0.0 0 1 2 5 5
-6015.2 12424.0 -389.5 147 0 11.7 15.5 5.0 0.0 0 1 2 5 5
-5967.2 12400.9 -389.1 326 0 15.1 15.5 2.5 0.0 0 1 1 5 5
-5946.3 12280.1 -389.1 1 0 15.1 15.5 5.0 0.0 0 1 2 1 1
-5949.0 12345.9 -389.2 1 0 15.1 15.5 2.5 0.0 0 1 1 1 1
-5946.8 12301.9 -389.3 1 0 15.1 15.5 5.0 0.0 0 1 2 1 1
-5948.1 12324.3 -389.4 1 0 15.1 15.5 5.0 0.0 0 1 2 0 0
-5877.8 12393.1 -387.1 144 0 6.8 13.0 5.0 2.5 2 1 2 0 0
-5868.4 12328.0 -386.2 179 0 3.8 13.6 2.5 2.5 2 1 1 2 2
-5864.3 12344.7 -386.2 178 0 3.8 13.6 5.0 2.5 2 1 2 4 4
-5874.1 12382.6 -387.1 88 0 9.7 8.1 5.0 2.5 2 0 2 1 1
-5867.6 12362.0 -386.5 178 0 3.8 13.6 5.0 2.5 2 1 2 3 3
-5869.7 12375.7 -386.8 144 0 6.8 13.0 5.0 0.0 0 1 2 2 2
-6018.4 12478.0 -389.6 324 0 25.1 19.3 10.0 0.0 0 0 4 2 2
3534.6 6814.1 -376.4 80 0 8.4 6.1 3.5 3.5 2 0 1 1 1
3583.0 6813.7 -376.0 15 0 13.0 9.5 10.5 3.5 2 0 3 1 1
3589.9 6827.6 -375.6 46 0 11.8 10.7 10.5 0.0 0 0 3 4 4
3632.3 6857.8 -374.9 58 0 8.5 15.1 10.5 3.5 2 1 3 5 5
3641.5 6863.8 -374.8 58 0 8.5 14.8 10.5 0.0 0 1 3 0 0
3618.9 6832.4 -375.8 238 0 8.3 15.1 10.5 3.5 2 1 3 5 5
3609.5 6826.3 -375.9 238 0 8.5 15.1 10.5 3.5 2 1 3 2 2
3619.8 6802.5 -376.3 147 0 15.1 8.5 10.5 3.5 2 0 3 2 2
3636.3 6813.0 -376.3 328 0 15.1 8.6 10.5 3.5 2 0 3 1 1
3636.9 6783.1 -376.7 58 0 8.3 15.0 10.5 3.5 2 1 3 2 2
3646.4 6789.1 -376.7 57 0 8.4 15.0 10.5 0.0 0 1 3 3 3
3647.8 6850.7 -375.6 237 0 8.4 14.9 10.5 3.5 2 1 3 4 4
3658.0 6826.8 -376.1 147 0 15.1 8.5 10.5 3.5 2 0 3 1 1
3675.4 6807.6 -376.6 57 0 8.5 15.1 10.5 3.5 2 1 3 4 4
3656.9 6856.5 -375.5 237 0 8.6 15.1 10.5 0.0 0 1 3 2 2
3674.2 6837.2 -376.0 327 0 15.0 8.4 10.5 3.5 2 0 3 0 0
3684.5 6813.3 -376.5 57 0 8.5 15.2 10.5 3.5 2 1 3 0 0
3674.3 6867.5 -375.2 237 0 8.5 15.5 10.5 3.5 2 1 3 3 3
3684.0 6873.5 -375.1 237 0 8.4 15.4 10.5 3.5 2 1 3 3 3
3698.3 6882.6 -374.9 237 0 8.6 15.2 10.5 3.5 2 1 3 1 1
3715.7 6884.7 -374.5 327 0 15.2 8.4 10.5 3.5 2 0 3 3 3
3685.0 6842.8 -375.7 147 0 15.2 8.4 10.5 3.5 2 0 3 2 2
3694.7 6849.0 -375.6 147 0 15.2 8.5 10.5 3.5 2 0 3 1 1
3716.1 6862.7 -375.4 328 0 15.1 8.5 10.5 3.5 2 0 3 0 0
3725.9 6869.0 -375.2 328 0 15.2 8.5 10.5 3.5 4 0 3 5 5
3960.8 6902.5 -366.0 161 0 12.5 11.5 7.5 2.5 2 0 3 4 4
3958.8 6889.7 -367.5 343 0 24.6 10.6 12.5 2.5 2 0 5 4 4
3946.4 6873.3 -368.6 340 0 24.2 10.7 12.5 2.5 2 0 5 2 2
3634.9 6615.1 -382.9 329 0 24.5 8.3 10.5 3.5 2 0 3 5 5
3062.9 6486.2 -382.2 353 0 7.6 24.4 10.5 3.5 2 1 3 5 5
3567.3 5794.0 -393.0 154 0 14.8 12.2 5.0 2.5 2 0 2 2 2
4027.3 6613.1 -316.5 330 0 65.1 67.7 10.0 0.0 0 1 4 3 3
3939.8 6922.9 -369.3 123 0 6.9 17.7 7.5 2.5 2 1 3 2 2
3952.4 6948.4 -368.5 214 0 18.0 7.1 7.5 2.5 2 0 3 4 4
3237.5 6469.0 -386.8 228 0 25.9 6.1 12.0 3.5 2 0 3 5 5
-5961.5 7556.1 -393.2 238 0 56.7 46.4 15.0 0.0 0 0 6 1 1
-5971.9 7556.1 -394.0 58 0 72.8 29.8 15.0 0.0 0 0 6 4 4
-6003.9 7608.0 -394.7 239 0 72.1 29.6 12.5 0.0 0 0 5 5 5
-6010.0 7614.8 -394.5 54 0 43.9 27.1 12.5 0.0 0 0 5 3 3
-6070.4 7623.7 -395.5 136 0 37.1 74.6 10.0 0.0 0 0 4 2 2
-6072.3 7675.8 -395.6 225 0 70.1 20.1 10.0 2.5 4 0 4 5 5
-6074.9 7681.3 -395.9 46 0 71.8 16.7 10.0 2.5 2 0 4 0 0
-6065.3 7726.2 -396.1 316 0 16.2 67.7 17.5 0.0 0 1 7 5 5
-6117.7 7776.1 -397.1 44 0 16.3 33.3 7.5 2.5 2 1 3 3 3
-6161.2 7692.7 -393.6 317 0 7.7 27.9 4.0 2.5 2 1 1 0 0
-6326.7 6097.5 -395.1 218 0 29.6 19.4 10.0 2.5 2 0 4 1 1
-6897.5 11626.3 -386.0 316 0 14.4 18.9 7.5 2.5 2 1 3 5 5
-6869.5 11611.5 -389.5 135 0 12.8 42.7 17.5 0.0 0 1 7 4 4
-6842.2 11655.1 -386.6 47 0 10.2 33.1 12.5 2.5 2 1 5 0 0
3085.7 2830.9 -360.4 168 0 11.8 6.1 2.5 2.5 2 0 1 2 2
2926.9 2870.3 -376.3 76 0 7.7 8.6 7.5 2.5 4 1 3 0 0
2924.4 2880.6 -376.4 76 0 7.7 8.6 7.5 2.5 2 1 3 3 3
2934.4 2883.0 -375.2 76 0 5.6 8.5 7.5 2.5 4 1 3 4 4
2876.7 2862.1 -381.7 277 0 4.8 8.1 5.0 2.5 2 1 2 1 1
2982.0 2841.6 -371.5 341 0 6.1 5.9 2.5 2.5 2 0 1 3 3
3090.6 2822.8 -360.4 263 0 5.0 7.0 7.5 2.5 2 1 3 2 2
2982.9 2707.7 -374.6 178 0 5.9 8.2 2.5 2.5 2 1 1 0 0
2969.4 2707.4 -375.9 34 0 3.4 6.2 7.5 2.5 2 1 3 2 2
2893.2 2723.2 -382.8 67 0 5.9 9.0 7.5 2.5 2 1 3 0 0
2912.7 2729.5 -380.3 149 0 5.6 9.8 2.5 2.5 2 1 1 4 4
2909.8 2723.3 -380.9 241 0 5.2 9.7 7.5 2.5 2 1 3 5 5
2914.4 2707.8 -380.9 246 0 8.8 9.7 7.5 0.0 0 1 3 1 1
2927.9 2709.6 -379.3 231 0 6.9 6.1 7.5 2.5 4 0 3 4 4
2980.4 2805.8 -372.2 344 0 6.5 4.4 5.0 2.5 2 0 2 4 4
2996.4 2783.4 -370.6 161 0 9.9 6.0 7.5 0.0 0 0 3 1 1
3001.7 2744.3 -371.6 264 0 5.1 9.7 5.0 2.5 2 1 2 2 2
3032.2 2772.1 -367.7 248 0 8.5 16.1 5.0 2.5 2 1 2 1 1
3013.1 2734.7 -370.7 167 0 9.3 14.6 2.5 2.5 2 1 1 0 0
3050.5 2779.9 -366.0 17 0 4.0 9.4 5.0 2.5 4 1 2 0 0
3067.4 2767.5 -365.0 270 0 9.6 5.6 5.0 2.5 2 0 2 4 4
3054.0 2763.1 -366.7 353 0 3.8 10.2 2.5 2.5 2 1 1 3 3
3047.3 2775.8 -366.3 268 0 6.6 9.5 2.5 2.5 2 1 1 5 5
3068.1 2781.2 -364.0 76 0 9.5 3.8 7.5 2.5 2 0 3 5 5
3060.0 2794.5 -363.9 163 0 19.0 8.3 7.5 2.5 4 0 3 0 0
3551.2 5402.9 -390.6 246 0 10.6 9.4 5.0 2.5 2 0 2 4 4
3549.2 5412.6 -392.2 246 0 6.7 8.5 2.5 2.5 2 1 1 3 3
3691.8 5885.2 -393.3 279 0 15.8 5.4 5.0 2.5 2 0 2 1 1
3669.1 5876.9 -393.2 8 0 3.4 7.7 5.0 0.0 0 1 2 3 3
3795.0 5732.1 -393.2 19 0 14.5 6.0 2.5 2.5 2 0 1 2 2
3815.0 5801.7 -393.4 59 0 10.6 6.2 5.0 2.5 2 0 2 4 4
3871.4 5697.6 -393.3 303 0 8.2 7.5 5.0 2.5 2 0 2 4 4
3902.5 5771.8 -393.5 46 0 13.4 6.7 5.0 2.5 2 0 2 4 4
4279.4 5353.7 -370.1 192 0 7.5 26.3 7.5 2.5 2 1 3 0 0
4431.9 5880.2 -385.1 129 0 4.4 5.6 2.5 2.5 2 1 1 5 5
4454.9 5881.6 -384.3 181 0 8.8 4.6 7.5 2.5 2 0 3 2 2
4927.1 5512.4 -354.8 62 0 8.3 7.4 2.5 2.5 2 0 1 3 3
4933.4 5677.4 -353.3 148 0 6.8 4.3 5.0 2.5 2 0 2 1 1
-5617.2 12825.3 -401.1 90 0 38.4 250.9 12.5 0.0 0 1 5 5 5
3022.5 2799.6 -367.6 164 0 6.9 9.3 7.5 2.5 2 1 3 3 3
3037.5 2807.7 -366.3 254 0 9.4 6.9 5.0 2.5 2 0 2 2 2
3044.8 2806.5 -365.1 164 0 6.9 9.3 5.0 2.5 2 1 2 3 3
3024.7 2780.5 -368.7 341 0 6.9 9.4 7.5 2.5 2 1 3 2 2
3055.1 2827.7 -364.1 253 0 8.4 3.8 7.5 2.5 2 0 3 0 0
3053.7 2818.3 -364.0 164 0 3.8 8.4 7.5 2.5 2 1 3 2 2
3054.9 2814.2 -363.9 164 0 3.8 8.4 7.5 2.5 2 1 3 2 2
3041.0 2861.4 -364.4 163 0 3.8 8.4 7.5 2.5 2 1 3 2 2
3048.6 2833.8 -364.2 165 0 7.3 9.2 5.0 2.5 2 1 2 2 2
3043.2 2827.9 -365.3 74 0 8.4 3.8 2.5 2.5 2 0 1 3 3
3037.5 2832.4 -365.3 164 0 3.8 8.4 7.5 2.5 2 1 3 4 4
3035.3 2839.8 -365.4 164 0 3.8 8.4 7.5 2.5 2 1 3 0 0
3034.2 2843.4 -365.5 164 0 3.8 8.4 7.5 2.5 2 1 3 1 1
3043.9 2891.0 -363.5 161 0 4.5 10.0 7.5 2.5 2 0 3 5 5
3045.3 2886.9 -363.5 161 0 4.0 10.0 7.5 2.5 2 0 3 3 3
3039.2 2892.7 -364.8 343 0 3.8 8.4 5.0 2.5 2 1 2 5 5
3038.0 2896.5 -364.9 343 0 3.8 8.4 7.5 2.5 2 1 3 3 3
3028.7 2898.0 -364.9 163 0 3.8 8.4 7.5 2.5 2 1 3 3 3
3026.7 2879.6 -365.9 250 0 8.4 3.8 7.5 2.5 2 0 3 2 2
3026.8 2879.6 -366.0 70 0 8.4 3.8 7.5 2.5 2 0 3 1 1
3028.8 2886.5 -366.0 340 0 3.8 8.4 5.0 2.5 2 1 2 5 5
3027.5 2890.4 -366.1 340 0 3.8 8.4 2.5 2.5 2 1 1 3 3
3026.2 2894.2 -366.2 340 0 3.8 8.4 5.0 2.5 2 1 2 5 5
2993.9 2890.3 -368.7 160 0 3.8 8.4 5.0 2.5 2 1 2 3 3
2992.6 2894.0 -368.7 160 0 3.8 8.4 5.0 2.5 2 1 2 1 1
2990.9 2898.7 -368.8 160 0 3.8 8.4 5.0 2.5 2 1 2 4 4
2989.6 2902.3 -368.9 160 0 3.8 8.4 7.5 2.5 4 1 3 4 4
2996.1 2908.9 -368.9 340 0 3.8 8.4 5.0 2.5 2 1 2 0 0
3010.1 2905.5 -367.6 340 0 3.8 8.4 5.0 2.5 2 1 2 1 1
3008.6 2909.3 -367.7 340 0 3.8 8.4 5.0 0.0 0 1 2 1 1
3013.7 2906.7 -366.3 160 0 3.8 8.4 7.5 2.5 2 1 3 2 2
3047.4 2799.4 -365.0 160 0 3.8 8.4 2.5 2.5 4 1 1 3 3
3048.7 2795.6 -364.9 160 0 3.8 8.4 7.5 2.5 2 1 3 4 4
2937.8 6138.8 -389.5 145 0 4.5 3.4 10.5 3.5 4 0 3 2 2
2949.2 6169.2 -389.6 54 0 5.3 6.0 10.5 3.5 2 1 3 0 0
3116.8 6230.4 -391.3 229 0 9.8 8.8 10.5 3.5 2 0 3 4 4
3091.0 6260.1 -391.8 302 0 5.5 9.7 10.5 3.5 4 1 3 3 3
3035.0 6245.6 -392.5 300 0 7.9 7.8 10.5 3.5 2 0 3 0 0
3076.0 6254.1 -391.9 217 0 10.0 6.5 10.5 3.5 4 0 3 0 0
3070.9 6275.4 -392.1 32 0 5.2 4.7 10.5 0.0 0 0 3 3 3
3077.6 6269.8 -391.9 213 0 4.1 10.5 10.5 3.5 4 1 3 5 5
3134.8 6359.6 -391.4 14 0 10.2 12.0 14.0 3.5 2 1 4 2 2
3108.4 6330.6 -391.6 207 0 9.8 8.7 10.5 3.5 2 0 3 3 3
3116.3 6320.7 -391.5 217 0 6.5 7.1 10.5 3.5 2 1 3 1 1
3129.6 6286.3 -391.3 59 0 6.0 11.2 10.5 3.5 2 1 3 4 4
3056.3 6353.5 -392.4 272 0 6.2 7.7 10.5 3.5 2 1 3 3 3
3072.3 6363.1 -392.2 288 0 6.0 9.5 10.5 3.5 2 1 3 5 5
3074.9 6376.7 -392.2 283 0 6.7 7.8 10.5 3.5 2 1 3 4 4
3047.9 6252.9 -392.4 29 0 8.4 11.9 10.5 3.5 2 1 3 1 1
3030.3 6256.6 -392.6 119 0 10.1 9.5 10.5 3.5 2 0 3 1 1
3048.6 6285.9 -392.4 54 0 4.8 7.4 10.5 0.0 0 1 3 1 1
2996.4 6261.2 -392.9 46 0 10.9 8.4 10.5 3.5 4 0 3 3 3
2985.4 6273.5 -392.1 227 0 10.6 7.8 10.5 3.5 4 0 3 2 2
3003.1 6253.6 -392.9 121 0 11.2 7.2 10.5 3.5 2 0 3 4 4
2982.2 6281.0 -390.4 231 0 6.6 3.6 10.5 3.5 4 0 3 3 3
3019.1 6273.9 -392.8 8 0 8.0 11.3 10.5 3.5 2 1 3 0 0
3166.7 6245.2 -390.7 291 0 6.8 12.8 10.5 3.5 2 1 3 2 2
3131.3 6170.6 -390.9 216 0 7.1 11.3 2.5 0.0 0 1 1 4 4
3010.1 6331.0 -392.8 203 0 9.3 8.7 10.5 3.5 2 0 3 2 2
3001.0 6334.1 -391.8 190 0 9.3 8.7 10.5 3.5 2 0 3 3 3
3002.0 6273.0 -392.9 110 0 3.9 13.5 10.5 3.5 4 1 3 4 4
3054.9 6257.3 -392.3 44 0 6.9 8.2 10.5 3.5 2 1 3 5 5
3018.7 6259.8 -392.8 26 0 9.5 9.1 10.5 3.5 4 0 3 3 3
2934.9 6143.2 -388.9 151 0 3.8 4.3 10.5 3.5 2 1 3 1 1
3597.8 6808.2 -376.1 206 0 10.5 5.9 10.5 3.5 2 0 3 0 0
2931.3 6150.3 -388.4 134 0 8.9 6.3 10.5 3.5 2 0 3 0 0
2953.7 6173.5 -390.0 42 0 4.0 7.2 10.5 3.5 2 1 3 1 1
-5984.0 7422.9 -389.9 59 0 31.0 15.6 15.0 0.0 0 0 6 2 2
-6737.6 12080.6 -397.2 196 0 6.3 16.0 7.5 2.5 2 1 3 2 2
-6898.7 12787.5 -399.7 69 0 14.0 34.3 7.5 2.5 2 1 3 5 5
-6868.8 12870.0 -399.5 298 0 18.5 27.5 10.0 0.0 0 1 4 5 5
-6779.3 12878.6 -396.5 154 0 5.3 13.7 7.5 0.0 0 1 3 3 3
-5889.6 12879.8 -396.4 234 0 10.1 25.6 5.0 2.5 2 1 2 0 0
-5909.5 12841.4 -395.4 314 0 27.3 10.0 7.5 0.0 0 0 3 5 5
-5925.8 12861.4 -395.2 328 0 27.2 9.6 7.5 0.0 0 0 3 5 5
-6876.0 12491.3 -402.0 295 0 28.1 38.1 12.5 0.0 0 0 5 2 2
-5650.4 12751.6 -397.1 311 0 27.0 14.5 12.5 0.0 0 0 5 3 3
-5673.6 12773.1 -399.5 311 0 26.6 14.5 15.0 0.0 0 0 6 1 1
3853.5 5865.6 -392.4 88 0 4.8 15.7 7.5 2.5 2 1 3 3 3
3871.3 5872.5 -391.8 358 0 10.3 5.4 5.0 2.5 2 0 2 5 5
6283.8 2953.1 44.7 229 0 18.5 11.8 10.5 0.0 0 0 3 5 5
6309.1 3437.0 52.8 267 0 34.9 30.4 10.0 0.0 0 0 4 1 1
6409.5 3394.1 49.5 357 0 18.3 43.3 12.5 2.5 2 1 5 0 0
6382.1 3297.5 48.0 85 0 8.3 36.9 7.5 2.5 2 1 3 0 0
6303.2 2920.7 45.4 52 0 13.0 7.6 3.5 2.5 2 0 1 2 2
6285.3 2908.2 46.1 54 0 18.6 9.0 3.5 2.5 2 0 1 3 3
6260.1 2891.6 47.3 42 0 22.7 6.7 3.5 2.5 2 0 1 0 0
6240.9 2878.7 43.1 315 0 7.7 42.9 2.5 2.5 2 1 1 4 4
6327.0 -1667.9 -386.1 194 0 22.3 17.6 3.5 0.0 0 0 1 5 5
6280.7 -1819.0 -386.8 29 0 8.5 8.9 10.5 3.5 2 1 3 2 2
6289.5 -1802.2 -386.5 29 0 26.0 9.9 10.5 3.5 2 0 3 4 4
6265.7 -1843.7 -387.7 110 0 7.1 6.1 10.5 3.5 2 0 3 3 3
6217.5 -1846.4 -383.3 115 0 18.4 14.4 10.5 3.5 2 0 3 4 4
6293.4 -1865.1 -387.3 295 0 4.6 12.7 10.5 3.5 2 0 3 3 3
6289.5 -1863.3 -387.3 293 0 4.2 12.7 10.5 3.5 4 0 3 2 2
6335.7 -1685.4 -386.3 285 0 13.0 4.9 10.5 3.5 4 0 3 5 5
6334.5 -1690.2 -386.3 284 0 12.9 4.7 10.5 3.5 2 0 3 5 5
6325.6 -1696.8 -386.4 193 0 4.6 13.6 10.5 3.5 2 0 3 3 3
6324.5 -1701.2 -386.4 194 0 4.6 13.6 10.5 3.5 2 0 3 5 5
6323.1 -1706.3 -386.6 195 0 4.4 15.1 10.5 3.5 2 0 3 0 0
6322.1 -1710.6 -386.6 193 0 4.2 15.0 10.5 3.5 2 0 3 2 2
6325.2 -1540.6 -370.2 358 0 7.0 9.6 10.5 3.5 2 1 3 4 4
6333.9 -1573.0 -373.9 359 0 4.7 13.1 10.5 3.5 2 1 3 5 5
6330.5 -1579.8 -373.8 6 0 4.4 10.0 10.5 3.5 2 1 3 4 4
6329.6 -1604.0 -376.4 9 0 3.7 14.9 10.5 3.5 4 0 3 0 0
6329.1 -1607.7 -376.7 8 0 3.6 14.9 10.5 3.5 4 0 3 2 2
6325.8 -1618.2 -377.4 13 0 9.8 7.9 10.5 3.5 2 0 3 1 1
6303.5 -1869.2 -387.2 295 0 4.7 12.5 10.5 3.5 4 0 3 4 4
6308.4 -1874.2 -386.9 292 0 4.6 9.6 10.5 3.5 2 0 3 0 0
6277.7 -1890.4 -385.4 127 0 5.0 9.2 10.5 3.5 2 1 3 1 1
6332.1 -1609.4 -377.9 99 0 3.8 7.6 10.5 0.0 0 1 3 2 2
6372.6 -1474.9 -374.1 27 0 3.7 7.6 10.5 3.5 4 0 3 3 3
6370.9 -1478.3 -374.0 27 0 3.6 7.6 10.5 3.5 2 0 3 5 5
6356.2 -1491.6 -372.4 46 0 3.8 5.7 10.5 3.5 2 1 3 1 1
6374.3 -1471.8 -374.2 29 0 3.3 8.4 10.5 3.5 2 0 3 2 2
6384.4 -1591.3 -388.2 191 0 6.2 3.9 10.5 3.5 2 0 3 1 1
6369.7 -1590.9 -386.5 195 0 6.3 9.6 10.5 3.5 2 1 3 0 0
6396.0 -1413.2 -377.9 82 0 4.2 5.6 10.5 3.5 2 0 3 2 2
6397.4 -1395.6 -379.4 3 0 5.1 5.1 10.5 3.5 2 0 3 2 2
6397.1 -1399.8 -378.8 6 0 3.8 4.7 10.5 3.5 2 0 3 3 3
6397.1 -1404.5 -378.4 357 0 6.0 4.2 10.5 3.5 4 0 3 5 5
6399.4 -1371.3 -382.3 357 0 5.1 6.6 10.5 3.5 2 1 3 2 2
6398.8 -1378.0 -381.6 2 0 5.2 4.8 10.5 3.5 2 0 3 0 0
6392.3 -1385.7 -379.7 83 0 5.2 3.8 10.5 3.5 2 0 3 2 2
6342.7 -1889.8 -386.4 300 0 4.4 12.9 10.5 3.5 4 0 3 2 2
6338.8 -1887.6 -386.5 300 0 4.5 12.9 10.5 3.5 4 0 3 4 4
6333.0 -1884.3 -386.6 299 0 4.3 12.9 10.5 3.5 2 0 3 5 5
6329.1 -1882.1 -386.7 300 0 4.6 12.9 10.5 0.0 0 0 3 0 0
6322.1 -1880.8 -386.7 299 0 4.5 9.8 10.5 3.5 2 0 3 4 4
6319.4 -1876.8 -386.9 299 0 4.1 12.7 10.5 3.5 2 0 3 1 1
6313.4 -1873.7 -387.1 294 0 4.0 12.5 10.5 3.5 2 0 3 5 5
6213.7 -1883.2 -384.3 82 0 15.6 6.9 10.5 3.5 2 0 3 1 1
6299.9 -1780.6 -385.9 310 0 4.1 7.1 10.5 3.5 2 1 3 0 0
6567.5 -2057.6 -388.4 160 0 3.2 6.2 10.5 3.5 2 1 3 4 4
-5739.3 12735.6 -398.3 180 0 14.6 15.2 10.0 0.0 0 1 4 1 1
-5684.0 12684.0 -401.3 258 0 5.3 17.1 7.5 2.5 2 0 3 4 4
-5666.3 12678.6 -401.5 258 0 5.3 17.1 7.5 2.5 2 0 3 2 2
-5649.7 12676.7 -401.2 258 0 5.3 17.1 5.0 0.0 0 0 2 2 2
-5634.2 12679.4 -400.6 258 0 5.3 17.1 5.0 2.5 4 0 2 5 5
6569.1 -2066.4 -389.5 159 0 7.3 9.9 10.5 3.5 2 1 3 2 2
-5618.7 12682.7 -400.1 258 0 5.3 17.1 5.0 2.5 2 0 2 2 2
-5603.3 12688.0 -399.5 258 0 5.3 17.1 5.0 0.0 0 0 2 5 5
-5588.7 12695.3 -398.8 258 0 5.3 17.1 5.0 0.0 0 0 2 5 5
-5571.9 12681.2 -398.3 76 0 5.9 14.9 5.0 2.5 2 0 2 5 5
6566.1 -2188.0 -384.6 357 0 30.1 7.6 2.5 2.5 2 0 1 2 2
6566.1 -2227.6 -391.1 87 0 8.2 22.7 7.5 2.5 2 1 3 0 0
6550.7 -2067.1 -383.2 343 0 8.8 7.4 10.5 3.5 2 0 3 4 4
6541.8 -2035.2 -385.4 298 0 4.9 14.0 10.5 3.5 2 0 3 4 4
6525.5 -2014.4 -386.3 328 0 3.2 4.9 10.5 3.5 2 0 3 2 2
6528.3 -2018.8 -386.2 330 0 3.6 5.0 10.5 3.5 2 0 3 1 1
6523.6 -1990.7 -387.2 330 0 6.6 8.6 10.5 3.5 4 0 3 0 0
6527.2 -1997.5 -386.9 329 0 5.6 8.7 10.5 3.5 2 0 3 1 1
6530.0 -2002.5 -386.7 332 0 5.9 7.5 10.5 3.5 2 0 3 4 4
6506.3 -1979.8 -387.7 302 0 3.5 5.4 10.5 3.5 2 0 3 2 2
6504.0 -1987.7 -387.4 299 0 3.5 10.1 10.5 3.5 2 0 3 2 2
6506.9 -1990.1 -387.3 300 0 3.9 9.4 10.5 3.5 2 0 3 3 3
6507.5 -1997.1 -387.0 291 0 3.8 8.4 10.5 3.5 2 0 3 3 3
6510.9 -1998.4 -387.0 290 0 3.3 8.4 10.5 3.5 4 0 3 2 2
6514.7 -1999.9 -386.9 292 0 4.8 12.8 10.5 3.5 2 0 3 1 1
6504.3 -1966.6 -388.3 32 0 15.1 4.5 10.5 0.0 0 0 3 0 0
6504.3 -1966.6 -388.2 212 0 7.2 3.8 10.5 3.5 2 0 3 1 1
6499.5 -1954.1 -388.8 34 0 5.7 7.0 10.5 3.5 2 1 3 1 1
6469.7 -1923.4 -390.0 306 0 4.4 10.1 10.5 3.5 2 1 3 4 4
6451.9 -1904.7 -391.1 125 0 5.4 12.5 10.5 3.5 2 1 3 1 1
6444.5 -1904.8 -391.2 56 0 4.4 11.8 10.5 3.5 2 1 3 1 1
6456.4 -1882.6 -391.7 136 0 4.3 9.8 10.5 3.5 4 0 3 4 4
6459.0 -1885.4 -391.6 137 0 3.5 9.8 10.5 3.5 2 0 3 4 4
6455.2 -1874.5 -392.0 136 0 6.7 5.6 10.5 3.5 2 0 3 5 5
6444.8 -1851.0 -393.1 123 0 12.2 9.8 10.5 3.5 2 0 3 4 4
6389.9 -1935.1 -385.2 293 0 5.9 9.4 10.5 3.5 2 1 3 4 4
6440.8 -1913.1 -390.6 303 0 3.2 4.7 10.5 3.5 4 1 3 5 5
6402.4 -1949.4 -385.1 302 0 5.6 9.4 10.5 3.5 4 1 3 4 4
6388.2 -1955.6 -383.2 294 0 8.0 8.9 10.5 0.0 0 1 3 5 5
6473.3 -1986.1 -387.8 295 0 4.3 10.8 10.5 3.5 2 1 3 0 0
6453.6 -2017.9 -378.2 100 0 4.0 10.9 10.5 3.5 2 1 3 3 3
6474.8 -1920.1 -390.2 138 0 4.3 9.2 10.5 3.5 2 1 3 3 3
6487.6 -1933.0 -389.7 141 0 9.1 13.6 10.5 3.5 2 1 3 0 0
6489.0 -1953.9 -388.7 301 0 3.7 9.6 10.5 3.5 2 0 3 0 0
6495.0 -1957.7 -388.5 299 0 4.0 13.3 10.5 3.5 4 0 3 1 1
6459.3 -1914.8 -390.4 302 0 3.7 7.9 10.5 3.5 2 0 3 0 0
6462.7 -1917.0 -390.3 302 0 4.4 7.9 10.5 3.5 2 0 3 3 3
6466.6 -1919.5 -390.2 305 0 4.9 8.0 10.5 3.5 2 0 3 2 2
6486.0 -1943.0 -389.1 309 0 4.0 5.9 10.5 0.0 0 1 3 2 2
6366.6 -1905.5 -385.6 297 0 4.2 10.4 10.5 0.0 0 0 3 5 5
6376.8 -1908.7 -386.3 298 0 4.1 13.1 10.5 3.5 2 1 3 2 2
6347.8 -1894.9 -386.1 302 0 4.4 10.3 10.5 3.5 2 0 3 1 1
6352.4 -1894.9 -386.2 295 0 4.1 13.3 10.5 3.5 2 0 3 3 3
6357.3 -1900.3 -385.8 297 0 4.5 10.2 10.5 3.5 4 0 3 4 4
6362.3 -1900.4 -386.0 298 0 4.4 13.2 10.5 3.5 2 0 3 4 4
6492.9 -1981.7 -387.7 295 0 5.3 8.5 10.5 3.5 2 1 3 2 2
6503.7 -1304.4 -388.2 66 0 14.6 7.7 10.5 3.5 2 0 3 1 1
6402.0 -1307.7 -383.7 344 0 6.8 14.1 10.5 3.5 2 0 3 5 5
6406.9 -1325.3 -384.2 61 0 14.7 15.9 10.5 3.5 2 0 3 2 2
6461.2 -1225.7 -390.7 329 0 7.9 8.3 10.5 3.5 2 1 3 0 0
6497.8 -1280.5 -389.0 353 0 5.6 9.2 10.5 3.5 2 0 3 5 5
6499.0 -1287.0 -388.6 351 0 3.6 5.6 10.5 3.5 4 0 3 0 0
6499.7 -1290.6 -388.4 347 0 4.0 5.5 10.5 3.5 2 0 3 1 1
6504.2 -1293.9 -388.4 335 0 3.3 15.6 10.5 3.5 2 0 3 1 1
6505.5 -1309.5 -387.9 235 0 8.4 15.7 10.5 3.5 2 0 3 5 5
6516.8 -1311.1 -388.1 326 0 15.7 4.2 10.5 3.5 2 0 3 1 1
6497.1 -1266.6 -390.0 7 0 5.9 18.9 10.5 3.5 2 0 3 5 5
6522.3 -1309.6 -389.4 62 0 10.6 7.6 10.5 3.5 2 0 3 1 1
6528.0 -1282.4 -390.4 359 0 4.0 6.2 10.5 3.5 2 0 3 2 2
6517.9 -1283.1 -390.1 178 0 4.2 3.9 10.5 3.5 2 0 3 1 1
6505.8 -1286.2 -389.9 87 0 9.1 4.5 10.5 3.5 4 0 3 1 1
6509.2 -1288.4 -390.0 175 0 4.8 16.7 10.5 3.5 2 0 3 1 1
6523.2 -1322.3 -388.3 325 0 5.3 8.5 10.5 3.5 2 1 3 0 0
6523.1 -1309.6 -388.7 229 0 6.7 4.2 10.5 0.0 0 0 3 3 3
6528.0 -1326.5 -388.6 325 0 5.0 9.9 10.5 3.5 2 1 3 5 5
6423.1 -1354.2 -385.5 72 0 4.1 13.1 10.5 3.5 4 0 3 0 0
6427.0 -1353.0 -385.6 72 0 4.1 13.2 10.5 3.5 2 0 3 0 0
6426.9 -1339.2 -385.7 254 0 4.3 13.1 10.5 3.5 2 0 3 0 0
6430.9 -1337.9 -385.8 251 0 4.1 13.1 10.5 3.5 2 0 3 3 3
6435.1 -1336.4 -386.0 250 0 4.6 13.3 10.5 0.0 0 0 3 3 3
6439.3 -1335.0 -386.1 252 0 4.0 14.0 10.5 0.0 0 0 3 0 0
6443.2 -1333.7 -386.2 252 0 4.2 13.7 10.5 3.5 2 0 3 1 1
6447.1 -1332.4 -386.3 251 0 3.9 13.8 10.5 3.5 2 0 3 0 0
6451.2 -1331.2 -386.4 255 0 5.3 13.9 10.5 3.5 2 0 3 0 0
6455.6 -1329.8 -386.5 251 0 4.4 13.7 10.5 3.5 2 0 3 5 5
6468.0 -1340.1 -386.8 71 0 4.3 13.8 10.5 3.5 2 0 3 4 4
6472.0 -1338.8 -386.9 71 0 4.3 13.8 10.5 3.5 2 0 3 4 4
6462.0 -1319.7 -386.1 69 0 4.5 14.7 10.5 3.5 2 0 3 0 0
6457.5 -1321.4 -386.0 71 0 4.4 14.8 10.5 3.5 2 0 3 3 3
6453.3 -1323.0 -385.9 68 0 4.4 14.4 10.5 3.5 2 0 3 0 0
6449.2 -1324.5 -385.8 71 0 4.1 14.6 10.5 3.5 2 0 3 2 2
6445.2 -1325.9 -385.6 72 0 4.0 14.5 10.5 3.5 2 0 3 0 0
6441.1 -1327.4 -385.5 69 0 4.2 14.7 10.5 3.5 2 0 3 0 0
6442.2 -1350.7 -386.1 342 0 4.7 4.8 10.5 3.5 2 0 3 2 2
6436.9 -1328.8 -385.4 72 0 4.6 14.6 10.5 3.5 2 0 3 5 5
6429.1 -1331.0 -385.2 80 0 4.2 11.4 10.5 3.5 2 1 3 0 0
6422.4 -1332.0 -385.0 73 0 3.7 7.8 3.5 3.5 2 0 1 0 0
6424.9 -1294.3 -385.4 160 0 4.5 13.8 10.5 3.5 2 0 3 0 0
6426.4 -1298.6 -385.3 162 0 4.4 15.3 10.5 3.5 4 0 3 4 4
6427.5 -1302.3 -385.3 163 0 4.0 17.4 10.5 3.5 2 0 3 1 1
6457.1 -1299.5 -385.8 342 0 7.9 8.5 10.5 3.5 2 1 3 4 4
6413.2 -1284.1 -384.6 341 0 5.2 13.6 10.5 3.5 2 0 3 1 1
6402.1 -1293.7 -384.4 160 0 5.2 13.7 10.5 3.5 2 0 3 1 1
6416.5 -1293.1 -384.2 340 0 4.1 9.4 10.5 3.5 2 0 3 5 5
6399.9 -1232.9 -385.3 150 0 4.0 10.9 10.5 3.5 2 0 3 2 2
6401.9 -1236.2 -385.9 149 0 3.7 10.9 10.5 3.5 4 0 3 0 0
6410.4 -1238.5 -387.4 151 0 3.1 9.9 10.5 0.0 0 1 3 0 0
6414.7 -1264.7 -386.8 162 0 4.8 14.2 10.5 3.5 2 0 3 1 1
6416.2 -1269.2 -386.6 160 0 4.6 13.8 10.5 3.5 2 0 3 5 5
6426.8 -1271.4 -386.4 161 0 4.3 4.8 10.5 3.5 2 0 3 2 2
6417.9 -1274.6 -386.1 161 0 4.4 9.5 10.5 0.0 0 0 3 4 4
6419.3 -1278.6 -386.2 160 0 4.2 14.3 10.5 3.5 2 0 3 2 2
6437.0 -1276.5 -386.5 160 0 3.9 4.5 10.5 3.5 2 0 3 2 2
6420.7 -1282.4 -386.2 160 0 3.8 17.3 10.5 3.5 4 0 3 1 1
6422.2 -1286.3 -385.5 161 0 4.6 9.3 10.5 3.5 2 0 3 4 4
6423.5 -1290.3 -385.5 161 0 4.2 11.3 10.5 3.5 2 0 3 5 5
6407.2 -1267.9 -385.3 340 0 3.6 13.4 10.5 3.5 2 0 3 4 4
6408.4 -1271.1 -385.2 339 0 3.4 13.5 10.5 3.5 2 0 3 1 1
6409.8 -1275.0 -385.0 339 0 4.7 13.6 10.5 3.5 2 0 3 4 4
6411.5 -1279.5 -384.8 339 0 4.7 13.6 10.5 3.5 2 0 3 4 4
6395.2 -1247.2 -384.3 331 0 4.7 13.8 10.5 3.5 2 1 3 0 0
6387.6 -1258.6 -385.6 153 0 5.0 15.5 10.5 3.5 2 0 3 0 0
6404.0 -1257.6 -385.8 341 0 4.1 15.2 10.5 3.5 2 0 3 4 4
6392.2 -1266.1 -385.6 158 0 3.5 13.5 10.5 3.5 2 0 3 0 0
6406.2 -1264.5 -385.5 337 0 3.5 13.5 10.5 3.5 2 0 3 4 4
6391.2 -1223.1 -389.3 136 0 4.7 13.8 10.5 3.5 2 0 3 1 1
6394.2 -1226.4 -388.3 138 0 4.7 13.9 10.5 3.5 2 0 3 5 5
6397.3 -1229.5 -387.3 135 0 4.4 14.0 10.5 3.5 2 0 3 1 1
6355.1 -1219.2 -390.6 131 0 3.7 12.7 10.5 3.5 4 1 3 2 2
6358.8 -1222.5 -388.5 128 0 4.2 7.8 10.5 3.5 2 0 3 1 1
6368.5 -1210.3 -390.4 305 0 3.9 7.8 10.5 3.5 2 0 3 4 4
6379.9 -1220.1 -387.3 318 0 4.3 10.5 10.5 3.5 2 1 3 0 0
6370.3 -1235.9 -384.9 147 0 7.4 12.1 10.5 0.0 0 1 3 5 5
6373.9 -1241.2 -383.0 150 0 4.1 14.7 10.5 3.5 2 0 3 0 0
6381.6 -1247.4 -382.0 60 0 6.8 3.3 10.5 3.5 2 0 3 1 1
6376.1 -1244.6 -382.4 146 0 3.8 14.6 10.5 3.5 2 0 3 4 4
6396.0 -1289.7 -383.4 343 0 3.4 14.2 10.5 0.0 0 0 3 5 5
6400.5 -1299.3 -383.5 342 0 4.0 12.7 10.5 3.5 2 1 3 3 3
6391.1 -1272.1 -384.3 338 0 4.2 14.8 10.5 3.5 4 1 3 2 2
6384.3 -1289.8 -382.8 342 0 3.0 4.0 10.5 3.5 2 0 3 5 5
6387.5 -1267.3 -384.2 341 0 6.2 13.2 10.5 3.5 2 0 3 4 4
6401.3 -1352.8 -384.5 342 0 4.2 10.6 10.5 3.5 2 1 3 1 1
6408.7 -1337.3 -384.6 344 0 4.9 10.4 10.5 3.5 4 0 3 3 3
6407.4 -1332.9 -384.5 344 0 4.3 10.4 10.5 3.5 2 0 3 5 5
6406.0 -1328.5 -384.3 342 0 4.8 10.4 10.5 3.5 2 0 3 0 0
6380.6 -1375.0 -377.4 66 0 4.3 4.8 10.5 3.5 2 1 3 1 1
6383.1 -1385.8 -376.4 329 0 4.7 6.3 10.5 0.0 0 0 3 2 2
6405.2 -1379.6 -383.4 269 0 5.0 4.3 10.5 0.0 0 0 3 3 3
6359.7 -1248.7 -378.3 329 0 3.7 5.6 10.5 3.5 2 1 3 3 3
6372.6 -1247.0 -380.3 327 0 3.7 11.8 10.5 3.5 4 0 3 1 1
6374.7 -1250.3 -380.9 328 0 3.8 11.8 10.5 3.5 2 0 3 4 4
6499.1 -1261.3 -390.4 6 0 5.2 13.5 10.5 3.5 2 0 3 1 1
6502.6 -1267.4 -391.1 182 0 4.7 19.9 10.5 0.0 0 0 3 3 3
6507.6 -1234.8 -391.4 199 0 5.0 20.9 10.5 3.5 2 0 3 0 0
6528.6 -1249.6 -391.1 17 0 3.8 3.3 10.5 3.5 2 0 3 2 2
6507.5 -1241.2 -391.5 107 0 18.4 4.1 10.5 3.5 2 0 3 0 0
6528.6 -1251.7 -391.3 288 0 4.4 3.6 10.5 0.0 0 0 3 3 3
6503.1 -1253.6 -391.3 197 0 3.6 18.5 10.5 3.5 2 0 3 0 0
6505.5 -1230.3 -391.8 17 0 4.0 25.2 10.5 3.5 2 0 3 4 4
6504.4 -1234.3 -391.8 14 0 3.8 21.3 10.5 3.5 2 0 3 1 1
6503.3 -1238.3 -391.6 16 0 4.1 26.0 10.5 3.5 2 0 3 3 3
6502.3 -1242.3 -391.6 12 0 4.2 22.7 10.5 3.5 2 0 3 2 2
6501.5 -1246.1 -391.4 11 0 3.5 21.5 10.5 0.0 0 0 3 5 5
6476.1 -1240.3 -390.7 195 0 4.8 4.5 10.5 3.5 2 0 3 2 2
6510.2 -1210.1 -391.4 13 0 4.3 21.1 10.5 3.5 2 0 3 4 4
6509.9 -1214.5 -391.4 15 0 4.8 19.9 10.5 3.5 2 0 3 5 5
6505.5 -1226.1 -391.7 14 0 4.3 19.0 10.5 0.0 0 0 3 0 0
6516.2 -1182.8 -391.6 12 0 3.4 19.8 10.5 3.5 2 0 3 0 0
6516.8 -1190.2 -391.1 10 0 3.4 13.1 10.5 3.5 2 0 3 2 2
6514.9 -1193.2 -391.4 12 0 3.2 25.1 10.5 3.5 4 0 3 3 3
6513.7 -1197.7 -391.0 12 0 4.6 9.8 10.5 3.5 2 0 3 0 0
6511.7 -1201.7 -391.2 12 0 4.0 15.6 10.5 3.5 4 0 3 3 3
6560.7 -1356.6 -390.8 151 0 8.2 15.3 10.5 3.5 2 0 3 2 2
6563.7 -1361.9 -390.9 150 0 4.0 15.3 10.5 3.5 4 0 3 3 3
6565.7 -1365.5 -390.9 151 0 4.1 15.2 10.5 3.5 2 0 3 4 4
6573.6 -1074.4 -390.7 147 0 8.5 5.1 10.5 3.5 2 0 3 5 5
6584.9 -1088.7 -391.3 134 0 8.6 4.3 10.5 3.5 2 0 3 2 2
6613.4 -1223.1 -388.8 8 0 12.9 10.3 10.5 3.5 2 0 3 5 5
6586.7 -1296.0 -390.6 280 0 9.8 6.1 10.5 0.0 0 0 3 3 3
4360.4 11505.8 -334.1 243 0 4.8 9.9 2.5 2.5 2 1 1 1 1
4327.2 11735.5 -341.8 137 0 6.2 14.4 5.0 2.5 2 1 2 4 4
4274.9 11682.5 -345.5 90 0 20.0 5.2 7.5 2.5 2 0 3 3 3
1666.7 10911.4 -384.0 38 0 10.7 20.4 7.5 0.0 0 1 3 2 2
6880.8 1711.3 -86.4 235 0 11.1 11.4 5.0 2.5 2 1 2 3 3
6876.6 1697.7 -88.2 326 0 5.6 4.6 2.5 2.5 4 0 1 1 1
3335.7 6914.6 -355.2 214 0 21.7 34.0 10.5 0.0 0 1 3 0 0
4046.2 5888.5 -388.4 287 0 7.0 15.3 5.0 2.5 4 1 2 3 3
4932.4 11952.2 -393.4 314 0 8.6 9.2 7.5 0.0 0 0 3 5 5
4917.1 11964.6 -393.9 311 0 8.2 9.0 7.5 2.5 2 0 3 2 2
4918.1 11946.6 -393.1 315 0 5.8 11.5 7.5 2.5 2 0 3 1 1
4928.4 11936.3 -392.6 314 0 5.7 10.9 7.5 2.5 2 0 3 0 0
4940.7 11927.0 -392.2 315 0 6.6 12.3 7.5 2.5 2 1 3 5 5
4945.9 11921.4 -391.9 312 0 5.8 11.6 7.5 2.5 2 1 3 3 3
4955.8 11904.8 -391.6 45 0 10.9 11.7 5.0 2.5 2 1 2 5 5
4952.0 11931.1 -392.5 224 0 11.3 5.4 7.5 2.5 2 0 3 0 0
4946.3 11936.2 -392.7 223 0 10.6 5.7 7.5 0.0 0 0 3 3 3
4984.5 11967.7 -394.1 311 0 4.3 8.8 2.5 2.5 2 0 1 3 3
5028.6 11952.0 -393.5 313 0 8.9 6.9 7.5 2.5 2 0 3 4 4
5021.0 11958.8 -393.8 310 0 8.4 7.0 7.5 2.5 4 0 3 5 5
4987.4 11965.2 -394.0 312 0 3.3 8.9 5.0 2.5 2 0 2 5 5
4922.2 11942.4 -392.9 315 0 6.1 11.5 5.0 2.5 4 0 2 0 0
4932.6 11932.3 -392.4 314 0 6.0 10.9 5.0 2.5 2 0 2 0 0
4938.7 11946.3 -393.1 313 0 8.7 9.2 7.5 2.5 2 0 3 1 1
4923.3 11959.2 -393.7 311 0 8.2 8.9 7.5 2.5 2 0 3 3 3
4978.9 11857.9 -389.2 150 0 6.0 8.6 5.0 2.5 2 1 2 3 3
4976.3 11975.9 -394.5 313 0 9.3 9.9 5.0 2.5 2 1 2 5 5
4922.9 11922.1 -391.9 314 0 5.1 10.7 5.0 2.5 2 1 2 4 4
4979.6 11957.9 -393.6 310 0 4.9 9.0 7.5 2.5 2 1 3 0 0
4963.9 11952.4 -393.4 220 0 7.7 10.7 7.5 2.5 4 1 3 5 5
4936.2 11910.4 -391.4 314 0 6.1 11.6 5.0 2.5 2 1 2 1 1
4958.1 11941.9 -392.9 223 0 4.9 7.7 5.0 2.5 2 1 2 0 0
4929.2 11915.7 -391.6 313 0 5.6 10.4 5.0 2.5 2 1 2 2 2
4908.1 11930.0 -392.3 226 0 9.8 5.4 7.5 2.5 4 0 3 1 1
4916.3 11977.4 -394.7 135 0 4.8 7.1 5.0 2.5 2 1 2 2 2
4829.2 11539.3 -377.5 272 0 6.8 10.7 7.5 2.5 2 1 3 1 1
2306.2 8059.1 -372.8 156 0 38.1 47.9 7.5 0.0 0 1 3 4 4
2182.0 8156.7 -389.1 34 0 26.9 33.8 10.0 0.0 0 1 4 3 3
2610.3 7696.0 -372.0 36 0 20.2 27.2 12.5 0.0 0 1 5 0 0
3873.0 6136.2 -380.4 104 0 5.8 10.2 7.5 2.5 4 0 3 1 1
3865.6 6137.8 -381.3 101 0 9.7 10.1 7.5 2.5 2 0 3 3 3
3841.6 6162.9 -380.4 45 0 7.5 8.4 7.5 2.5 2 1 3 5 5
3578.0 6656.5 -380.8 50 0 27.3 12.0 14.0 3.5 2 0 4 3 3
3679.4 6916.5 -371.3 59 0 16.2 7.9 7.5 2.5 2 0 3 2 2
3776.7 6213.7 -384.1 233 0 8.9 8.7 7.5 2.5 2 0 3 5 5
3782.4 6199.8 -383.6 143 0 8.7 8.9 7.5 2.5 2 1 3 4 4
3770.4 6220.8 -385.7 61 0 12.7 4.6 2.5 2.5 2 0 1 4 4
3687.8 6750.1 -376.4 180 0 15.3 10.7 2.5 2.5 2 0 1 2 2
3759.5 6811.1 -376.7 38 0 10.8 11.0 7.5 2.5 2 1 3 5 5
6814.8 -557.2 -389.1 359 0 7.5 8.6 10.5 3.5 2 1 3 3 3
6778.1 -554.4 -386.1 86 0 6.1 10.4 10.5 3.5 2 0 3 2 2
4714.1 1363.4 -376.6 271 0 7.8 7.6 7.5 2.5 2 0 3 3 3
4825.8 1338.4 -381.3 84 0 6.7 6.7 5.0 2.5 2 0 2 5 5
4824.4 1332.7 -381.7 83 0 5.6 4.5 5.0 2.5 2 0 2 4 4
6877.4 -840.4 -384.3 83 0 12.6 15.4 14.0 3.5 2 1 4 3 3
4693.6 5699.6 -371.5 106 0 10.0 6.0 5.0 0.0 0 0 2 3 3
4653.6 5655.2 -372.4 103 0 5.9 10.6 7.5 2.5 2 1 3 4 4
4708.0 5667.6 -370.0 6 0 5.7 5.4 7.5 0.0 0 0 3 2 2
4591.1 5692.3 -376.5 287 0 6.5 9.8 7.5 2.5 2 1 3 1 1
4449.5 5683.2 -382.3 12 0 7.6 6.9 7.5 0.0 0 0 3 3 3
4410.4 5652.0 -383.4 66 0 8.8 12.1 2.5 2.5 2 1 1 0 0
4379.2 5645.9 -384.4 67 0 14.4 8.8 5.0 2.5 2 0 2 0 0
4424.7 5676.2 -383.1 329 0 10.4 8.9 5.0 2.5 2 0 2 2 2
4010.3 5998.2 -386.3 292 0 5.5 6.2 5.0 2.5 2 1 2 3 3
3936.3 5408.7 -378.6 270 0 6.5 8.0 5.0 2.5 2 1 2 3 3
3938.3 5383.2 -375.3 252 0 5.8 10.4 5.0 0.0 0 1 2 1 1
4060.0 5476.3 -376.1 353 0 5.3 11.8 5.0 2.5 2 1 2 5 5
4047.5 5442.2 -374.7 67 0 6.5 8.5 5.0 2.5 2 1 2 1 1
4041.2 5411.6 -372.5 317 0 6.1 7.8 2.5 2.5 2 1 1 0 0
4032.2 5404.1 -372.6 319 0 8.6 8.0 7.5 2.5 2 0 3 0 0
4018.5 5397.6 -372.1 232 0 5.2 8.5 2.5 2.5 2 1 1 5 5
4014.7 5381.1 -371.6 50 0 7.1 9.2 5.0 2.5 2 1 2 0 0
4098.6 5456.6 -371.7 234 0 5.1 9.0 5.0 2.5 2 1 2 0 0
4092.2 5441.2 -372.0 56 0 7.3 9.8 7.5 2.5 2 1 3 3 3
4075.5 5439.3 -372.0 235 0 7.4 8.3 5.0 2.5 2 1 2 5 5
4067.3 5434.4 -372.2 234 0 7.5 8.5 2.5 2.5 4 1 1 0 0
4057.9 5429.2 -372.4 236 0 9.8 10.4 2.5 2.5 4 1 1 1 1
4050.1 5424.2 -372.6 236 0 6.7 9.2 5.0 2.5 2 1 2 3 3
4066.7 5439.6 -373.2 54 0 8.3 7.5 7.5 2.5 2 0 3 4 4
4072.2 5475.2 -375.0 330 0 8.5 7.5 7.5 2.5 2 0 3 5 5
4109.8 5468.8 -373.8 53 0 12.2 10.6 5.0 0.0 0 0 2 2 2
4046.2 5434.4 -373.7 321 0 5.6 7.7 5.0 2.5 2 1 2 1 1
4034.6 5423.8 -373.5 233 0 7.3 6.4 7.5 2.5 2 0 3 2 2
4009.8 5399.9 -373.7 138 0 8.5 7.7 2.5 2.5 2 0 1 4 4
4030.7 5411.5 -373.6 49 0 6.8 8.6 7.5 2.5 2 1 3 4 4
4012.2 5420.3 -374.6 230 0 7.3 8.0 2.5 2.5 2 1 1 0 0
4011.2 5408.9 -374.6 51 0 6.1 7.8 7.5 2.5 2 1 3 0 0
3999.3 5399.6 -374.8 54 0 3.8 9.9 5.0 2.5 2 1 2 5 5
4009.9 5423.4 -375.8 49 0 7.7 9.6 5.0 2.5 2 1 2 4 4
4021.6 5434.4 -375.6 47 0 8.2 8.0 5.0 2.5 2 0 2 3 3
4028.7 5440.2 -375.6 48 0 7.4 8.3 2.5 2.5 2 1 1 3 3
4007.5 5441.3 -377.0 49 0 7.6 8.2 2.5 2.5 2 1 1 1 1
4000.1 5434.9 -377.0 49 0 7.6 8.3 5.0 2.5 2 1 2 2 2
3995.0 5427.4 -377.0 49 0 5.9 10.5 7.5 0.0 0 1 3 5 5
3982.8 5428.0 -376.9 230 0 7.5 8.4 5.0 2.5 4 1 2 3 3
3979.5 5400.9 -376.2 49 0 4.3 10.0 5.0 2.5 2 1 2 3 3
3975.9 5389.5 -374.4 141 0 6.9 9.3 5.0 2.5 2 1 2 4 4
3975.0 5388.1 -374.0 318 0 6.1 10.7 7.5 2.5 2 1 3 2 2
3968.3 5391.1 -375.5 48 0 8.3 7.7 2.5 2.5 2 0 1 4 4
3950.3 5402.1 -376.9 229 0 8.5 7.3 2.5 0.0 0 0 1 2 2
3975.8 5439.0 -378.0 236 0 9.6 6.3 5.0 2.5 2 0 2 4 4
3971.0 5436.8 -378.5 319 0 7.7 7.1 5.0 2.5 2 0 2 4 4
3975.6 5470.8 -380.1 236 0 6.0 10.7 7.5 2.5 2 1 3 0 0
4014.8 5447.4 -376.9 50 0 7.6 8.5 7.5 2.5 4 1 3 0 0
4299.9 5704.6 -387.2 80 0 10.6 12.2 7.5 2.5 2 1 3 3 3
4268.6 5718.4 -387.8 172 0 10.1 9.4 2.5 0.0 0 0 1 0 0
4266.7 5729.2 -388.0 170 0 7.8 10.0 7.5 2.5 2 1 3 3 3
4320.6 5735.6 -387.0 92 0 6.1 10.6 2.5 2.5 2 1 1 3 3
4304.4 5742.0 -387.4 101 0 8.6 7.6 7.5 2.5 4 0 3 2 2
4302.4 5756.3 -387.5 190 0 7.5 8.6 7.5 2.5 2 1 3 3 3
4270.2 5707.9 -387.6 171 0 8.1 7.5 7.5 2.5 4 0 3 3 3
4339.2 5727.5 -386.4 180 0 8.6 12.5 5.0 2.5 2 1 2 3 3
4338.9 5738.7 -386.6 181 0 11.1 9.5 5.0 2.5 2 0 2 0 0
4339.2 5749.3 -386.7 182 0 7.2 9.3 2.5 2.5 2 1 1 0 0
4335.6 5752.9 -387.0 2 0 7.4 8.5 7.5 2.5 2 1 3 1 1
4336.9 5761.7 -387.1 2 0 7.9 9.3 2.5 2.5 2 1 1 4 4
4346.4 5765.7 -386.8 272 0 13.1 4.9 7.5 2.5 4 0 3 5 5
4255.2 5736.6 -388.3 261 0 6.0 11.8 5.0 2.5 2 1 2 2 2
4255.0 5741.8 -388.5 8 0 7.6 8.5 5.0 2.5 2 1 2 5 5
4338.4 5807.8 -387.6 339 0 4.8 8.3 5.0 2.5 4 1 2 1 1
4280.2 5696.0 -387.5 2 0 4.1 9.0 7.5 2.5 2 1 3 3 3
6390.1 -979.5 -393.2 37 0 6.3 15.2 10.5 3.5 4 1 3 3 3
6398.7 -968.9 -393.1 37 0 14.2 13.3 10.5 3.5 2 0 3 1 1
6415.5 -798.0 -390.0 142 0 7.0 3.7 10.5 3.5 2 0 3 2 2
6324.8 -1246.1 -381.1 122 0 6.1 6.1 10.5 3.5 2 1 3 5 5
6362.3 -1232.9 -383.5 328 0 5.1 16.1 10.5 3.5 2 1 3 3 3
6565.0 -1023.2 -390.8 41 0 4.8 10.5 10.5 3.5 2 0 3 3 3
6519.4 -1018.5 -391.3 133 0 12.4 10.3 14.0 3.5 2 0 4 0 0
6551.9 -1015.3 -391.2 42 0 12.9 27.7 14.0 3.5 2 1 4 4 4
6358.3 -1508.2 -375.0 221 0 3.0 6.3 10.5 3.5 2 1 3 5 5
6378.6 -1578.8 -385.5 183 0 3.4 3.4 10.5 3.5 2 0 3 3 3
6007.5 -1836.4 -375.9 277 0 4.8 7.6 5.0 2.5 2 1 2 5 5
6535.3 -544.2 -384.5 355 0 3.8 16.4 10.5 3.5 2 1 3 4 4
6502.6 -539.2 -384.1 174 0 4.4 16.8 10.5 3.5 2 1 3 5 5
6898.2 -838.4 -383.4 89 0 6.3 8.3 10.5 3.5 2 1 3 4 4
6168.7 -1890.8 -382.3 88 0 17.9 9.9 10.5 3.5 2 0 3 4 4
6395.4 -990.0 -392.9 163 0 3.5 3.5 10.5 3.5 2 1 3 3 3
6490.5 -1017.8 -391.8 16 0 4.3 10.6 10.5 3.5 2 1 3 3 3
6561.8 -880.7 -388.3 188 0 8.1 4.4 7.5 2.5 2 0 3 4 4
6632.9 -546.4 -384.0 101 0 5.9 6.4 10.5 0.0 0 1 3 1 1
6638.1 -547.6 -384.1 103 0 4.0 6.2 10.5 3.5 2 0 3 4 4
6642.2 -548.6 -384.1 105 0 4.7 6.3 10.5 3.5 2 0 3 0 0
6645.1 -551.6 -384.5 187 0 4.4 3.3 10.5 3.5 2 0 3 3 3
6632.1 -560.4 -385.0 91 0 3.8 3.4 7.0 3.5 2 0 2 2 2
6821.5 -541.6 -387.5 177 0 10.3 6.2 10.5 3.5 2 0 3 3 3
6814.3 -543.4 -387.3 359 0 7.6 8.4 10.5 3.5 4 0 3 4 4
6805.8 -543.6 -387.1 359 0 7.6 8.4 10.5 3.5 2 0 3 3 3
6784.0 -554.1 -386.6 88 0 5.9 10.5 10.5 0.0 0 0 3 4 4
6655.8 -548.6 -384.1 87 0 13.3 6.0 10.5 3.5 2 0 3 5 5
6452.2 -510.0 -372.2 192 0 4.7 5.8 10.5 3.5 2 1 3 2 2
6095.6 -1305.5 -389.4 241 0 5.1 5.2 10.5 3.5 2 1 3 2 2
6119.6 -1294.6 -387.7 243 0 8.7 12.8 10.5 3.5 2 1 3 2 2
6111.0 -1299.2 -388.2 242 0 8.7 12.9 10.5 3.5 2 1 3 0 0
6219.4 -1251.6 -379.8 252 0 6.3 6.3 10.5 3.5 2 1 3 0 0
6197.4 -1843.7 -379.6 171 0 4.1 6.2 10.5 3.5 2 1 3 4 4
6164.7 -1841.9 -379.9 266 0 7.4 38.1 10.5 3.5 2 1 3 0 0
6200.9 -1884.8 -383.5 84 0 10.7 5.9 10.5 3.5 2 0 3 1 1
6773.5 1323.8 -143.3 44 0 7.1 15.0 7.5 2.5 2 0 3 2 2
6767.8 1318.1 -143.1 44 0 8.9 15.0 5.0 2.5 2 0 2 2 2
6749.5 1299.5 -142.3 46 0 7.7 16.7 7.5 2.5 2 0 3 5 5
6742.7 1292.7 -142.1 45 0 11.6 14.1 2.5 2.5 2 0 1 4 4
6846.6 1382.6 -145.2 130 0 3.6 3.8 7.5 2.5 2 1 3 0 0
6855.7 1382.6 -146.5 121 0 4.1 5.2 2.5 2.5 2 1 1 5 5
6805.8 -517.4 -383.4 349 0 11.7 4.1 10.5 3.5 2 0 3 2 2
6810.2 -516.1 -383.2 348 0 12.5 4.6 10.5 3.5 2 0 3 3 3
6835.7 1092.0 -162.7 210 0 4.3 7.2 7.5 2.5 2 0 3 0 0
6849.0 1082.5 -165.8 31 0 7.5 6.3 7.5 0.0 0 0 3 3 3
6912.0 1075.8 -189.9 349 0 5.4 5.8 7.5 2.5 2 1 3 2 2
6877.5 1080.7 -179.6 130 0 8.6 8.6 5.0 2.5 2 0 2 2 2
6762.6 1069.8 -136.7 36 0 9.8 18.2 2.5 2.5 2 1 1 3 3
6807.2 1092.3 -153.0 252 0 12.2 8.6 7.5 2.5 2 0 3 2 2
6820.1 1081.7 -154.7 321 0 8.3 8.1 7.5 2.5 2 0 3 0 0
6895.5 1120.2 -184.9 36 0 13.1 8.5 2.5 2.5 2 0 1 5 5
6877.4 1127.7 -180.8 127 0 4.3 11.2 5.0 2.5 2 1 2 1 1
6868.1 1138.3 -176.9 135 0 13.8 8.5 2.5 2.5 2 0 1 1 1
6835.1 1109.2 -161.5 45 0 6.3 9.8 7.5 2.5 2 1 3 1 1
6780.0 1116.3 -146.1 73 0 9.5 8.3 2.5 2.5 4 0 1 5 5
6771.4 1171.1 -146.8 260 0 3.9 8.8 5.0 0.0 0 0 2 2 2
6782.0 1166.7 -149.2 349 0 12.5 7.7 7.5 2.5 2 0 3 4 4
6766.3 1143.3 -146.4 158 0 10.3 11.8 5.0 2.5 2 1 2 0 0
6749.9 1119.8 -138.9 179 0 7.7 8.9 7.5 2.5 2 1 3 5 5
6710.6 1136.8 -126.8 52 0 10.1 9.0 5.0 2.5 2 0 2 0 0
6769.6 1260.7 -150.3 7 0 4.3 6.5 7.5 2.5 2 0 3 2 2
6770.1 1264.5 -150.6 7 0 3.3 6.5 5.0 2.5 2 0 2 0 0
6920.8 1233.1 -189.4 267 0 3.3 9.1 2.5 2.5 2 1 1 2 2
6920.7 1311.2 -171.8 336 0 5.1 3.1 7.5 2.5 2 0 3 1 1
6905.7 1251.8 -181.0 28 0 3.2 12.3 5.0 2.5 2 0 2 0 0
6903.3 1247.3 -181.9 28 0 7.1 7.7 5.0 2.5 2 0 2 4 4
6906.6 1259.7 -179.8 26 0 8.4 10.2 2.5 0.0 0 1 1 2 2
6908.5 1286.9 -174.9 352 0 7.9 11.1 7.5 2.5 2 1 3 0 0
6894.4 1625.3 -102.9 73 0 8.2 8.3 2.5 2.5 2 1 1 3 3
6837.6 1367.3 -147.1 45 0 6.0 12.5 7.5 2.5 2 0 3 5 5
6829.4 1358.9 -148.1 45 0 17.4 12.5 7.5 2.5 2 0 3 3 3
6747.4 1266.8 -147.3 216 0 6.2 13.7 5.0 2.5 2 0 2 4 4
6742.9 1260.4 -147.4 215 0 9.3 20.0 7.5 2.5 2 0 3 4 4
6758.4 1308.5 -142.8 44 0 17.9 18.4 12.5 2.5 2 0 5 3 3
3971.2 6920.1 -365.0 124 0 5.5 7.2 2.5 2.5 2 1 1 2 2
3719.8 6595.9 -378.1 170 0 10.6 6.2 7.5 2.5 4 0 3 0 0
3712.5 6732.1 -369.7 177 0 6.2 10.5 5.0 2.5 2 1 2 5 5
3864.1 6287.2 -367.4 60 0 7.0 30.9 2.5 2.5 4 1 1 3 3
6526.6 11433.8 -324.8 313 0 10.7 6.0 7.5 2.5 4 0 3 4 4
6233.1 3145.9 45.5 269 0 10.0 9.4 2.5 2.5 2 0 1 0 0
6206.2 3136.3 45.2 235 0 9.2 10.3 7.5 2.5 2 1 3 2 2
6145.5 2861.5 44.8 83 0 4.8 8.7 7.5 2.5 2 1 3 3 3
6066.8 2845.6 38.8 304 0 6.1 4.4 2.5 2.5 2 0 1 4 4
6154.4 3440.3 66.1 111 0 5.7 6.9 5.0 2.5 2 1 2 3 3
6094.6 3171.4 51.6 41 0 16.4 11.9 5.0 2.5 2 0 2 2 2
6325.9 3491.0 60.2 162 0 5.0 4.6 7.5 2.5 2 0 3 4 4
6296.8 3483.4 60.3 343 0 4.4 4.6 5.0 2.5 2 1 2 0 0
6004.6 3103.7 48.1 130 0 14.0 18.2 10.0 0.0 0 1 4 3 3
6143.3 3002.5 46.5 328 0 8.5 13.8 2.5 2.5 2 1 1 0 0
6288.1 2829.8 43.8 317 0 6.3 7.9 5.0 2.5 2 1 2 5 5
6358.5 3069.2 45.9 194 0 9.4 10.0 7.5 0.0 0 1 3 5 5
6494.1 3358.7 56.1 269 0 4.3 5.0 2.5 2.5 2 1 1 1 1
6239.0 3411.7 55.7 218 0 4.7 4.5 7.5 2.5 2 0 3 2 2
6244.2 3406.1 55.2 253 0 3.9 9.7 7.5 0.0 0 1 3 3 3
4864.7 12588.7 -401.8 346 0 3.4 7.6 10.5 3.5 2 1 3 4 4
2664.1 10708.9 -362.5 88 0 7.3 4.0 7.5 2.5 2 0 3 5 5
2701.1 10709.8 -356.6 85 0 7.6 3.7 7.5 2.5 2 0 3 2 2
2848.3 10721.2 -344.7 182 0 8.1 10.7 7.5 2.5 4 0 3 1 1
2848.1 10715.3 -342.8 182 0 3.8 10.7 5.0 0.0 0 0 2 4 4
2848.0 10711.4 -341.9 182 0 3.9 10.7 7.5 2.5 2 0 3 2 2
2360.9 10505.7 -371.7 50 0 4.4 9.5 5.0 2.5 4 0 2 2 2
4326.6 11994.3 -370.6 244 0 3.5 5.4 2.5 0.0 0 1 1 3 3
4523.4 11973.5 -384.3 348 0 8.9 9.7 2.5 2.5 2 1 1 1 1
4773.0 11913.7 -391.4 211 0 6.1 9.1 5.0 2.5 2 1 2 3 3
4949.5 12029.6 -397.0 311 0 7.4 7.4 7.5 2.5 2 0 3 5 5
5111.2 11828.0 -387.8 293 0 3.7 4.4 5.0 2.5 2 1 2 0 0
5111.3 11815.0 -387.7 124 0 3.0 6.2 5.0 2.5 2 1 2 4 4
4015.0 5428.1 -375.7 47 0 4.5 9.4 7.5 2.5 4 1 3 1 1
4675.4 5704.6 -372.5 108 0 5.8 12.6 5.0 2.5 2 1 2 2 2
4683.2 5703.9 -372.1 107 0 6.2 10.3 2.5 2.5 2 1 1 2 2
3954.3 6088.8 -383.2 247 0 5.6 4.8 2.5 2.5 4 0 1 0 0
3949.8 6097.0 -382.9 311 0 4.1 7.5 2.5 0.0 0 1 1 2 2
3877.7 6135.1 -379.9 101 0 4.2 10.4 5.0 2.5 2 0 2 4 4
4265.7 5735.8 -388.0 170 0 3.9 9.9 7.5 2.5 2 1 3 3 3
4283.9 5735.4 -387.7 260 0 5.9 6.1 2.5 2.5 2 1 1 1 1
4304.3 5766.1 -387.6 190 0 7.4 8.4 5.0 2.5 2 1 2 4 4
4305.2 5733.2 -387.2 203 0 3.6 10.2 7.5 0.0 0 1 3 5 5
4451.0 5690.1 -382.2 12 0 3.9 4.9 5.0 2.5 2 1 2 0 0
4615.5 5576.5 -372.2 190 0 6.4 10.0 7.5 2.5 2 1 3 5 5
4275.3 5358.2 -368.5 281 0 7.5 8.6 7.5 0.0 0 1 3 4 4
3259.4 6553.4 -383.7 287 0 8.5 7.4 10.5 3.5 2 0 3 0 0
3899.2 6167.7 -373.5 328 0 6.6 10.7 5.0 2.5 2 1 2 4 4
3758.9 6245.9 -386.4 260 0 6.6 10.7 5.0 2.5 2 1 2 2 2
3924.6 6858.4 -366.5 175 0 3.6 3.1 2.5 2.5 2 0 1 2 2
3860.6 6333.0 -363.3 329 0 4.8 4.8 2.5 2.5 2 0 1 0 0
3764.9 6331.1 -381.5 70 0 5.4 7.5 7.5 2.5 2 1 3 4 4
5079.8 5640.2 -323.5 158 0 4.2 6.0 7.5 2.5 2 1 3 4 4
5986.8 4987.4 -77.7 107 0 8.4 10.2 5.0 2.5 2 1 2 3 3
6018.7 5350.3 -124.7 296 0 9.2 5.5 7.5 2.5 2 0 3 3 3
6022.0 5342.7 -123.3 296 0 9.2 5.8 5.0 2.5 2 0 2 1 1
6114.8 5302.1 -99.7 201 0 11.9 9.7 5.0 0.0 0 0 2 2 2
5999.4 5065.8 -81.9 106 0 13.8 5.7 7.5 0.0 0 0 3 0 0
6037.8 5371.5 -129.2 190 0 18.2 14.1 7.5 2.5 2 0 3 5 5
6028.2 5185.8 -95.2 206 0 10.1 14.5 2.5 2.5 2 1 1 2 2
5996.4 5080.9 -83.4 197 0 12.1 14.0 2.5 2.5 2 1 1 4 4
6011.8 5218.3 -101.5 58 0 4.0 4.6 2.5 2.5 2 1 1 2 2
6038.6 4994.5 -59.2 247 0 4.7 5.5 5.0 2.5 2 1 2 3 3
5965.4 5068.4 -89.2 359 0 3.1 3.1 2.5 2.5 2 1 1 5 5
2946.9 2765.8 -376.2 103 0 7.9 9.8 7.5 2.5 2 1 3 4 4
3020.1 2836.2 -368.2 342 0 22.5 9.9 5.0 2.5 2 0 2 2 2
3036.4 2812.2 -366.5 72 0 9.1 18.7 7.5 2.5 2 1 3 1 1
3053.0 2859.3 -363.2 164 0 8.4 8.0 2.5 2.5 2 0 1 3 3
4928.3 1376.1 -376.3 4 0 8.6 6.7 2.5 2.5 2 0 1 3 3
3121.2 7041.8 -366.2 118 0 29.1 19.8 14.0 3.5 2 0 4 2 2
2913.3 7184.6 -358.8 146 0 29.0 22.8 14.0 0.0 0 0 4 4 4
2814.6 7291.8 -362.3 159 0 29.0 17.1 14.0 3.5 2 0 4 4 4
220.8 12781.7 -385.3 31 0 14.1 22.0 12.5 0.0 0 1 5 3 3
6554.8 -1364.9 -390.7 243 0 10.2 11.2 14.0 3.5 2 1 4 5 5
6551.1 -1354.9 -390.3 317 0 13.7 12.9 14.0 3.5 2 0 4 4 4
-6441.6 12338.8 -405.0 24 0 6.5 8.1 7.0 2.5 2 1 2 1 1
2804.4 6253.2 -386.0 103 0 5.4 5.0 5.0 2.5 4 0 2 0 0
-5579.1 12880.4 -399.6 178 0 45.1 42.9 10.0 0.0 0 0 4 5 5
3790.5 5905.7 -393.5 258 0 5.5 21.3 2.5 2.5 2 1 1 5 5
3801.2 5902.7 -393.5 169 0 10.5 14.1 2.5 2.5 2 0 1 4 4
3808.7 5894.4 -393.5 168 0 8.6 8.4 2.5 2.5 2 0 1 1 1
5525.0 6313.3 -318.0 19 0 8.9 15.7 5.0 2.5 2 1 2 4 4
5504.0 6332.0 -320.0 287 0 8.2 19.2 2.5 2.5 2 1 1 3 3
5539.6 6322.1 -315.3 15 0 14.9 7.7 2.5 2.5 2 0 1 1 1
5537.0 6343.4 -315.2 195 0 20.1 7.5 5.0 2.5 2 0 2 5 5
5533.3 6367.0 -316.5 195 0 17.1 7.8 5.0 0.0 0 0 2 5 5
5497.0 6381.0 -321.2 201 0 20.4 16.1 12.5 2.5 2 0 5 3 3
-6440.1 7589.4 -376.2 41 0 25.0 40.0 12.5 0.0 0 1 5 2 2
-6210.6 12614.7 -378.3 50 0 7.4 6.0 7.5 2.5 2 0 3 5 5
-6511.8 5735.5 -385.9 167 0 3.8 7.3 7.5 2.5 2 1 3 4 4
-6514.0 5748.0 -386.2 205 0 5.0 8.6 7.5 2.5 2 1 3 4 4
-6531.5 5732.5 -384.6 163 0 12.7 7.6 7.5 2.5 2 0 3 3 3
-6536.9 5732.9 -383.7 345 0 6.8 3.7 5.0 2.5 2 0 2 4 4
3491.0 6735.9 -378.8 228 0 26.0 27.3 3.5 0.0 0 1 1 5 5
-6765.7 11575.1 -391.3 229 0 10.3 3.7 7.5 2.5 2 0 3 5 5
-6737.2 11586.7 -390.0 48 0 6.2 3.1 7.5 2.5 2 0 3 0 0
3823.1 6945.4 -369.6 352 0 5.5 4.7 5.0 2.5 2 0 2 4 4
3820.7 6940.4 -370.3 269 0 5.6 7.3 5.0 0.0 0 1 2 1 1
3804.1 6946.6 -370.2 249 0 9.3 12.2 7.5 2.5 2 1 3 2 2
3790.3 6942.4 -370.6 252 0 10.4 14.3 5.0 2.5 2 1 2 3 3
3762.1 6941.0 -370.1 236 0 10.6 7.1 7.5 2.5 4 0 3 1 1
3774.9 6935.4 -370.6 315 0 6.6 9.2 7.5 0.0 0 1 3 1 1
3755.5 6940.1 -370.0 336 0 9.1 8.3 7.5 2.5 2 0 3 1 1
3761.4 6930.1 -371.1 228 0 6.2 10.7 7.5 2.5 2 1 3 5 5
3781.2 6930.6 -371.2 304 0 7.3 10.8 2.5 2.5 2 1 1 5 5
3800.6 6917.6 -371.5 59 0 6.6 9.7 5.0 2.5 2 1 2 2 2
3785.4 6920.4 -371.9 219 0 5.2 10.9 2.5 2.5 2 1 1 3 3
3786.9 6907.2 -372.4 41 0 7.4 10.4 7.5 2.5 2 1 3 3 3
3815.9 6918.3 -371.7 46 0 11.2 7.0 5.0 2.5 4 0 2 2 2
3805.2 6909.4 -372.4 47 0 12.8 6.7 5.0 2.5 2 0 2 0 0
3795.0 6900.4 -373.0 42 0 10.1 7.3 5.0 2.5 2 0 2 5 5
3772.5 6901.3 -372.8 43 0 9.7 10.9 5.0 2.5 2 1 2 1 1
3746.1 6905.8 -373.4 219 0 6.5 20.7 7.5 2.5 4 1 3 3 3
3754.6 6919.4 -371.8 215 0 4.8 11.9 5.0 2.5 2 1 2 2 2
3750.2 6913.6 -372.3 216 0 6.9 12.1 7.5 2.5 2 1 3 2 2
3747.2 6926.9 -371.1 222 0 5.2 9.2 5.0 2.5 2 1 2 5 5
3737.9 6921.1 -371.7 218 0 6.0 12.6 2.5 2.5 2 1 1 1 1
3734.6 6907.8 -372.3 131 0 13.0 7.7 7.5 2.5 2 0 3 2 2
3746.5 6885.2 -374.0 135 0 10.5 7.8 2.5 2.5 2 0 1 5 5
3740.4 6893.6 -373.2 131 0 6.9 6.3 5.0 2.5 2 0 2 4 4
3726.8 6889.2 -374.2 227 0 9.4 11.1 7.5 0.0 0 1 3 1 1
3770.7 6885.0 -374.0 52 0 7.1 9.3 7.5 2.5 2 1 3 3 3
3785.1 6891.4 -373.7 45 0 12.2 11.8 7.5 2.5 4 0 3 1 1
3784.6 6871.1 -375.2 57 0 11.0 6.3 5.0 2.5 2 0 2 0 0
3772.9 6874.2 -374.9 59 0 9.0 8.0 5.0 2.5 2 0 2 1 1
3761.0 6875.8 -374.7 53 0 7.3 9.9 7.5 2.5 2 1 3 1 1
3756.4 6866.5 -375.2 51 0 5.7 11.5 7.5 2.5 2 1 3 0 0
3883.2 6213.8 -366.8 328 0 8.5 7.5 5.0 2.5 2 0 2 1 1
3892.6 6198.9 -368.4 328 0 7.6 8.5 7.5 2.5 2 1 3 2 2
3891.9 6149.5 -376.8 11 0 8.0 8.0 7.5 2.5 2 0 3 3 3
3873.4 6204.4 -370.1 319 0 3.9 9.8 5.0 2.5 2 1 2 3 3
3856.8 6179.9 -374.6 134 0 8.5 7.6 5.0 2.5 2 0 2 4 4
3425.8 6266.1 -385.7 105 0 20.1 12.2 10.5 3.5 2 0 3 3 3
-6837.5 12484.1 -403.6 284 0 48.5 53.8 10.0 0.0 0 0 4 3 3
