I
1100 Generated by WorldEditor 1.6.0b2

1     20 1 0 VMMC Macau Intl
1302 city Taipa
1302 country Macau
1302 datum_lat 22.149444444
1302 datum_lon 113.591388889
1302 faa_code 
1302 iata_code MFM
1302 icao_code VMMC
1302 region_code VM
1302 state (unassigned)
1302 transition_alt 9000
1302 transition_level 
100 45.11 2 1 0.25 0 2 1 16  22.16370769  113.58613194  360   47 3 6 0 1 34  22.13502200  113.59669200  370   56 3 2 0 1
110 15 0.00 0.0000 North Taxiway Edge
111  22.14611935  113.59236832 3 102
112  22.14585224  113.59223917  22.14579308  113.59212655 3 102
111  22.14567316  113.59189908 3 102
112  22.14561385  113.59141706  22.14560041  113.59126436 3 102
111  22.14567917  113.59122629 3 102
111  22.14645477  113.59083706 3 102
112  22.14715092  113.59056112  22.14728619  113.59051161 3 102
111  22.14739179  113.59037048 3 102
111  22.15567032  113.57682473
111  22.15549258  113.57670025 3 102
112  22.14723262  113.59025130  22.14716238  113.59035958 3 102
111  22.14710254  113.59037142 3 102
111  22.13663842  113.59427080 3 102
111  22.13529270  113.59479834
112  22.13529270  113.59479834  22.13499150  113.59490013 3 102
111  22.13497752  113.59526245 3 102
111  22.13501057  113.59645813
111  22.13535377  113.59633575 3 102
112  22.13523218  113.59620462  22.13522843  113.59607181
111  22.13523218  113.59620462 3 102
111  22.13520876  113.59533492 3 102
112  22.13540517  113.59501963  22.13558814  113.59494214
111  22.13540517  113.59501963 3 102
111  22.13587328  113.59482715 3 102
112  22.13632488  113.59471326  22.13642419  113.59471144 3 102
111  22.13647228  113.59478657 3 102
111  22.13670296  113.59522324 3 102
112  22.13671582  113.59560170  22.13672658  113.59579653 3 102
111  22.13657424  113.59588490
111  22.13731118  113.59561147 3 102
112  22.13709861  113.59552052  22.13703124  113.59540921 3 102
111  22.13689403  113.59515357 3 102
112  22.13683003  113.59465522  22.13681952  113.59452665 3 102
111  22.13690808  113.59448083 3 102
111  22.13753650  113.59414460 3 102
111  22.14026333  113.59314782 3 102
112  22.14088911  113.59301236  22.14103584  113.59298782 3 102
111  22.14110473  113.59310130 3 102
111  22.14130811  113.59351475 3 102
112  22.14133101  113.59392401  22.14134627  113.59408736 3 102
111  22.14121375  113.59417119
111  22.14192449  113.59391022 3 102
112  22.14170083  113.59379771  22.14163169  113.59367018 3 102
111  22.14150434  113.59345462 3 102
112  22.14144521  113.59295851  22.14143085  113.59282517 3 102
111  22.14153678  113.59277112 3 102
111  22.14218431  113.59244399 3 102
111  22.14439754  113.59160654 3 102
112  22.14506037  113.59145444  22.14521343  113.59143204 3 102
111  22.14526829  113.59155160 3 102
111  22.14547717  113.59195935 3 102
112  22.14550357  113.59237132  22.14551697  113.59254560 3 102
113  22.14536395  113.59263893
110 1 0.00 72.0000 North Taxiway Bridge
111  22.16086789  113.57849924
111  22.16231660  113.58295451
112  22.16234489  113.58353992  22.16230246  113.58380462
111  22.16234489  113.58353992
111  22.16183793  113.58636513
112  22.16183793  113.58636513  22.16180748  113.58651153
111  22.16171584  113.58664407
111  22.16252427  113.58634704
112  22.16242460  113.58614898  22.16244855  113.58602828
111  22.16242460  113.58614898
111  22.16270391  113.58436544
111  22.16316067  113.58581885
112  22.16316067  113.58581885  22.16321684  113.58599798
111  22.16300475  113.58619483
111  22.16371248  113.58591728
113  22.16127841  113.57836262
110 15 0.00 0.0000 South Taxiway Edge
111  22.16361077  113.58591514 3 102
111  22.16119156  113.57838418
111  22.16095227  113.57846953 3 102
112  22.16239069  113.58291512  22.16250457  113.58326966 3 102
111  22.16244612  113.58365145 3 102
112  22.16193268  113.58638183  22.16190130  113.58653829 3 102
111  22.16180907  113.58660230
111  22.16241940  113.58635127 3 102
112  22.16228961  113.58617302  22.16230900  113.58605000
111  22.16228961  113.58617302 3 102
111  22.16267362  113.58389383 3 102
112  22.16325481  113.58576676  22.16332032  113.58598838 3 102
113  22.16314944  113.58610204
110 1 0.20 122.0000 South Taxiway Bridge
111  22.15569012  113.57691121
111  22.15542431  113.57668011
111  22.14716603  113.59020385
113  22.14746907  113.59041257
110 1 0.00 160.0000 South Taxiway
111  22.14717401  113.59019121
112  22.14702521  113.59031558  22.14692391  113.59034759
112  22.14681994  113.59032507  22.14675103  113.59028258
111  22.14674840  113.59013121
111  22.14654122  113.59017313
112  22.14643595  113.59044770  22.14640017  113.59051534
111  22.14634672  113.59055431
111  22.13515382  113.59473724
112  22.13489839  113.59523311  22.13487294  113.59563547
111  22.13489839  113.59523311
111  22.13492567  113.59650684
111  22.13532505  113.59636336
111  22.13529489  113.59539166
112  22.13529489  113.59539166  22.13530641  113.59513542
111  22.13546392  113.59508353
111  22.13627099  113.59482428
112  22.13659996  113.59524312  22.13675877  113.59573687
111  22.13639656  113.59597277
111  22.13740565  113.59559823
112  22.13699152  113.59514674  22.13687212  113.59473851
112  22.13700105  113.59451104  22.13710139  113.59445086
111  22.13755574  113.59424821
111  22.14028003  113.59324145
111  22.14092321  113.59310912
112  22.14122061  113.59354760  22.14137109  113.59401300
111  22.14114921  113.59421104
111  22.14203384  113.59388706
112  22.14159272  113.59341712  22.14146131  113.59297664
111  22.14155976  113.59287396
111  22.14220970  113.59254011
111  22.14442660  113.59170456
111  22.14507574  113.59154322
112  22.14539119  113.59198287  22.14553963  113.59243923
111  22.14528428  113.59270156
111  22.14622219  113.59234860
112  22.14575944  113.59185922  22.14561599  113.59137670
111  22.14576349  113.59129315
111  22.14662307  113.59085993
112  22.14721376  113.59062852  22.14741207  113.59054951
113  22.14747297  113.59040605
110 1 0.00 0.0000 Ramp
111  22.15825019  113.57554005
112  22.15645357  113.57402730  22.15591352  113.57296610
111  22.15507876  113.57120813
111  22.15290535  113.57237374
111  22.15433975  113.57547297
111  22.15555845  113.57684473
112  22.15730642  113.57786511  22.15789362  113.57802131
111  22.16047470  113.57866843
111  22.16130601  113.57837095
113  22.16168769  113.57655604
130 Airport Boundary
111  22.15964286  113.57500736
111  22.15830958  113.57462001
111  22.15719421  113.57333051
111  22.15588055  113.57055969
111  22.15501526  113.57000955
111  22.15229564  113.57133751
111  22.15421969  113.57554699
111  22.15535349  113.57670894
111  22.14739098  113.58974726
111  22.14717112  113.58961057
111  22.14633940  113.58988298
111  22.14619605  113.59040484
111  22.13458936  113.59468513
111  22.13412708  113.59571215
111  22.13477024  113.59769296
111  22.13547137  113.59803720
111  22.16480144  113.58713448
111  22.16514951  113.58639035
111  22.16481077  113.58529912
111  22.16420990  113.58503142
111  22.16354623  113.58527594
111  22.16138547  113.57860657
111  22.16094165  113.57876785
111  22.16233899  113.58318465
111  22.16185696  113.58596062
111  22.14876655  113.59073495
111  22.14773779  113.59004920
111  22.15566977  113.57702961
111  22.15599343  113.57725283
111  22.15584283  113.57752413
111  22.15558598  113.57762191
111  22.15541904  113.57788771
111  22.15544297  113.57809544
111  22.15561758  113.57825418
111  22.15586476  113.57822224
111  22.15605799  113.57792233
111  22.15604500  113.57769584
111  22.15622046  113.57739735
111  22.15720169  113.57794918
111  22.16062947  113.57887752
111  22.16156831  113.57853319
111  22.16252562  113.57417732
111  22.16176299  113.57401057
113  22.16034013  113.57486581
120 Linear Feature 8
111  22.15369562  113.57378216 5
111  22.15425981  113.57345328 5
112  22.15440644  113.57349605  22.15446028  113.57360197 5
112  22.15522848  113.57510177  22.15544811  113.57552861 5
111  22.15566146  113.57573864 5
112  22.15566146  113.57595544  22.15560499  113.57605707 5
115  22.15531006  113.57651101
120 Linear Feature 7
111  22.16143987  113.57734356 5
112  22.15781174  113.57637054  22.15668741  113.57607433 5
111  22.15584752  113.57467387 5
112  22.15510342  113.57322282  22.15505027  113.57312444 5
111  22.15513301  113.57304947 5
115  22.15571844  113.57271454
120 Linear Feature 6
111  22.15585899  113.57702186 5
111  22.15621164  113.57641712 5
112  22.15631017  113.57639472  22.15635603  113.57643088 5
112  22.15740549  113.57705614  22.15785988  113.57719029 5
111  22.16028220  113.57780824 5
112  22.16049234  113.57799712  22.16054484  113.57814109
111  22.16049234  113.57799712 5
115  22.16069848  113.57853695
120 Linear Feature 70
111  22.14571375  113.59236892 51 105
116  22.14541980  113.59291688  22.14502420  113.59308759
120 Linear Feature 70
111  22.13692846  113.59561051 51 105
116  22.13663450  113.59615846  22.13623890  113.59632917
120 Linear Feature 70
111  22.14154187  113.59392300 51 105
116  22.14124792  113.59447096  22.14085231  113.59464167
120 Linear Feature 66
111  22.14545073  113.59148566 51 101
116  22.14509158  113.59125428  22.14484748  113.59133793
120 Linear Feature 66
111  22.13666543  113.59472725 51 101
116  22.13631778  113.59451860  22.13606894  113.59461210
120 Linear Feature 66
111  22.14127884  113.59303974 51 101
116  22.14091917  113.59280720  22.14067507  113.59289085
120 Linear Feature 65
112  22.14559537  113.59106829  22.14534424  113.59116629 51 101
111  22.14545009  113.59148424 57 101
111  22.14551379  113.59169378 51 105
111  22.14571530  113.59237281 51 105
116  22.14629741  113.59258693  22.14674077  113.59244462
120 Linear Feature 65
112  22.13681765  113.59431966  22.13656645  113.59442176 51 101
111  22.13666479  113.59472582 57 101
111  22.13672293  113.59492065 51 105
111  22.13692999  113.59561439 51 105
116  22.13751211  113.59582852  22.13795546  113.59568621
120 Linear Feature 65
112  22.14142352  113.59262012  22.14117239  113.59271811 51 101
111  22.14127820  113.59303832 57 101
111  22.14132765  113.59320399 51 105
111  22.14154341  113.59392689 51 105
116  22.14212553  113.59414102  22.14256888  113.59399871
120 Linear Feature 64
111  22.13720769  113.59416159 51 101
111  22.13532178  113.59491723 51 101
112  22.13515713  113.59509735  22.13508602  113.59524185 57 101
111  22.13509934  113.59547391 51 105
111  22.13512818  113.59638866 51 105
116  22.13548574  113.59658760  22.13583757  113.59649124
120 Linear Feature 63
112  22.14734836  113.59026112  22.14724188  113.59043713 51 101
111  22.14708936  113.59048118 51 101
111  22.14527908  113.59118397 51 101
111  22.14116273  113.59271779 51 101
115  22.13720711  113.59416141
120 Linear Feature 62
111  22.13521030  113.59547363 54 105
115  22.13498530  113.59548277
120 Linear Feature 61
111  22.13684990  113.59487524 54 105
115  22.13657883  113.59498475
120 Linear Feature 60
111  22.14146551  113.59315647 54 105
115  22.14118887  113.59326268
120 Linear Feature 59
111  22.14563542  113.59164931 54 105
115  22.14537116  113.59174952
120 Linear Feature 58
111  22.16332027  113.58503930 54 105
115  22.16305175  113.58513450
120 Linear Feature 57
111  22.16241733  113.58539299 54 105
115  22.16212752  113.58534103
120 Linear Feature 53
111  22.15593572  113.57618273 51 101
116  22.15642548  113.57601079  22.15668501  113.57620487
120 Linear Feature 23
111  22.15596511  113.57557337 51 101
112  22.15593992  113.57618116  22.15572064  113.57656837 51 101
115  22.14734882  113.59026137
120 Linear Feature 2
112  22.16254099  113.58298262  22.16262089  113.58327995 51 101
111  22.16256618  113.58369494 51 101
111  22.16241321  113.58457071 57 101
111  22.16227279  113.58535607 51 105
111  22.16209686  113.58636039
112  22.16209686  113.58636039  22.16203614  113.58669559 51 105
115  22.16173479  113.58686710
120 Linear Feature 17
111  22.15459415  113.57321258 51 101
112  22.15430571  113.57311188  22.15410686  113.57323622 51 101
115  22.15370878  113.57347066
120 Linear Feature 16
111  22.15459543  113.57320970 51 101
112  22.15462482  113.57291764  22.15479021  113.57281958
111  22.15462482  113.57291764
112  22.15462482  113.57291764  22.15470752  113.57286861 51 101
112  22.15498197  113.57268194  22.15516736  113.57254975 51 101
115  22.15492829  113.57212018
120 Linear Feature 1
111  22.15459605  113.57321174 51 101
112  22.15544369  113.57482704  22.15578528  113.57548071 51 101
111  22.15633051  113.57593405 51 101
112  22.15742054  113.57666320  22.15796610  113.57688325 51 101
111  22.16054804  113.57752641 51 101
112  22.16092230  113.57794503  22.16100697  113.57823387
111  22.16092230  113.57794503 51 101
111  22.16105936  113.57836955 51 101
111  22.16254099  113.58298262 51 101
111  22.16291986  113.58418774 57 101
111  22.16319645  113.58507286 51 105
111  22.16343262  113.58580960
112  22.16343262  113.58580960  22.16351928  113.58609848 51 105
115  22.16314598  113.58631967
21  22.15899020  113.58856106 2 160.2900 3.00 16  PAPI-4L
21  22.14047547  113.59420564 2 341.2200 3.00 34  PAPI-4L
20  22.14565976  113.59138648 251.7800 0 2 {@L}F
20  22.14532712  113.59176251 73.4400 0 2 {@L}F{@R}16-34
20  22.14113886  113.59329504 69.8900 0 2 {@L}E{@R}16-34
20  22.13651703  113.59501473 67.6900 0 2 {@L}F{@R}16-34
20  22.13492232  113.59548751 87.3100 0 2 {@L}C3{@R}34
20  22.14151498  113.59298681 248.5500 0 3 {@L}E
20  22.13688951  113.59464721 250.3900 0 2 {@L}F
20  22.13759957  113.59422780 342.4800 0 2 {@L}C2
20  22.13541173  113.59506360 341.0900 0 2 {@Y}C3
20  22.14695200  113.59035575 163.1500 0 4 {@Y}C2|F{^u}|E{^u}|D{^u}C3{^u}
20  22.14736707  113.58989163 123.2500 0 2 {@Y}C2|C3{^ru}
20  22.15543363  113.57670957 128.1300 0 3 {@Y}C1
20  22.16235047  113.58293500 72.3100 0 3 {@Y}H{^u}G{^ru}
20  22.16258901  113.58478433 281.6100 0 2 {@L}G
20  22.16206875  113.58533039 102.2100 0 3 {@L}G{@R}16-34
20  22.16299827  113.58515675 71.1600 0 3 {@L}H{@R}16-34
20  22.16320348  113.58446584 250.7200 0 2 {@L}H
20  22.16094353  113.57866382 72.1400 0 3 {@L}H
14  22.15463771  113.57863024 111.55 0 Tower Viewpoint
1300  22.15336460  113.57267574 -141.06 tie_down turboprops|props|helos GA Ramp
1301 B general_aviation 
1300  22.15357569  113.57255718 -141.06 tie_down turboprops|props|helos GA Ramp
1301 B general_aviation 
1300  22.15508141  113.57177196 -141.06 tie_down turboprops|props|helos GA Ramp
1301 B general_aviation 
1300  22.15535700  113.57252444  91.41 tie_down turboprops|props|helos GA Ramp
1301 C general_aviation 
1300  22.15441372  113.57479615 154.39 tie_down jets|turboprops Jet Ramp
1301 B general_aviation 
1300  22.15413990  113.57415953 154.39 tie_down jets|turboprops Jet Ramp
1301 B general_aviation 
1300  22.15572964  113.57307334 -26.31 gate heavy|jets|turboprops B4
1301 D cargo 
1300  22.15600705  113.57363297 -29.81 gate heavy|jets|turboprops B2
1301 E cargo 
1300  22.15645238  113.57461793 -33.57 gate heavy|jets A1
1301 E general_aviation 
1300  22.15683347  113.57506658 -39.70 gate heavy|jets A2
1301 D airline 
1300  22.15731409  113.57542035 -53.78 gate heavy|jets A3
1301 E airline 
1300  22.15780252  113.57569761 -65.80 gate heavy|jets A4
1301 D airline 
1300  22.15841174  113.57592122 -74.46 gate jets|turboprops A5
1301 D airline 
1300  22.15962591  113.57629804 -75.43 gate jets|turboprops A13
1301 C cargo 
1300  22.15900433  113.57613358 -75.43 gate jets|turboprops A6
1301 C airline 
1300  22.15650762  113.57710992 117.73 tie_down jets|turboprops A7
1301 C general_aviation 
1300  22.15704751  113.57738031 117.73 tie_down jets|turboprops A8
1301 C general_aviation 
1300  22.15763048  113.57757986 109.91 tie_down jets|turboprops A9
1301 C none 
1300  22.15817832  113.57773092 100.30 tie_down jets|turboprops A10
1301 C none 
1300  22.15930003  113.57803230 106.09 tie_down jets|turboprops A12
1301 C cargo 
1300  22.15874184  113.57787229 106.09 tie_down jets|turboprops A11
1301 C cargo 
1300  22.16113096  113.57663319 284.03 gate heavy|jets|turboprops A14
1301 E cargo 
1300  22.16043446  113.57640384 284.03 gate heavy|jets|turboprops A14
1301 D cargo 
18  22.14707278  113.58994248 1 Rotating Beacon
19  22.16282466  113.58579671 1 Windsock
19  22.13603995  113.59546757 1 Windsock
50 12640 ATIS
53 12197 GND
54 11800 TWR
55 12630 HONG KONG RDR
1200 
1201  22.15379071  113.57343744 both 0 F_stop
1201  22.15506926  113.57267019 both 1 F_stop
1201  22.15451557  113.57301277 both 2 F_stop
1201  22.15557342  113.57504523 both 3 F_stop
1201  22.15620035  113.57581471 both 4 F_stop
1201  22.15597171  113.57557326 both 5 unnamed entity(split)
1201  22.15654923  113.57610660 both 6 F_stop
1201  22.15735844  113.57666149 both 7 F_stop
1201  22.13511040  113.59524052 both 8 C_stop
1201  22.13525859  113.59494722 both 9 C_stop
1201  22.14724674  113.59041458 both 10 C1_stop
1201  22.14535549  113.59113012 both 11 unnamed entity(split)
1201  22.14117916  113.59270961 both 12 unnamed entity(split)
1201  22.13659643  113.59443172 both 13 unnamed entity(split)
1201  22.15598130  113.57611553 both 14 C1_start
1201  22.16087967  113.57773595 both 15 H_stop
1201  22.16318091  113.58499633 both 16 H_stop
1201  22.16264314  113.58330335 both 17 unnamed entity(split)
1201  22.16229987  113.58527413 both 18 G_stop
1201  22.14550833  113.59166764 both 19 F_stop
1201  22.14131991  113.59316306 both 20 E_stop
1201  22.13671453  113.59487013 both 21 D_stop
1201  22.13509650  113.59544764 both 22 C3_stop
1201  22.13512203  113.59629687 both 23 C3_stop
1201  22.13517980  113.59663334 both 24 N_stop
1201  22.16354558  113.58619167 both 25 N_start
1201  22.16199788  113.58677214 both 26 unnamed entity(split)
1201  22.14582564  113.59272315 both 27 unnamed entity(split)
1201  22.14165151  113.59425866 both 28 unnamed entity(split)
1201  22.13705043  113.59594734 both 29 unnamed entity(split)
1202 2 0 twoway taxiway_E F
1202 2 1 twoway taxiway_E F
1202 3 2 twoway taxiway_E F
1202 4 5 twoway taxiway_E F
1202 5 3 twoway taxiway_E F
1202 6 4 twoway taxiway_E F
1202 14 5 twoway taxiway_E C3
1202 6 14 twoway taxiway_E C3
1202 7 6 twoway taxiway_E F
1202 15 7 twoway taxiway_E F
1202 19 11 twoway taxiway_E F
1202 20 12 twoway taxiway_E E
1202 21 13 twoway taxiway_E D
1202 8 22 twoway taxiway_E C
1202 9 8 twoway taxiway_E C
1202 10 11 twoway taxiway_E C
1202 11 12 twoway taxiway_E C
1202 12 13 twoway taxiway_E C
1202 13 9 twoway taxiway_E C
1202 14 10 twoway taxiway_E C1
1202 18 17 twoway taxiway_E G
1202 16 17 twoway taxiway_E H
1202 17 15 twoway taxiway_E H
1202 25 16 twoway taxiway_E H
1204 departure 16,34
1204 arrival 16,34
1202 26 18 twoway taxiway_E G
1204 departure 16,34
1204 arrival 16,34
1202 27 19 twoway taxiway_E F
1204 departure 16,34
1204 arrival 16,34
1202 28 20 twoway taxiway_E E
1204 departure 16,34
1204 arrival 16,34
1202 29 21 twoway taxiway_E D
1204 departure 16,34
1204 arrival 16,34
1202 23 22 twoway taxiway_E C3
1204 departure 16,34
1204 arrival 16,34
1202 24 23 twoway taxiway_E C3
1204 departure 16,34
1204 arrival 16,34
1202 25 26 twoway runway 16/34
1204 departure 16,34
1204 arrival 16,34
1204 ils 16,34
1202 26 27 twoway runway 16/34
1204 departure 16,34
1204 arrival 16,34
1204 ils 16,34
1202 27 28 twoway runway 16/34
1204 departure 16,34
1204 arrival 16,34
1204 ils 16,34
1202 28 29 twoway runway 16/34
1204 departure 16,34
1204 arrival 16,34
1204 ils 16,34
1202 29 24 twoway runway 16/34
1204 departure 16,34
1204 arrival 16,34
1204 ils 16,34
99
