6460.0 827.7 -142.3 353 0 157.8 81.4 12.5 0.0 0 0 5 4 4
6043.5 -11373.7 30.8 247 0 28.4 9.8 7.5 2.5 2 0 3 5 5
6081.6 -11432.7 30.5 338 0 9.2 29.7 7.5 2.5 2 1 3 2 2
6023.6 -11450.5 38.6 248 0 19.0 14.3 10.0 2.5 2 0 4 1 1
5889.5 -11567.4 79.1 360 0 17.2 26.1 10.0 0.0 0 1 4 5 5
5939.3 -11487.9 61.9 56 0 9.3 6.0 5.0 2.5 2 0 2 3 3
6042.1 -11414.5 30.8 159 0 29.1 27.4 7.5 0.0 0 0 3 3 3
6134.8 -11378.7 19.5 338 0 18.3 14.0 15.0 0.0 0 0 6 5 5
6386.2 -11318.5 -26.4 72 0 8.7 43.6 7.5 2.5 2 1 3 3 3
6306.9 -11287.3 -16.6 179 0 14.4 20.5 10.0 2.5 2 1 4 1 1
5950.8 -10291.9 119.2 88 0 16.6 16.4 17.5 0.0 0 0 7 2 2
5902.9 -10304.4 127.9 88 0 25.8 38.4 10.0 0.0 0 1 4 1 1
6543.1 -11082.3 -38.9 285 0 8.9 32.4 7.5 2.5 2 1 3 1 1
6484.9 -11102.8 -29.1 99 0 11.0 28.9 12.5 2.5 2 1 5 5 5
