6324.1 7301.6 -7.3 270 0 12.2 16.5 17.5 3.5 2 1 5 0 0
6324.0 7282.7 -7.7 270 0 12.2 16.8 17.5 3.5 2 1 5 4 4
6323.6 7226.3 -7.9 90 0 12.2 17.1 17.5 3.5 2 1 5 5 5
6329.9 7255.3 -7.9 0 0 17.2 12.2 17.5 3.5 2 0 5 1 1
6303.3 7301.5 -7.0 270 0 12.2 16.5 17.5 3.5 2 1 5 4 4
6303.2 7282.6 -7.3 270 0 12.2 16.8 17.5 3.5 2 1 5 5 5
6302.9 7226.1 -7.9 90 0 12.2 17.1 17.5 3.5 2 1 5 1 1
6303.0 7246.6 -7.6 90 0 12.2 17.2 17.5 0.0 0 1 5 1 1
6283.0 7301.8 -6.6 270 0 12.2 16.5 17.5 3.5 2 1 5 3 3
6282.8 7283.0 -6.9 270 0 12.2 16.8 17.5 0.0 0 1 5 3 3
6276.6 7255.6 -7.2 180 0 17.2 12.2 17.5 3.5 2 0 5 2 2
6282.5 7226.5 -7.6 90 0 12.2 17.1 17.5 3.5 2 1 5 5 5
