1990.4 -1928.9 -1.0 266 0 10.0 42.7 10.0 2.5 2 0 4 2 2
2000.2 -2060.3 -7.7 89 0 12.9 43.4 10.0 2.5 2 0 4 4 4
2006.5 -2065.4 -7.7 176 0 10.4 57.7 7.5 2.5 2 0 3 0 0
1995.0 -1923.3 3.7 175 0 9.5 55.5 7.5 2.5 2 0 3 5 5
2070.7 -2013.2 -5.0 85 0 15.2 45.2 12.5 2.5 2 0 5 5 5
2070.8 -2039.8 -7.6 356 0 53.0 11.5 10.0 2.5 2 0 4 0 0
2056.3 -1925.5 -0.1 266 0 11.2 43.4 12.5 2.5 2 0 5 5 5
2095.2 -2321.5 -0.6 178 0 26.3 15.8 12.5 2.5 2 0 5 4 4
2774.7 460.1 6.4 69 0 19.4 25.4 10.0 0.0 0 1 4 2 2
-731.7 -530.1 -0.4 270 0 25.5 16.3 14.0 3.5 2 0 4 5 5
-757.8 -529.4 -1.1 270 0 17.1 12.5 14.0 3.5 2 0 4 2 2
-811.5 -529.1 -3.4 270 0 38.0 8.2 10.5 0.0 0 0 3 0 0
-860.5 -528.7 -4.4 271 0 49.2 12.1 14.0 3.5 2 0 4 2 2
-711.0 -529.7 0.8 271 0 6.1 15.5 10.5 3.5 2 1 3 3 3
-692.0 -529.9 1.4 271 0 14.1 12.2 14.0 3.5 2 0 4 1 1
-659.0 -530.2 1.8 270 0 40.5 12.8 14.0 3.5 2 0 4 3 3
-943.3 -363.4 -3.3 360 0 36.1 7.8 10.5 3.5 2 0 3 0 0
-931.0 -428.5 -3.8 180 0 51.3 11.6 14.0 3.5 2 0 4 5 5
-890.5 -380.6 -3.3 90 0 10.0 40.7 10.5 3.5 2 1 3 5 5
-475.5 -328.5 -3.2 89 0 11.6 10.7 14.0 3.5 2 0 4 2 2
-484.7 -437.5 -1.3 0 0 51.7 11.8 14.0 0.0 0 0 4 4 4
