-5511.9 5128.2 -11.7 268 0 159.9 140.9 21.0 0.0 0 0 6 3 3
-4881.6 3150.4 -11.2 232 0 106.8 118.7 12.5 0.0 0 1 5 2 2
275.8 4218.1 -10.0 0 0 84.1 116.3 14.0 0.0 0 1 4 5 5
5041.6 -2027.6 -1.4 307 0 174.4 153.1 14.0 0.0 0 0 4 5 5
378.8 884.6 13.3 297 0 30.2 78.4 14.0 0.0 0 1 4 3 3
317.3 913.8 9.8 297 0 93.3 25.3 14.0 0.0 0 0 4 5 5
-5186.4 3835.2 -1.4 139 0 50.8 115.5 17.5 0.0 0 1 5 1 1
-5227.0 3812.8 -0.2 322 0 57.2 241.7 17.5 0.0 0 1 5 3 3
486.7 4252.8 -9.1 184 0 107.5 59.4 17.5 0.0 0 0 5 1 1
-1720.2 939.4 0.4 90 0 19.8 81.2 17.5 0.0 0 1 5 4 4
-5810.8 4946.8 -5.0 90 0 29.0 7.4 5.0 2.5 2 0 2 4 4
-4764.5 3613.4 -3.5 143 0 69.0 21.3 17.5 3.5 2 0 5 0 0
-4758.4 3729.1 -3.5 322 0 23.8 68.4 17.5 0.0 0 1 5 3 3
-5981.2 5106.6 -7.2 171 0 102.6 33.3 17.5 0.0 0 0 5 4 4
-5561.4 4146.9 -6.1 320 0 72.3 150.5 10.0 0.0 0 1 4 4 4
-6004.8 4430.2 -4.5 79 0 47.3 57.4 17.5 0.0 0 1 5 5 5
-6203.5 4750.3 -11.3 171 0 55.6 43.9 17.5 0.0 0 0 5 0 0
-6414.1 4598.5 -13.3 171 0 15.2 35.2 17.5 3.5 4 1 5 0 0
-6354.0 4613.7 -12.5 261 0 35.9 14.8 17.5 0.0 0 0 5 5 5
-6785.6 4055.3 -6.3 350 0 90.2 70.3 17.5 0.0 0 0 5 3 3
-2750.2 303.3 -3.2 264 0 47.0 106.7 17.5 0.0 0 1 5 1 1
-2781.9 14.8 -0.7 35 0 115.3 43.5 17.5 0.0 0 0 5 3 3
-2807.2 142.9 -3.9 195 0 76.0 80.1 17.5 0.0 0 1 5 1 1
-6161.4 4630.6 -8.9 172 0 36.2 33.3 17.5 0.0 0 0 5 0 0
-5929.9 3822.5 -3.9 62 0 122.0 45.6 17.5 0.0 0 0 5 2 2
-6072.4 3899.1 -8.9 154 0 145.0 129.0 17.5 0.0 0 0 5 3 3
-6040.1 3770.1 -6.0 334 0 35.3 57.6 21.0 0.0 0 1 6 2 2
-6157.6 4226.8 -4.0 258 0 53.0 23.8 5.0 0.0 0 0 2 1 1
-5701.7 3397.3 -1.9 235 0 20.5 21.7 14.0 3.5 2 0 4 3 3
-4888.3 3857.3 -3.7 233 0 36.1 51.2 14.0 0.0 0 1 4 2 2
-4976.5 3666.0 -1.6 321 0 69.6 19.3 17.5 3.5 2 0 5 2 2
-4923.4 3838.3 -3.4 232 0 25.0 70.2 14.0 0.0 0 0 4 3 3
-4991.8 3799.2 -2.3 52 0 58.9 24.1 17.5 3.5 4 0 5 2 2
-3592.0 -1798.2 -5.8 162 0 254.5 7.5 7.5 0.0 0 0 3 3 3
-3531.5 -1814.5 -4.4 162 0 44.9 18.3 12.5 2.5 2 0 5 2 2
-3552.8 -1743.0 -4.3 162 0 47.4 17.1 10.0 2.5 2 0 4 0 0
-3559.0 -1783.4 -4.2 162 0 122.1 36.2 10.0 0.0 0 0 4 3 3
4043.7 6390.9 -3.9 154 0 48.3 47.0 12.5 0.0 0 0 5 0 0
4044.2 6078.8 11.1 243 0 27.3 10.4 12.5 2.5 4 0 5 5 5
4281.8 6046.7 11.9 62 0 12.6 56.6 10.0 2.5 2 1 4 4 4
4240.5 6031.1 13.0 63 0 33.5 43.4 10.0 0.0 0 1 4 0 0
4194.0 6013.8 13.8 64 0 31.1 41.0 10.0 0.0 0 1 4 2 2
4147.0 5993.6 12.7 63 0 31.2 37.8 10.0 0.0 0 1 4 1 1
4018.9 6065.2 10.0 243 0 24.9 10.1 10.0 2.5 2 0 4 5 5
-1874.8 3644.2 0.1 225 0 70.9 79.9 14.0 0.0 0 1 4 0 0
-1968.8 3598.2 -0.6 46 0 12.8 96.5 17.5 0.0 0 1 5 5 5
-1688.6 3358.9 -10.5 175 0 37.6 51.0 14.0 0.0 0 1 4 0 0
-3524.8 3018.0 -19.7 32 0 19.4 23.8 28.0 0.0 0 1 8 0 0
-114.7 3284.0 -12.1 89 0 261.7 22.2 17.5 0.0 0 0 5 1 1
-228.0 3088.0 -12.0 90 0 17.9 70.0 17.5 3.5 2 1 5 1 1
214.9 4076.7 -11.2 91 0 87.0 88.1 14.0 0.0 0 1 4 0 0
-3965.9 2653.9 -6.5 274 0 23.4 25.7 17.5 0.0 0 1 5 4 4
4230.8 5684.5 3.8 63 0 13.5 95.5 15.0 2.5 2 1 6 1 1
4155.1 5823.9 5.6 153 0 58.7 13.3 12.5 2.5 2 0 5 1 1
4377.2 5838.3 8.4 28 0 13.8 58.8 10.0 2.5 2 1 4 1 1
4394.9 5869.6 8.8 28 0 13.8 58.8 12.5 0.0 0 1 5 3 3
4412.0 5897.6 7.8 28 0 13.9 66.6 17.5 2.5 2 1 7 5 5
4399.6 5493.9 1.3 40 0 45.8 16.3 15.0 2.5 2 0 6 0 0
-5672.9 4989.8 -4.2 271 0 129.6 210.1 17.5 0.0 0 1 5 4 4
-6032.4 4067.0 -8.6 244 0 33.2 50.4 17.5 0.0 0 0 5 1 1
