1914.8 -8582.9 7.9 107 0 7.6 11.0 10.5 3.5 2 1 3 1 1
2048.7 -8508.0 8.5 291 0 20.6 12.8 14.0 3.5 2 0 4 2 2
2031.7 -8524.1 5.5 201 0 12.8 20.6 14.0 3.5 2 1 4 2 2
2032.7 -8510.1 13.4 21 0 12.8 20.6 14.0 3.5 2 1 4 5 5
2027.5 -8524.0 10.4 21 0 12.8 20.6 14.0 3.5 2 1 4 2 2
1934.8 -8496.8 19.2 40 0 7.6 11.0 10.5 0.0 0 1 3 5 5
1951.3 -8481.6 21.3 46 0 7.7 11.3 10.5 3.5 2 1 3 2 2
1854.2 -8608.5 13.5 210 0 9.2 10.9 10.5 3.5 2 1 3 4 4
1865.1 -8614.0 12.7 210 0 9.2 10.9 10.5 3.5 2 1 3 5 5
1882.4 -8627.3 11.5 120 0 10.9 9.2 10.5 3.5 2 0 3 3 3
1882.4 -8595.7 10.9 295 0 10.1 16.9 14.0 3.5 4 1 4 2 2
1861.7 -8596.0 11.5 210 0 9.2 10.9 10.5 3.5 2 1 3 3 3
1895.4 -8600.7 10.3 295 0 10.1 16.9 14.0 3.5 2 1 4 2 2
1912.2 -8611.1 9.0 297 0 11.3 11.9 14.0 0.0 0 1 4 5 5
1964.7 -8632.3 1.6 278 0 9.7 12.2 10.5 3.5 2 1 3 4 4
1885.9 -8587.7 9.5 92 0 8.1 8.5 10.5 3.5 2 1 3 4 4
1996.2 -8569.4 2.0 123 0 14.3 12.2 14.0 3.5 2 0 4 3 3
1944.5 -8571.5 7.3 13 0 16.9 10.0 14.0 3.5 2 0 4 3 3
1906.0 -8554.0 10.4 305 0 9.2 16.8 10.5 3.5 4 1 3 1 1
1932.7 -8552.5 8.3 284 0 7.7 21.7 10.5 3.5 4 1 3 1 1
2394.5 -8228.4 -81.4 232 0 4.4 12.9 10.5 3.5 2 1 3 0 0
1923.2 -8636.1 8.2 222 0 8.3 10.7 10.5 3.5 2 1 3 1 1
2308.2 -8404.7 -34.9 0 0 14.5 8.3 10.5 3.5 2 0 3 5 5
2302.9 -8377.3 -35.8 332 0 16.5 11.5 10.5 3.5 2 0 3 1 1
2295.2 -8364.9 -33.4 331 0 8.0 10.8 10.5 3.5 2 1 3 5 5
2284.8 -8336.6 -30.6 340 0 20.1 7.1 10.5 3.5 4 0 3 2 2
2389.8 -8275.6 -79.9 248 0 9.5 30.0 10.5 3.5 2 1 3 5 5
2394.9 -8259.9 -80.6 132 0 7.0 31.9 10.5 0.0 0 1 3 5 5
2410.8 -8269.6 -81.9 40 0 6.1 8.1 10.5 0.0 0 1 3 5 5
2417.0 -8263.2 -82.5 42 0 5.9 8.7 10.5 3.5 2 1 3 0 0
2278.3 -8306.2 -31.2 342 0 14.5 10.5 10.5 3.5 2 0 3 1 1
1930.7 -8636.4 7.6 132 0 10.7 8.3 10.5 3.5 2 0 3 1 1
1943.1 -8623.4 6.9 312 0 10.7 8.3 10.5 3.5 4 0 3 3 3
1945.5 -8486.8 20.6 46 0 6.8 11.2 10.5 3.5 2 1 3 0 0
187.9 -12607.5 50.7 58 0 9.4 9.6 10.5 0.0 0 1 3 0 0
65.6 -12183.6 -99.6 126 0 20.2 30.1 10.5 0.0 0 1 3 0 0
-272.5 -11611.2 -78.0 263 0 15.6 5.4 10.5 3.5 2 0 3 3 3
-498.9 -10907.2 -84.3 222 0 30.7 101.2 14.0 0.0 0 1 4 4 4
-497.5 -11010.6 -86.4 41 0 13.6 12.1 17.5 3.5 2 0 5 0 0
-912.4 -11183.4 -79.6 46 0 11.2 7.7 7.0 3.5 2 0 2 0 0
-1374.4 -12148.6 -63.1 71 0 21.0 12.2 7.0 3.5 2 0 2 3 3
-571.0 -11084.4 -82.8 221 0 19.3 32.7 7.0 0.0 0 1 2 4 4
-810.6 -11138.4 -81.7 273 0 19.2 32.8 7.0 0.0 0 1 2 0 0
-812.5 -11255.2 -80.0 96 0 31.4 18.2 10.5 3.5 2 0 3 0 0
-771.6 -11213.2 -80.9 7 0 37.7 9.7 10.5 0.0 0 0 3 2 2
-785.5 -11763.1 -86.2 147 0 23.5 18.8 14.0 0.0 0 0 4 4 4
-705.4 -11945.8 -85.2 52 0 11.6 18.6 10.5 3.5 2 1 3 1 1
-765.1 -12003.9 -79.0 54 0 19.2 31.4 10.5 0.0 0 1 3 0 0
-818.8 -11915.8 -76.9 234 0 19.2 31.4 10.5 0.0 0 1 3 5 5
-732.9 -11864.4 -85.7 322 0 18.5 31.3 10.5 3.5 2 1 3 3 3
-831.3 -12105.2 -86.0 242 0 19.3 31.1 10.5 0.0 0 1 3 2 2
-824.0 -11811.3 -81.0 56 0 32.7 17.8 10.5 3.5 2 0 3 1 1
-1150.7 -11890.9 -74.2 319 0 19.7 29.4 59.5 0.0 0 1 17 1 1
-1153.7 -11909.9 -80.5 49 0 29.7 54.4 10.5 0.0 0 1 3 5 5
-1229.8 -12238.8 -76.6 145 0 19.2 30.3 7.0 3.5 2 1 2 2 2
-1611.5 -12514.0 -86.4 0 0 14.2 29.9 14.0 3.5 2 1 4 3 3
-1622.5 -12558.6 -88.7 23 0 14.4 30.4 14.0 3.5 2 1 4 5 5
-1492.3 -12368.7 -62.4 114 0 25.1 43.6 17.5 0.0 0 1 5 1 1
-1018.6 -12293.0 -46.7 57 0 13.4 11.5 10.5 3.5 2 0 3 1 1
-1584.8 -12413.0 -79.0 161 0 21.8 30.0 10.5 0.0 0 1 3 4 4
-1372.8 -12651.7 -90.5 90 0 62.2 4.4 10.5 3.5 4 0 3 1 1
-1190.9 -12498.0 -63.0 39 0 10.9 37.7 14.0 3.5 2 1 4 0 0
-1339.0 -12407.7 -74.7 131 0 19.6 31.7 10.5 0.0 0 1 3 0 0
-1304.0 -12285.1 -76.0 221 0 19.5 33.2 7.0 0.0 0 0 2 5 5
-1031.1 -12371.0 -75.5 214 0 43.8 12.6 3.5 3.5 2 0 1 2 2
-1183.4 -12587.9 -78.5 206 0 29.5 20.7 14.0 0.0 0 0 4 2 2
-1591.1 -12265.9 -63.1 176 0 16.4 32.9 7.0 3.5 4 1 2 3 3
-1175.4 -12689.7 -85.0 21 0 29.5 20.7 14.0 0.0 0 0 4 3 3
-967.9 -12333.8 -69.1 237 0 31.6 13.3 3.5 0.0 0 0 1 4 4
-1144.6 -12700.4 -84.9 291 0 40.0 28.9 28.0 3.5 4 0 8 2 2
-1368.3 -12345.6 -78.0 219 0 21.0 13.1 24.5 0.0 0 0 7 4 4
504.1 -11077.5 -81.5 83 0 39.5 19.8 10.5 0.0 0 0 3 3 3
542.4 -11052.7 -83.2 263 0 45.5 10.6 14.0 3.5 2 0 4 1 1
3097.0 -10418.2 -90.2 22 0 7.6 9.5 7.5 0.0 0 1 3 5 5
2510.4 -10329.6 -91.3 248 0 28.5 38.7 10.5 0.0 0 1 3 4 4
3278.5 -10315.2 -93.3 289 0 48.6 91.5 14.0 0.0 0 0 4 1 1
2556.4 -10352.0 -90.9 340 0 8.1 8.6 10.5 0.0 0 1 3 4 4
3332.2 -10381.6 -96.3 19 0 91.5 47.7 7.0 0.0 0 0 2 4 4
-173.7 -11356.1 -74.3 313 0 24.2 11.2 10.5 3.5 2 0 3 3 3
-105.2 -11329.0 -88.6 42 0 10.5 11.5 14.0 0.0 0 1 4 5 5
-148.7 -11363.4 -81.7 313 0 71.5 11.8 24.5 3.5 4 0 7 5 5
-319.8 -11491.8 -63.4 131 0 17.8 29.7 7.0 3.5 2 1 2 5 5
-309.9 -11104.2 -59.3 133 0 30.7 17.9 7.0 3.5 2 0 2 4 4
-271.6 -11494.6 -70.0 311 0 26.1 12.7 14.0 3.5 2 0 4 3 3
-124.3 -11276.3 -85.4 221 0 17.6 10.5 14.0 3.5 2 0 4 4 4
-164.8 -11406.9 -78.8 132 0 17.6 31.2 10.5 3.5 2 1 3 5 5
721.2 -12559.8 -86.8 155 0 28.6 22.3 42.0 0.0 0 0 12 5 5
700.6 -12499.0 -88.9 245 0 16.4 26.1 42.0 0.0 0 1 12 4 4
765.2 -12483.4 -96.2 335 0 18.5 29.3 42.0 0.0 0 1 12 2 2
785.3 -12546.8 -93.4 65 0 17.5 28.9 42.0 0.0 0 1 12 2 2
551.2 -12394.0 -90.8 161 0 19.6 29.5 14.0 3.5 2 1 4 3 3
697.2 -12546.6 -98.8 155 0 99.7 101.5 31.5 0.0 0 1 9 4 4
745.2 -12433.1 -100.2 335 0 25.3 24.6 10.5 3.5 2 0 3 1 1
-5016.7 -11031.4 -77.7 273 0 7.0 18.6 5.0 2.5 2 1 2 0 0
-5788.8 -11863.7 -93.2 174 0 20.0 11.5 10.0 2.5 2 0 4 3 3
-5789.6 -11901.1 -93.3 104 0 7.8 22.3 7.5 2.5 2 1 3 2 2
-6289.3 -10968.6 -99.9 173 0 11.3 20.7 5.0 2.5 2 1 2 2 2
677.6 -12862.0 -81.7 97 0 7.9 14.7 10.5 3.5 2 1 3 3 3
1792.3 -10581.5 -89.9 37 0 12.4 46.1 14.0 3.5 2 1 4 2 2
-5909.1 -11844.8 -92.4 104 0 9.3 10.5 7.5 2.5 2 1 3 1 1
-5835.7 -11844.0 -91.2 168 0 9.7 7.7 7.5 2.5 2 0 3 2 2
-5780.1 -11772.4 -93.2 294 0 9.7 13.1 7.5 2.5 4 1 3 0 0
-5741.0 -11894.7 -94.6 83 0 12.3 27.5 10.0 2.5 2 0 4 0 0
-5717.7 -11887.5 -95.8 106 0 13.3 19.0 10.0 2.5 2 1 4 4 4
-5695.7 -11943.8 -94.1 123 0 21.6 12.5 5.0 2.5 2 0 2 1 1
-5660.5 -11940.6 -95.4 48 0 18.3 28.0 15.0 0.0 0 1 6 2 2
-5944.3 -11824.7 -94.0 28 0 11.0 19.2 10.0 2.5 4 1 4 2 2
-2758.8 -11343.9 -39.5 360 0 20.0 18.6 14.0 3.5 2 0 4 3 3
-2968.1 -11386.0 -26.5 108 0 19.1 30.3 14.0 0.0 0 1 4 4 4
-3034.2 -11535.2 -13.7 343 0 18.0 32.2 12.5 0.0 0 1 5 0 0
-3042.5 -11460.8 -18.4 309 0 11.2 44.3 12.5 0.0 0 1 5 5 5
-3089.5 -11778.1 17.1 83 0 6.4 15.7 7.5 2.5 2 1 3 3 3
-3071.9 -11762.4 18.5 287 0 6.1 16.4 7.5 2.5 2 1 3 3 3
-3049.0 -11835.5 24.5 279 0 13.4 25.4 10.0 0.0 0 1 4 2 2
-2956.8 -12049.5 41.6 205 0 15.2 28.2 10.0 0.0 0 1 4 0 0
-3006.1 -12014.9 36.1 138 0 19.4 28.4 10.0 0.0 0 1 4 3 3
-2964.6 -12017.1 39.2 315 0 18.0 28.4 10.0 0.0 0 1 4 2 2
-2447.1 -11408.1 -45.2 274 0 22.3 11.6 14.0 3.5 2 0 4 4 4
-2424.1 -11410.4 -48.6 270 0 18.4 13.3 14.0 3.5 2 0 4 1 1
-2934.7 -12029.6 39.8 205 0 15.3 28.3 12.5 0.0 0 1 5 0 0
-445.0 -10719.4 -92.7 340 0 10.9 6.7 10.5 3.5 2 0 3 4 4
-2240.6 -11342.8 26.3 231 0 64.1 63.5 14.0 0.0 0 0 4 2 2
-2092.2 -11399.9 54.9 320 0 13.8 61.2 14.0 3.5 2 1 4 1 1
-2048.3 -11506.0 48.4 148 0 20.3 22.9 14.0 0.0 0 1 4 3 3
-2102.9 -11334.2 56.8 320 0 15.8 18.1 14.0 3.5 2 1 4 4 4
-2046.8 -11368.8 51.4 319 0 30.0 35.3 14.0 0.0 0 1 4 3 3
-1952.4 -11425.9 43.5 311 0 19.8 28.3 14.0 3.5 2 1 4 3 3
-2023.4 -11395.4 49.1 320 0 30.2 35.8 14.0 0.0 0 1 4 1 1
-2047.9 -11436.5 51.0 49 0 9.7 64.1 10.5 3.5 2 1 3 1 1
-113.1 -11340.1 -86.1 41 0 10.4 11.4 17.5 3.5 4 1 5 5 5
-2543.4 -11516.2 43.4 179 0 15.1 9.6 10.5 3.5 2 0 3 5 5
-2758.3 -11916.4 32.2 161 0 11.8 4.8 10.5 3.5 2 0 3 5 5
-831.7 -10850.5 -88.9 296 0 14.9 21.4 17.5 3.5 2 1 5 3 3
-1295.6 -11823.0 -81.0 269 0 19.1 24.8 10.5 0.0 0 1 3 3 3
-1316.8 -11832.2 -82.3 270 0 11.1 21.0 10.5 3.5 2 1 3 1 1
-1467.6 -11824.4 -79.7 242 0 6.0 10.7 3.5 0.0 0 1 1 2 2
-1757.8 -11957.6 -53.6 301 0 17.8 31.2 14.0 0.0 0 1 4 0 0
-1471.2 -11814.8 -77.8 331 0 15.8 28.7 3.5 3.5 2 1 1 3 3
-1534.4 -11870.6 -79.2 150 0 10.5 4.8 3.5 3.5 2 0 1 5 5
-1738.2 -11953.2 -56.9 120 0 18.2 24.7 14.0 0.0 0 1 4 1 1
-1633.7 -11820.6 -58.9 229 0 11.1 5.9 10.5 3.5 2 0 3 4 4
-1369.0 -12768.0 -86.8 165 0 16.7 9.4 7.0 3.5 2 0 2 4 4
-2239.6 -11447.0 43.2 324 0 11.5 37.7 14.0 0.0 0 1 4 5 5
-2314.9 -11401.9 13.0 232 0 11.2 56.8 14.0 3.5 2 1 4 5 5
-2194.3 -11534.7 39.9 196 0 8.0 7.3 2.5 2.5 2 0 1 2 2
-4779.2 -3419.6 -80.1 54 0 21.1 12.6 10.0 2.5 2 0 4 2 2
-4621.0 -2589.7 -77.0 356 0 11.3 14.3 5.0 2.5 2 1 2 5 5
-4499.6 -2677.5 -76.4 111 0 14.9 10.2 5.0 2.5 2 0 2 5 5
-4703.7 -2486.0 -79.2 348 0 25.1 12.7 10.0 2.5 4 0 4 4 4
-3304.9 -5461.9 -82.3 140 0 7.7 6.1 7.5 2.5 2 0 3 2 2
-259.7 -11883.9 -88.4 60 0 20.0 21.8 10.5 0.0 0 1 3 3 3
-1646.8 -12399.4 -82.0 257 0 19.4 28.9 3.5 0.0 0 1 1 1 1
-1208.6 -12417.2 -59.5 310 0 106.0 42.8 7.0 0.0 0 0 2 0 0
-1370.9 -12764.1 -87.5 77 0 9.7 24.7 10.5 3.5 2 0 3 1 1
-2365.5 -11419.6 -20.6 37 0 15.4 6.8 10.5 0.0 0 0 3 1 1
-3165.4 -12126.4 34.9 221 0 17.5 23.6 15.0 0.0 0 1 6 2 2
-6902.9 -12392.3 -57.7 101 0 8.9 4.9 2.5 2.5 2 0 1 0 0
-6887.1 -12405.9 -53.4 281 0 11.3 8.2 2.5 2.5 2 0 1 5 5
-6025.2 -6342.6 -63.5 245 0 11.9 114.1 2.5 2.5 4 1 1 3 3
-5975.0 -6370.8 -62.5 335 0 86.9 22.6 2.5 0.0 0 0 1 4 4
2401.8 -7631.9 -1.7 143 0 10.7 11.2 7.5 2.5 2 1 3 3 3
-3221.0 -11347.3 -83.2 231 0 16.2 5.9 7.5 2.5 2 0 3 2 2
-3204.9 -11334.3 -83.1 230 0 15.5 7.4 5.0 2.5 2 0 2 5 5
-5764.9 -11979.6 -86.8 78 0 17.0 10.7 7.5 2.5 2 0 3 4 4
-758.4 -10897.6 -83.9 298 0 16.8 56.4 14.0 3.5 2 1 4 3 3
1299.3 -10523.6 -49.9 195 0 35.7 66.5 14.0 0.0 0 1 4 1 1
1304.0 -10585.7 -52.7 180 0 32.5 53.4 14.0 0.0 0 1 4 2 2
1391.6 -10601.9 -57.0 90 0 50.6 31.2 14.0 0.0 0 0 4 0 0
-4762.5 -12827.1 -95.8 66 0 15.9 15.9 10.0 2.5 2 0 4 1 1
-4913.1 -12641.5 -97.0 150 0 28.2 38.0 7.5 0.0 0 1 3 0 0
-6183.7 -11992.4 -77.3 286 0 25.7 23.4 7.5 0.0 0 0 3 4 4
-951.3 -11045.7 -74.4 4 0 7.7 41.6 10.5 0.0 0 1 3 0 0
-2222.9 -11883.8 65.8 278 0 35.1 57.3 14.0 0.0 0 1 4 1 1
-4739.0 -3370.1 -76.6 54 0 33.4 8.3 7.5 2.5 2 0 3 0 0
-4805.2 -3437.5 -79.4 56 0 21.7 10.8 2.5 2.5 2 0 1 2 2
525.5 -9119.2 18.1 208 0 12.1 41.2 14.0 3.5 2 1 4 2 2
2463.3 -10525.6 -95.2 180 0 52.7 27.7 14.0 0.0 0 0 4 1 1
2118.0 -10416.0 -88.8 90 0 59.1 59.9 17.5 0.0 0 1 5 5 5
2133.8 -10300.0 -76.4 271 0 33.5 39.8 17.5 0.0 0 1 5 3 3
692.0 -10418.1 -20.9 0 0 42.2 32.1 17.5 0.0 0 0 5 5 5
571.9 -10550.6 -14.6 270 0 36.3 6.4 10.5 3.5 2 0 3 0 0
542.7 -10439.0 -17.5 180 0 11.4 17.4 17.5 3.5 2 1 5 1 1
571.1 -10674.2 4.0 71 0 9.1 10.1 10.5 3.5 2 1 3 0 0
525.5 -10457.1 -16.7 360 0 14.8 19.6 17.5 3.5 2 1 5 1 1
435.0 -10409.1 -17.0 179 0 39.8 34.5 17.5 0.0 0 0 5 0 0
471.1 -10456.5 -16.1 0 0 10.2 10.9 17.5 3.5 2 1 5 3 3
387.2 -10427.5 -13.8 90 0 14.2 15.8 17.5 3.5 2 1 5 1 1
391.6 -10388.6 -14.2 270 0 19.8 12.7 17.5 3.5 2 0 5 2 2
375.0 -10347.7 -13.6 270 0 17.9 5.6 10.5 3.5 2 0 3 3 3
542.0 -10472.8 -16.8 179 0 11.3 52.7 17.5 3.5 2 1 5 2 2
177.0 -9177.5 3.1 180 0 6.7 7.9 10.5 3.5 2 0 3 3 3
177.0 -9184.2 3.0 180 0 6.7 7.9 10.5 3.5 2 0 3 2 2
-4522.8 -1454.5 -75.7 246 0 8.7 4.8 7.5 2.5 2 0 3 3 3
-4498.9 -1445.0 -76.3 252 0 7.0 5.1 2.5 2.5 4 0 1 5 5
1613.3 -10260.3 -84.1 184 0 18.7 28.9 14.0 0.0 0 1 4 0 0
1608.9 -10323.2 -87.0 185 0 19.9 29.0 14.0 0.0 0 1 4 2 2
1662.1 -10225.3 -83.6 275 0 15.5 29.2 14.0 0.0 0 1 4 0 0
1707.8 -10308.4 -85.7 332 0 6.6 6.3 10.5 3.5 2 0 3 1 1
1681.7 -10331.8 -86.4 5 0 11.0 7.9 10.5 3.5 2 0 3 0 0
1922.3 -10413.5 -91.0 270 0 10.1 27.8 17.5 3.5 2 1 5 2 2
1898.6 -10418.9 -90.4 270 0 13.2 17.4 17.5 3.5 2 1 5 3 3
1822.8 -10322.0 -87.3 360 0 26.9 18.4 17.5 3.5 2 0 5 0 0
1864.0 -10301.7 -90.2 90 0 46.7 33.9 17.5 0.0 0 0 5 4 4
1805.6 -10302.3 -86.9 90 0 10.0 30.4 17.5 3.5 2 1 5 3 3
2065.9 -10485.3 -91.9 306 0 7.7 10.2 10.5 0.0 0 1 3 1 1
1992.8 -10548.4 -92.4 40 0 12.8 18.5 14.0 3.5 2 0 4 1 1
2117.3 -10518.8 -92.3 96 0 13.9 19.9 17.5 0.0 0 1 5 2 2
1737.9 -10573.3 -89.7 310 0 10.0 17.5 14.0 3.5 2 0 4 3 3
1732.4 -10768.9 -92.4 321 0 7.7 4.9 10.5 3.5 2 0 3 0 0
1734.0 -10806.4 -93.0 326 0 9.8 28.4 10.5 0.0 0 0 3 0 0
-305.0 -9904.6 23.8 218 0 10.8 6.4 10.5 3.5 2 0 3 5 5
-4973.6 -10607.1 -96.4 289 0 13.2 8.1 7.5 2.5 2 0 3 1 1
-4983.7 -10605.5 -96.3 296 0 6.6 11.6 7.5 2.5 2 0 3 3 3
-4926.7 -10632.1 -86.5 88 0 5.0 9.1 5.0 2.5 2 0 2 3 3
-4874.6 -10648.3 -81.9 78 0 7.0 8.1 7.5 2.5 2 1 3 1 1
-4935.7 -10632.4 -88.4 324 0 13.6 7.2 7.5 0.0 0 0 3 5 5
-6345.7 -11001.7 -91.3 57 0 9.0 10.1 5.0 2.5 2 0 2 0 0
-6354.1 -11007.8 -91.2 57 0 8.7 10.9 5.0 2.5 2 1 2 1 1
-6381.7 -10949.2 -98.1 343 0 8.3 12.5 7.5 2.5 2 1 3 3 3
-6388.0 -10938.4 -100.0 341 0 7.6 9.5 7.5 2.5 2 1 3 5 5
-6384.3 -11013.6 -90.6 90 0 7.8 13.0 7.5 2.5 2 1 3 0 0
-6396.7 -11011.6 -90.2 92 0 12.7 11.5 7.5 2.5 2 0 3 4 4
-6412.5 -10993.8 -89.5 268 0 12.8 12.7 2.5 2.5 2 0 1 5 5
-6444.8 -11051.9 -87.2 5 0 6.7 14.9 2.5 2.5 2 0 1 1 1
-6430.9 -11057.1 -89.8 21 0 7.2 9.5 7.5 2.5 2 0 3 3 3
-6433.2 -11065.9 -88.9 17 0 8.4 9.1 5.0 2.5 2 0 2 3 3
-6435.3 -11018.5 -89.1 21 0 7.6 9.1 5.0 2.5 2 0 2 5 5
-6435.8 -11006.1 -88.9 289 0 9.3 7.8 7.5 2.5 2 0 3 2 2
-6450.3 -10993.7 -88.7 108 0 11.6 9.0 7.5 2.5 2 0 3 2 2
-6452.1 -10981.2 -91.4 109 0 7.6 11.0 5.0 2.5 2 0 2 1 1
-6444.3 -10983.8 -91.1 108 0 8.8 11.0 5.0 2.5 2 0 2 5 5
-6430.8 -10983.6 -90.6 19 0 10.6 6.9 2.5 2.5 2 0 1 5 5
-6423.8 -10986.0 -90.4 19 0 10.7 7.4 7.5 2.5 2 0 3 0 0
-6440.7 -10959.9 -93.6 290 0 6.0 9.0 2.5 2.5 2 0 1 5 5
-6478.6 -11009.1 -83.0 1 0 6.2 5.2 2.5 2.5 2 0 1 4 4
-6689.0 -11011.8 -73.4 104 0 9.5 11.5 7.5 2.5 2 1 3 4 4
-6670.3 -11018.4 -71.2 273 0 10.5 6.8 2.5 2.5 2 0 1 0 0
-6677.4 -10997.6 -76.5 101 0 10.9 7.2 7.5 2.5 2 0 3 2 2
-6644.9 -10993.0 -78.2 11 0 7.1 13.6 7.5 2.5 2 0 3 3 3
-6654.1 -11014.9 -74.0 103 0 15.6 6.7 2.5 2.5 2 0 1 5 5
-6630.5 -11011.4 -75.1 11 0 6.5 9.8 7.5 2.5 2 0 3 2 2
-1002.5 -11989.1 -84.5 149 0 24.4 16.3 14.0 3.5 2 0 4 1 1
-944.2 -11125.4 -80.6 227 1 11.6 14.1 17.5 3.5 2 1 5 2 2
-990.1 -11165.6 -78.0 227 1 11.6 14.1 17.5 3.5 2 1 5 0 0
-978.7 -11155.7 -79.0 227 1 11.6 14.1 17.5 3.5 2 1 5 5 5
-945.0 -11216.7 -78.0 47 1 11.6 14.1 17.5 3.5 2 1 5 1 1
-922.2 -11198.8 -79.1 47 1 11.6 14.1 17.5 3.5 2 1 5 0 0
-964.0 -11218.2 -77.0 47 1 11.6 14.1 17.5 3.5 2 1 5 1 1
-976.9 -11205.0 -76.9 47 1 11.6 14.1 17.5 3.5 2 1 5 5 5
-997.6 -11179.5 -76.9 227 1 11.6 14.1 17.5 3.5 2 1 5 3 3
-1005.8 -11221.5 -74.4 47 0 5.8 14.1 10.5 3.5 2 0 3 2 2
-950.0 -11033.8 -71.2 4 0 7.7 41.6 10.5 0.0 0 1 3 0 0
-990.1 -11018.1 -67.8 184 0 7.7 41.6 10.5 3.5 2 1 3 1 1
-980.7 -11003.4 -63.0 275 0 22.5 7.5 10.5 3.5 2 0 3 2 2
-863.2 -11020.7 -73.4 344 0 7.7 41.6 10.5 3.5 2 1 3 4 4
-932.4 -11045.5 -74.6 162 0 7.5 22.5 10.5 3.5 4 1 3 0 0
-937.8 -11029.5 -70.3 162 0 8.1 64.5 10.5 0.0 0 1 3 3 3
320.7 -12644.4 2.8 341 0 17.8 7.1 10.5 3.5 2 0 3 1 1
328.2 -12651.3 0.2 341 0 47.5 15.4 14.0 3.5 2 0 4 0 0
2748.2 -9126.0 -60.7 254 0 25.5 11.0 14.0 3.5 2 0 4 0 0
-1559.6 -12785.3 -88.0 282 0 7.7 8.3 10.5 3.5 2 0 3 4 4
-1642.7 -12445.4 -74.8 335 0 9.8 13.1 10.5 3.5 2 1 3 5 5
-1567.3 -12783.6 -87.9 283 0 8.1 8.3 10.5 3.5 2 0 3 3 3
-1559.4 -12812.0 -87.8 104 0 5.9 10.9 10.5 3.5 2 0 3 5 5
-1538.0 -12879.7 -84.2 103 0 5.8 10.9 10.5 0.0 0 1 3 4 4
-1579.9 -12806.4 -87.7 104 0 5.9 10.9 10.5 3.5 2 0 3 1 1
-1553.6 -12870.5 -86.0 131 0 6.0 10.9 10.5 3.5 2 0 3 2 2
-1531.3 -12785.7 -88.3 284 0 5.9 10.9 10.5 3.5 2 0 3 0 0
-1537.0 -12784.3 -88.3 284 0 5.9 10.9 10.5 3.5 2 0 3 1 1
-1549.5 -12785.7 -88.1 284 0 5.9 10.9 10.5 3.5 2 0 3 1 1
-1534.7 -12802.9 -88.0 284 0 5.9 10.9 10.5 3.5 2 0 3 3 3
-1528.8 -12831.1 -86.2 104 0 5.9 10.9 10.5 3.5 2 0 3 0 0
-1534.5 -12829.6 -86.9 104 0 5.9 10.9 10.5 3.5 2 0 3 5 5
-1568.7 -12826.3 -87.5 104 0 6.0 10.9 10.5 3.5 2 0 3 4 4
-1574.4 -12824.9 -87.5 104 0 5.8 10.9 10.5 3.5 2 0 3 2 2
-1528.8 -12865.0 -84.1 104 0 6.0 10.9 10.5 3.5 2 0 3 5 5
-1517.4 -12867.9 -82.8 104 0 5.9 10.9 10.5 3.5 2 0 3 0 0
-1523.1 -12866.4 -83.5 104 0 5.9 10.9 10.5 3.5 2 0 3 0 0
-1531.9 -12853.0 -84.8 284 0 5.8 10.9 10.5 3.5 2 0 3 2 2
-1527.2 -12842.0 -84.8 193 0 10.9 6.0 10.5 3.5 2 0 3 5 5
-1627.3 -12835.1 -86.6 207 0 10.9 6.0 10.5 3.5 2 0 3 1 1
-1632.5 -12832.5 -86.6 207 0 10.9 5.8 10.5 3.5 2 0 3 5 5
-1628.0 -12860.4 -86.4 117 0 6.0 10.9 10.5 3.5 2 0 3 4 4
-1633.2 -12857.7 -86.4 117 0 5.8 10.9 10.5 3.5 2 0 3 0 0
-1557.3 -12852.9 -87.1 311 0 6.0 10.9 10.5 3.5 2 0 3 1 1
-1641.9 -12852.7 -86.3 117 0 5.9 10.9 10.5 3.5 2 0 3 3 3
-1652.6 -12841.2 -86.3 207 0 10.9 6.0 10.5 3.5 2 0 3 1 1
-1657.8 -12838.5 -86.2 207 0 10.9 5.8 10.5 3.5 2 0 3 2 2
-1641.3 -12828.0 -86.6 207 0 10.9 6.0 10.5 3.5 2 0 3 4 4
-1561.7 -12849.0 -87.1 311 0 5.8 10.9 10.5 3.5 2 0 3 5 5
-1646.4 -12825.4 -86.5 207 0 10.9 5.8 10.5 3.5 2 0 3 2 2
-1633.5 -12744.9 -89.0 84 0 11.4 6.0 10.5 3.5 2 0 3 3 3
-1572.8 -12707.6 -90.7 354 0 7.9 7.6 10.5 3.5 2 0 3 5 5
-1587.9 -12710.0 -90.4 264 0 7.6 7.9 10.5 3.5 2 1 3 1 1
-1570.8 -12723.9 -90.5 354 0 16.1 7.6 10.5 3.5 2 0 3 0 0
-1583.4 -12859.1 -86.9 221 0 10.9 6.0 10.5 3.5 2 0 3 5 5
-1599.7 -12710.5 -90.2 264 0 7.6 16.1 10.5 3.5 2 1 3 3 3
-1610.0 -12715.9 -89.9 264 0 7.6 16.1 10.5 3.5 2 1 3 2 2
-1617.1 -12760.2 -89.0 84 0 11.3 12.3 14.0 3.5 4 1 4 5 5
-1632.0 -12758.9 -88.8 84 0 11.3 12.3 14.0 0.0 0 1 4 1 1
-1637.3 -12718.9 -89.4 264 0 11.3 12.3 14.0 3.5 2 1 4 2 2
-1573.4 -12875.2 -86.9 131 0 6.0 10.9 10.5 3.5 2 0 3 0 0
-1646.9 -12772.0 -88.1 90 0 11.4 12.3 14.0 0.0 0 1 4 3 3
-1641.5 -12785.1 -87.2 90 0 8.4 8.8 10.5 0.0 0 1 3 5 5
-1646.1 -12782.7 -87.0 0 0 9.5 14.2 10.5 3.5 2 1 3 3 3
-1599.3 -12823.5 -87.0 297 0 8.1 8.3 10.5 3.5 2 0 3 4 4
-1487.1 -11775.4 -58.2 91 0 11.2 11.0 10.5 3.5 2 0 3 2 2
-1501.7 -11775.5 -57.0 91 0 11.2 11.0 10.5 3.5 2 0 3 4 4
-1517.0 -11777.4 -55.9 77 0 11.2 11.0 10.5 3.5 4 0 3 5 5
-1531.8 -11780.5 -55.7 77 0 11.2 11.0 10.5 3.5 2 0 3 3 3
-1545.9 -11784.1 -55.7 77 0 11.2 11.0 10.5 3.5 2 0 3 1 1
-1579.2 -11794.4 -61.2 226 0 11.2 11.0 10.5 3.5 4 0 3 4 4
-1492.4 -11743.3 -49.3 181 0 11.0 11.2 10.5 3.5 2 1 3 1 1
-1567.1 -11744.4 -40.4 79 0 11.2 11.0 10.5 3.5 4 0 3 4 4
-1551.7 -11741.6 -40.8 79 0 11.2 11.0 10.5 3.5 2 0 3 2 2
-1522.6 -11735.9 -41.4 79 0 11.2 11.0 10.5 3.5 2 0 3 2 2
-1537.4 -11738.5 -41.0 79 0 11.2 11.0 10.5 3.5 2 0 3 5 5
-1585.1 -11720.5 -34.8 245 0 11.2 11.0 10.5 3.5 2 0 3 3 3
-1558.2 -11708.0 -32.8 245 0 11.2 11.0 10.5 3.5 2 0 3 2 2
-1658.9 -11772.5 -47.8 226 0 11.2 11.0 10.5 3.5 2 0 3 4 4
-1587.9 -11754.7 -43.0 46 0 11.2 11.0 10.5 3.5 2 0 3 4 4
-1598.7 -11765.7 -45.8 46 0 11.2 11.0 10.5 0.0 0 0 3 1 1
-1647.0 -11810.9 -54.7 46 0 11.2 11.0 10.5 3.5 2 0 3 0 0
-1638.8 -11838.8 -61.4 240 0 11.2 11.0 10.5 3.5 2 0 3 4 4
-1607.5 -12816.2 -87.0 297 0 6.0 10.9 10.5 3.5 2 0 3 1 1
-1150.1 -11196.6 -66.4 173 0 8.5 10.3 10.5 3.5 2 1 3 3 3
-1139.3 -11090.5 -66.3 259 0 20.8 24.7 14.0 3.5 2 1 4 2 2
-1100.4 -11144.6 -71.4 348 0 48.8 24.5 14.0 0.0 0 0 4 2 2
-1630.2 -12815.3 -86.9 207 0 10.9 5.8 10.5 3.5 2 0 3 4 4
-1229.2 -11165.6 -58.0 81 0 19.1 8.2 10.5 3.5 2 0 3 2 2
-189.5 -10955.7 -86.0 311 0 6.1 11.4 10.5 3.5 2 0 3 3 3
-1060.1 -11166.0 -74.9 169 1 10.7 17.1 17.5 0.0 0 1 5 0 0
-183.0 -10988.7 -85.9 313 0 8.2 7.9 10.5 3.5 2 0 3 5 5
-169.9 -10979.3 -85.6 42 0 8.0 8.2 10.5 3.5 2 0 3 4 4
-172.1 -10954.7 -85.4 139 0 6.1 11.4 10.5 3.5 2 1 3 3 3
-178.0 -10948.3 -86.0 139 0 6.2 11.4 10.5 3.5 2 1 3 5 5
-165.7 -10939.1 -85.0 140 0 6.2 11.4 10.5 3.5 2 0 3 1 1
-146.7 -10953.3 -83.3 124 0 6.1 11.4 10.5 3.5 2 0 3 0 0
-151.7 -10949.7 -83.7 125 0 6.2 11.5 10.5 3.5 2 0 3 4 4
-145.7 -10974.9 -83.0 124 0 6.1 11.4 10.5 3.5 2 0 3 2 2
-157.5 -10966.4 -84.1 125 0 6.1 11.4 10.5 3.5 2 0 3 4 4
-162.5 -10962.9 -84.5 125 0 6.2 11.4 10.5 3.5 2 0 3 1 1
-184.9 -10959.7 -86.1 311 0 6.1 11.4 10.5 3.5 2 0 3 2 2
-202.8 -10980.0 -85.4 130 0 6.1 11.4 10.5 3.5 2 0 3 5 5
-206.4 -10948.3 -85.2 221 0 11.4 6.1 10.5 3.5 2 0 3 0 0
-272.8 -10886.4 -82.9 130 0 6.1 11.4 10.5 3.5 2 0 3 5 5
-277.5 -10882.4 -82.2 131 0 6.2 11.4 10.5 3.5 2 0 3 4 4
-271.8 -10851.8 -79.4 311 0 6.1 11.4 10.5 3.5 2 0 3 3 3
-318.2 -10846.7 -77.2 130 0 6.1 11.4 10.5 3.5 2 0 3 1 1
-312.0 -10852.4 -78.4 131 0 6.2 11.4 10.5 3.5 2 0 3 4 4
-1625.1 -12818.0 -86.9 207 0 10.9 6.0 10.5 3.5 2 0 3 5 5
-295.9 -10866.4 -81.2 130 0 6.1 11.4 10.5 3.5 2 0 3 3 3
-321.4 -10836.4 -76.4 221 0 11.4 6.1 10.5 3.5 2 0 3 4 4
-289.7 -10872.0 -81.6 131 0 6.2 11.4 10.5 3.5 2 0 3 1 1
-1595.6 -12847.5 -86.8 27 0 10.9 6.0 10.5 3.5 2 0 3 4 4
-380.3 -10782.4 -84.5 130 0 6.1 11.4 10.5 3.5 2 0 3 2 2
-385.0 -10778.3 -84.6 131 0 6.2 11.4 10.5 3.5 2 0 3 2 2
-385.7 -10739.7 -87.8 220 0 11.5 6.1 10.5 3.5 2 0 3 3 3
-372.8 -10743.3 -87.4 311 0 6.1 11.4 10.5 3.5 2 0 3 5 5
-354.5 -10767.7 -84.9 311 0 6.1 11.4 10.5 3.5 2 0 3 2 2
-369.2 -10666.5 -90.1 4 0 5.7 13.5 10.5 3.5 2 1 3 0 0
-382.3 -10674.8 -95.3 10 0 8.1 9.3 10.5 3.5 2 1 3 0 0
-350.1 -10817.7 -81.8 130 0 6.1 11.4 10.5 3.5 2 0 3 4 4
-1018.7 -11175.6 -75.7 47 0 5.9 14.1 10.5 3.5 2 0 3 5 5
-400.8 -10679.7 -96.8 87 1 11.8 10.1 17.5 3.5 2 0 5 0 0
-1038.3 -11116.2 -77.4 227 0 5.9 14.1 10.5 3.5 2 0 3 0 0
-1018.1 -11106.2 -78.9 227 0 5.8 14.1 10.5 3.5 2 0 3 1 1
-1022.4 -11110.2 -78.5 227 0 5.9 14.1 10.5 3.5 2 0 3 1 1
-999.9 -11149.1 -77.9 47 0 5.9 14.1 10.5 3.5 2 0 3 0 0
-1015.5 -11164.0 -76.4 47 0 5.8 14.1 10.5 3.5 2 0 3 1 1
-1004.1 -11153.1 -77.5 47 0 5.8 14.1 10.5 3.5 2 0 3 0 0
-1025.8 -11129.7 -77.4 227 0 5.9 14.1 10.5 3.5 2 0 3 3 3
-1006.3 -11119.4 -79.0 227 0 5.8 14.1 10.5 3.5 2 0 3 1 1
-1000.0 -11112.8 -79.6 227 0 5.9 14.1 10.5 3.5 2 0 3 0 0
-1010.6 -11123.3 -78.5 227 0 5.9 14.1 10.5 3.5 2 0 3 0 0
-973.6 -11132.3 -79.7 47 0 5.9 14.1 10.5 3.5 2 0 3 4 4
-985.2 -11142.9 -79.0 47 0 5.9 14.1 10.5 3.5 2 0 3 5 5
-977.9 -11136.3 -79.5 47 0 5.8 14.1 10.5 3.5 2 0 3 3 3
-1038.6 -11072.6 -78.8 227 0 5.8 14.1 10.5 3.5 2 0 3 5 5
-1042.8 -11076.6 -78.6 227 0 5.9 14.1 10.5 3.5 2 0 3 3 3
-1008.5 -11093.0 -80.0 47 0 5.9 14.1 10.5 3.5 2 0 3 4 4
-1012.8 -11097.0 -79.6 47 0 5.8 14.1 10.5 3.5 2 0 3 4 4
-1006.8 -11072.0 -80.5 227 0 5.8 14.1 10.5 3.5 2 0 3 5 5
-1011.1 -11076.0 -80.3 227 0 5.9 14.1 10.5 3.5 2 0 3 4 4
-963.4 -11099.0 -80.9 47 0 5.9 14.1 10.5 3.5 2 0 3 2 2
-964.5 -11074.9 -81.3 227 0 5.8 14.1 10.5 3.5 2 0 3 0 0
-968.8 -11078.9 -81.2 227 0 5.9 14.1 10.5 3.5 2 0 3 2 2
-942.6 -11098.9 -81.3 47 0 5.9 14.1 10.5 3.5 2 0 3 1 1
-946.8 -11102.9 -81.1 47 0 5.8 14.1 10.5 3.5 2 0 3 4 4
-931.1 -11085.4 -81.8 317 0 14.1 5.9 10.5 3.5 2 0 3 5 5
-932.7 -11096.5 -81.6 47 0 5.8 14.1 10.5 3.5 2 0 3 0 0
-842.1 -11094.8 -81.3 317 0 14.1 5.9 10.5 3.5 2 0 3 0 0
-842.3 -11121.0 -81.8 47 0 5.9 14.1 10.5 3.5 2 0 3 1 1
-853.3 -11130.5 -81.9 47 0 5.9 14.1 10.5 3.5 2 0 3 5 5
-857.5 -11134.5 -81.7 47 0 5.8 14.1 10.5 3.5 2 0 3 3 3
-861.2 -11145.9 -81.3 47 0 5.9 14.1 10.5 3.5 2 0 3 0 0
-865.5 -11149.9 -81.2 47 0 5.8 14.1 10.5 3.5 2 0 3 3 3
-885.8 -11131.8 -81.4 137 0 14.1 5.8 10.5 3.5 2 0 3 5 5
-860.3 -11082.4 -81.1 317 0 14.1 5.8 10.5 3.5 2 0 3 0 0
-867.3 -11089.1 -81.7 317 0 14.1 5.9 10.5 3.5 2 0 3 2 2
-878.5 -11089.9 -81.9 227 0 5.9 14.1 10.5 3.5 2 0 3 4 4
-897.7 -11117.2 -81.6 137 0 14.1 5.8 10.5 3.5 2 0 3 5 5
-888.8 -11099.4 -82.0 227 0 5.9 14.1 10.5 3.5 2 0 3 3 3
-912.2 -11096.7 -81.8 227 0 5.9 14.1 10.5 3.5 2 0 3 2 2
-907.9 -11092.8 -82.0 227 0 5.8 14.1 10.5 3.5 2 0 3 5 5
-896.4 -11082.1 -82.0 227 0 5.8 14.1 10.5 3.5 2 0 3 0 0
-886.1 -11072.6 -81.3 227 0 5.8 14.1 10.5 3.5 2 0 3 4 4
-874.8 -11061.9 -80.7 227 0 5.8 14.1 10.5 3.5 2 0 3 2 2
-879.1 -11065.9 -80.9 227 0 5.9 14.1 10.5 3.5 2 0 3 4 4
-1021.1 -11195.0 -74.8 227 0 5.8 14.1 10.5 3.5 2 0 3 0 0
-1001.5 -11217.5 -74.8 47 0 5.9 14.1 10.5 3.5 2 0 3 5 5
-2618.7 -11333.9 -81.0 150 0 7.9 22.8 10.5 3.5 2 1 3 0 0
-2733.4 -12076.0 76.1 254 0 6.7 14.2 10.5 3.5 2 0 3 2 2
-2718.7 -12070.8 74.8 254 0 6.2 15.3 10.5 3.5 2 0 3 0 0
-2685.0 -12078.1 72.0 74 0 6.2 15.1 10.5 3.5 2 0 3 1 1
-2670.0 -12073.7 70.5 76 0 6.2 14.8 10.5 3.5 2 0 3 4 4
-2649.0 -12068.6 68.6 76 0 6.3 14.5 10.5 3.5 2 0 3 0 0
-2655.1 -12070.1 69.1 76 0 6.2 14.5 10.5 3.5 2 0 3 0 0
-2619.7 -12022.9 59.6 258 0 6.5 13.8 10.5 3.5 2 1 3 5 5
-2628.1 -12025.1 60.4 259 0 6.0 12.1 10.5 3.5 2 0 3 1 1
-2644.9 -12028.6 61.8 257 0 6.4 14.5 10.5 3.5 2 0 3 4 4
-2676.7 -12036.9 64.9 254 0 6.4 14.3 10.5 3.5 2 0 3 3 3
-2693.0 -12041.8 66.7 253 0 6.9 11.9 10.5 3.5 2 0 3 1 1
-2686.9 -12039.9 66.0 253 0 5.9 11.9 10.5 3.5 2 0 3 1 1
-2722.6 -12020.9 58.7 344 0 13.3 7.2 10.5 3.5 2 0 3 4 4
-2729.6 -12023.0 58.7 344 0 13.4 6.8 10.5 3.5 2 0 3 5 5
-2742.7 -12019.7 58.6 254 0 6.3 13.3 10.5 3.5 2 0 3 1 1
-2748.9 -12021.5 58.6 254 0 6.4 13.3 10.5 3.5 2 0 3 4 4
-2725.3 -12040.6 64.2 343 0 14.0 6.1 10.5 3.5 2 0 3 5 5
-2714.0 -12061.5 69.5 72 0 7.3 11.9 10.5 3.5 2 0 3 1 1
-2720.7 -12063.6 69.8 72 0 6.9 11.9 10.5 3.5 2 0 3 4 4
-2729.2 -12067.8 70.6 71 0 7.7 11.0 10.5 3.5 2 0 3 5 5
-2736.3 -12070.2 70.7 71 0 7.4 11.0 10.5 3.5 2 0 3 4 4
-2604.7 -12016.1 54.8 80 0 5.3 11.0 10.5 3.5 2 1 3 3 3
-2619.5 -12019.3 55.9 79 0 6.6 11.5 10.5 3.5 2 0 3 5 5
-2634.5 -12022.3 57.1 78 0 6.3 11.7 10.5 3.5 2 0 3 0 0
-2651.4 -12025.2 58.2 77 0 6.0 12.7 10.5 3.5 2 0 3 5 5
-2660.5 -12027.2 59.2 75 0 6.1 11.7 10.5 3.5 2 0 3 4 4
-2666.3 -12028.8 59.8 75 0 5.9 11.7 10.5 3.5 2 0 3 2 2
-2694.3 -12035.8 62.9 77 0 5.9 10.2 10.5 3.5 2 1 3 5 5
-2609.0 -11987.8 50.3 258 0 7.3 12.5 10.5 3.5 2 1 3 3 3
-2615.9 -12001.0 51.1 77 0 7.2 11.9 10.5 3.5 2 1 3 5 5
-2623.6 -12003.1 51.9 77 0 5.1 12.1 10.5 3.5 2 1 3 5 5
-2638.8 -12005.9 53.2 77 0 6.1 11.8 10.5 3.5 2 1 3 3 3
-2667.8 -12000.6 55.6 252 0 5.6 11.4 10.5 3.5 2 1 3 0 0
-2684.9 -12016.6 57.3 73 0 5.9 12.3 10.5 3.5 2 0 3 1 1
-2697.2 -12013.9 58.2 163 0 11.9 5.8 10.5 3.5 2 0 3 1 1
-2703.2 -12015.7 58.8 163 0 11.9 6.3 10.5 3.5 2 0 3 4 4
-2621.4 -11952.9 39.1 177 0 10.7 5.6 10.5 0.0 0 0 3 3 3
-2680.3 -11947.8 42.7 255 0 6.5 12.4 10.5 3.5 2 1 3 4 4
-2672.9 -11974.3 46.5 77 0 5.7 11.4 10.5 3.5 2 0 3 2 2
-2681.9 -11976.1 47.4 73 0 5.9 10.7 10.5 3.5 2 1 3 5 5
-2705.0 -11983.2 48.0 71 0 5.9 10.5 10.5 3.5 2 0 3 1 1
-2715.6 -11963.8 42.6 342 0 12.6 4.8 10.5 3.5 2 0 3 4 4
-2723.6 -11971.3 42.2 71 0 5.4 12.6 10.5 3.5 2 1 3 4 4
-2615.2 -11978.4 47.0 357 0 10.0 7.3 10.5 3.5 2 0 3 3 3
-2635.1 -11968.4 46.4 253 0 6.0 11.7 10.5 3.5 2 0 3 2 2
-2652.0 -11981.7 48.7 165 0 11.2 6.2 10.5 3.5 2 0 3 2 2
-2657.7 -11983.3 49.3 165 0 11.2 6.0 10.5 3.5 2 0 3 4 4
-2687.8 -11987.9 53.0 253 0 6.0 11.4 10.5 3.5 2 0 3 2 2
-2600.7 -11873.0 33.1 338 0 9.0 6.7 10.5 3.5 2 0 3 2 2
-2611.2 -11881.0 33.2 69 0 6.9 8.9 10.5 0.0 0 1 3 3 3
-2625.9 -11888.3 33.7 69 0 6.5 10.7 10.5 3.5 4 1 3 5 5
-2648.7 -11890.9 34.2 161 0 12.4 4.1 10.5 3.5 2 0 3 3 3
-2648.4 -11897.4 34.3 71 0 3.7 12.4 10.5 3.5 2 0 3 5 5
-2672.5 -11893.1 34.7 252 0 4.1 12.1 10.5 3.5 2 0 3 2 2
-2676.8 -11894.5 34.7 252 0 4.9 12.1 10.5 3.5 2 0 3 4 4
-2681.4 -11896.1 34.7 252 0 4.9 12.1 10.5 3.5 2 0 3 1 1
-2695.4 -11903.8 33.9 250 0 5.4 10.0 10.5 3.5 2 0 3 4 4
-2707.5 -11908.1 33.8 250 0 4.2 10.0 10.5 3.5 2 0 3 4 4
-2711.4 -11909.5 33.8 250 0 4.2 10.0 10.5 3.5 2 0 3 1 1
-2657.0 -11865.2 33.5 177 0 7.2 6.3 10.5 3.5 2 0 3 3 3
-2648.5 -11874.2 33.6 166 0 9.4 6.3 10.5 3.5 2 0 3 4 4
-2619.7 -11857.4 32.7 262 0 8.4 8.4 10.5 3.5 2 0 3 5 5
-2624.1 -11847.3 32.3 358 0 9.4 7.9 10.5 3.5 2 0 3 2 2
-2618.2 -11843.1 32.2 270 0 7.5 10.1 10.5 0.0 0 1 3 2 2
-2608.4 -11804.5 30.5 342 0 10.1 8.4 10.5 3.5 2 0 3 3 3
-2635.4 -11805.7 31.0 337 0 12.1 5.8 10.5 3.5 2 0 3 3 3
-2645.0 -11827.0 31.9 159 0 3.1 7.9 10.5 3.5 2 1 3 3 3
-2631.1 -11814.6 31.4 271 0 6.1 12.4 10.5 3.5 2 1 3 0 0
-2650.4 -11828.0 31.8 68 0 6.9 10.8 10.5 0.0 0 1 3 5 5
-2649.1 -11834.5 32.2 182 0 10.2 7.0 10.5 3.5 2 0 3 0 0
-2722.6 -11838.2 33.2 79 0 5.8 11.7 10.5 3.5 2 0 3 2 2
-2748.4 -11810.4 32.8 180 0 10.2 5.7 10.5 3.5 2 0 3 4 4
-2717.6 -11790.8 31.9 269 0 6.0 14.5 10.5 3.5 2 0 3 0 0
-2723.7 -11790.8 32.1 269 0 6.1 14.5 10.5 3.5 2 0 3 4 4
-2731.1 -11820.4 32.8 90 0 5.8 12.7 10.5 3.5 2 1 3 1 1
-2744.9 -11833.6 32.6 177 0 9.3 7.7 10.5 3.5 4 0 3 2 2
-2717.4 -11834.2 33.2 79 0 6.0 10.1 10.5 3.5 2 0 3 0 0
-2709.8 -11833.0 33.0 90 0 4.6 8.6 10.5 3.5 2 1 3 2 2
-2701.1 -11816.6 32.4 360 0 12.4 6.2 10.5 3.5 2 0 3 1 1
-2710.2 -11822.8 32.5 90 0 5.9 12.4 10.5 3.5 2 0 3 1 1
-2705.0 -11848.0 33.4 68 0 7.1 13.2 10.5 3.5 2 0 3 2 2
-2694.8 -11843.8 33.1 71 0 5.8 14.1 10.5 3.5 2 0 3 0 0
-2681.2 -11839.2 32.7 70 0 6.4 13.8 10.5 3.5 2 0 3 5 5
-2667.9 -11834.9 32.3 70 0 5.9 14.3 10.5 3.5 2 0 3 2 2
-2688.6 -11799.7 31.7 252 0 10.4 5.4 10.5 3.5 2 0 3 4 4
-2674.4 -11788.0 31.1 250 0 5.3 12.9 10.5 3.5 2 0 3 4 4
-2665.9 -11809.3 31.5 157 0 10.5 6.8 10.5 0.0 0 0 3 4 4
-2668.4 -11816.2 31.7 66 0 5.9 11.3 10.5 3.5 2 1 3 4 4
-2652.2 -11793.6 31.0 307 0 8.5 9.3 10.5 3.5 2 1 3 4 4
-2668.3 -11885.0 34.2 67 0 5.5 11.1 10.5 3.5 4 1 3 1 1
-2688.9 -11885.1 34.1 337 0 5.1 8.5 10.5 3.5 2 0 3 0 0
-2684.5 -11891.2 34.4 66 0 3.3 10.0 10.5 3.5 2 0 3 0 0
-2681.4 -11889.9 34.4 67 0 3.4 10.0 10.5 3.5 2 0 3 3 3
-2678.5 -11877.8 34.3 246 0 4.2 10.0 10.5 3.5 2 0 3 2 2
-2700.9 -11898.2 33.3 66 0 3.4 9.6 10.5 3.5 2 0 3 1 1
-2704.1 -11899.6 33.1 66 0 3.6 9.6 10.5 3.5 2 0 3 1 1
-2708.7 -11902.1 32.7 66 0 3.8 10.5 10.5 3.5 2 0 3 2 2
-2722.9 -11898.3 32.5 246 0 4.0 9.2 10.5 3.5 2 0 3 2 2
-2729.7 -11910.4 32.4 66 0 3.7 9.9 10.5 3.5 2 0 3 4 4
-2737.6 -11913.9 32.4 66 0 6.3 9.9 10.5 3.5 2 0 3 1 1
-2753.8 -11838.4 31.4 255 0 9.7 7.2 10.5 3.5 2 0 3 1 1
-2682.9 -11846.7 33.4 256 0 3.0 12.5 10.5 3.5 2 1 3 2 2
-2691.0 -11862.2 33.7 68 0 3.7 13.5 10.5 3.5 2 0 3 2 2
-2703.3 -11867.5 33.9 67 0 6.5 12.0 10.5 3.5 2 1 3 0 0
-2733.3 -11866.2 32.1 245 0 4.3 16.2 10.5 3.5 2 0 3 4 4
-2741.7 -11855.2 31.5 336 0 4.2 8.5 10.5 3.5 2 0 3 3 3
-2740.0 -11859.0 31.4 336 0 4.2 8.5 10.5 3.5 2 0 3 4 4
-2738.3 -11862.8 31.4 336 0 4.1 8.5 10.5 3.5 2 0 3 1 1
-2736.4 -11871.8 31.2 337 0 3.8 8.5 10.5 3.5 2 0 3 5 5
-2755.5 -11865.4 30.8 159 0 6.1 5.3 10.5 3.5 2 0 3 0 0
-2745.2 -11885.3 30.7 69 0 5.3 14.2 10.5 3.5 2 0 3 5 5
-2732.0 -11891.4 31.2 337 0 10.2 5.7 10.5 3.5 2 0 3 2 2
-2677.2 -11872.6 34.0 74 0 4.4 9.6 10.5 3.5 2 0 3 3 3
-2706.5 -11874.6 33.8 247 0 3.8 10.2 10.5 3.5 2 0 3 1 1
-2713.4 -11889.0 32.8 66 0 4.1 10.3 10.5 3.5 2 0 3 3 3
-2717.3 -11890.7 32.4 66 0 4.2 10.3 10.5 3.5 2 0 3 5 5
-2721.1 -11892.4 32.1 66 0 4.1 10.3 10.5 3.5 2 0 3 5 5
-2885.0 -11835.5 23.6 346 0 7.3 9.5 10.5 0.0 0 1 3 4 4
-2879.9 -11852.6 24.1 345 0 8.0 9.6 10.5 3.5 2 1 3 0 0
-2904.3 -11831.3 23.5 255 0 11.3 6.1 10.5 3.5 2 0 3 4 4
-2902.7 -11837.3 23.7 255 0 11.3 6.0 10.5 3.5 2 0 3 5 5
-2893.9 -11845.0 24.0 344 0 6.0 12.3 10.5 3.5 2 1 3 2 2
-2922.5 -11844.6 24.1 178 0 7.0 12.1 10.5 3.5 4 1 3 0 0
-2922.3 -11852.8 24.6 178 0 7.2 12.2 10.5 3.5 4 1 3 5 5
-2903.3 -11874.6 25.3 82 0 7.3 8.6 10.5 3.5 2 0 3 4 4
-2920.0 -11863.0 25.0 170 0 9.4 8.1 10.5 3.5 2 0 3 3 3
-2913.5 -11876.6 25.5 80 0 8.1 9.9 10.5 3.5 2 0 3 0 0
-2911.8 -11885.2 26.5 257 0 6.5 13.7 7.5 2.5 4 1 3 0 0
-2889.3 -11891.7 26.5 140 0 10.8 5.0 7.5 2.5 2 0 3 2 2
-2880.2 -11897.1 27.8 231 0 6.0 10.5 7.5 2.5 2 0 3 2 2
-2871.9 -11890.5 27.5 231 0 4.1 10.5 5.0 2.5 2 0 2 3 3
-2868.5 -11887.8 27.3 231 0 4.6 10.5 5.0 2.5 2 0 2 3 3
-2846.4 -11871.8 25.0 73 0 6.9 14.2 10.5 3.5 2 0 3 0 0
-2861.8 -11876.4 24.9 73 0 7.6 15.8 10.5 3.5 2 1 3 1 1
-2839.1 -11883.0 27.4 326 0 7.5 13.9 7.5 2.5 2 1 3 5 5
-2844.6 -11897.0 28.8 326 0 7.1 8.9 5.0 2.5 2 1 2 5 5
-2856.8 -11924.2 29.9 92 0 6.5 12.9 7.5 2.5 2 0 3 4 4
-2872.7 -11930.2 30.1 84 0 7.9 11.4 7.5 2.5 2 1 3 0 0
-2910.1 -11923.7 29.7 263 0 8.0 11.4 7.5 2.5 2 0 3 5 5
-2758.8 -11801.8 32.1 358 0 9.9 8.1 10.5 3.5 4 0 3 5 5
-2784.2 -11794.1 30.7 266 0 6.5 12.3 10.5 3.5 2 1 3 3 3
-2761.8 -11819.3 31.3 9 0 9.9 8.6 10.5 3.5 2 0 3 0 0
-2763.3 -11828.5 30.8 9 0 8.8 8.6 10.5 3.5 2 0 3 2 2
-2772.5 -11841.1 29.8 13 0 14.6 4.8 10.5 3.5 2 0 3 4 4
-2797.7 -11841.5 28.5 192 0 4.2 7.6 10.5 3.5 2 0 3 0 0
-2800.8 -11842.3 28.3 102 0 4.1 9.5 10.5 3.5 2 1 3 2 2
-2790.1 -11861.2 28.3 103 0 4.9 12.1 10.5 3.5 2 0 3 4 4
-2796.1 -11853.6 28.0 193 0 12.1 5.1 10.5 3.5 2 0 3 4 4
-2801.0 -11852.5 27.7 193 0 12.2 5.0 10.5 3.5 2 0 3 1 1
-2803.4 -11879.6 27.3 88 0 6.7 10.5 10.5 3.5 2 0 3 2 2
-2763.9 -11884.3 29.6 166 0 13.6 6.3 10.5 3.5 2 0 3 4 4
-2759.3 -11900.8 30.9 165 0 12.8 7.2 10.5 3.5 2 0 3 5 5
-2771.5 -11913.8 31.6 344 0 8.9 5.3 10.5 3.5 4 0 3 1 1
-2772.9 -11894.6 29.3 76 0 4.8 13.7 10.5 3.5 2 0 3 1 1
-2785.2 -11897.6 29.1 76 0 3.5 13.7 10.5 3.5 2 0 3 0 0
-2793.6 -11896.1 28.6 75 0 4.7 14.1 10.5 3.5 2 0 3 5 5
-2808.7 -11885.6 28.5 256 0 7.4 14.1 10.5 3.5 2 1 3 5 5
-2812.5 -11906.4 29.8 70 0 6.5 6.3 10.5 3.5 2 0 3 3 3
-2798.8 -11914.8 31.6 269 0 4.2 9.3 10.5 3.5 2 1 3 3 3
-2815.7 -11921.1 32.0 256 0 8.3 8.8 10.5 3.5 4 1 3 4 4
-2824.0 -11919.6 30.2 91 0 6.3 14.3 10.5 3.5 2 0 3 4 4
-2830.2 -11905.1 30.2 271 0 6.6 14.3 10.5 3.5 2 0 3 4 4
-2804.1 -11927.3 32.8 251 0 9.5 9.3 10.5 3.5 2 0 3 0 0
-1641.1 -11432.4 55.7 348 0 22.4 17.9 10.5 3.5 2 0 3 1 1
-1641.6 -11324.9 34.6 245 0 49.7 49.9 14.0 0.0 0 1 4 3 3
-1680.6 -11368.0 55.0 332 0 22.5 22.2 10.5 3.5 2 0 3 2 2
-1727.5 -11395.7 61.4 150 0 17.0 22.2 10.5 3.5 4 1 3 3 3
