-6580.3 -9654.3 -37.2 95 0 144.3 143.4 5.0 0.0 0 0 2 1 1
-6692.5 -9500.2 -37.1 275 0 72.6 143.4 10.0 0.0 0 1 4 1 1
-1871.0 -4678.5 24.5 99 0 20.4 37.0 12.5 0.0 0 1 5 3 3
-5591.8 9262.9 -20.6 259 0 9.5 30.4 10.5 3.5 2 1 3 3 3
-2634.5 7241.9 -26.7 47 0 49.1 133.2 14.0 0.0 0 1 4 3 3
-3070.7 10486.5 -13.5 259 0 10.9 12.4 17.5 3.5 2 1 5 1 1
-3177.5 8396.6 -19.3 356 0 16.6 13.1 17.5 3.5 2 0 5 3 3
-3263.9 7972.8 -4.4 65 0 20.3 46.5 17.5 3.5 2 1 5 0 0
-2418.0 6791.1 -10.6 243 0 10.4 58.2 10.0 2.5 2 1 4 1 1
-2126.1 6429.5 -13.0 338 0 26.4 63.7 10.0 0.0 0 1 4 3 3
-1925.7 6416.3 -5.3 338 0 22.8 103.8 10.0 0.0 0 1 4 0 0
-1699.0 4529.5 -2.5 251 0 54.0 32.2 12.5 0.0 0 0 5 3 3
-1634.2 4366.4 -0.9 342 0 47.4 31.6 15.0 0.0 0 0 6 2 2
-1944.6 4580.0 -6.6 350 0 117.6 34.3 7.5 0.0 0 0 3 3 3
-563.1 4290.2 -10.2 342 0 138.1 59.3 10.0 0.0 0 0 4 2 2
-621.9 4200.0 -8.7 73 0 26.0 100.4 10.0 0.0 0 1 4 3 3
-4179.5 8656.3 -21.2 24 0 10.6 21.3 17.5 3.5 2 1 5 5 5
-3955.0 8630.6 -23.4 26 0 27.2 14.9 17.5 3.5 2 0 5 5 5
-3563.9 8494.4 -19.4 194 0 13.0 19.2 17.5 3.5 2 0 5 4 4
-3559.4 8513.0 -18.4 194 0 25.1 21.8 17.5 3.5 2 0 5 5 5
-3596.5 8611.3 -20.9 156 0 34.0 31.3 17.5 0.0 0 0 5 5 5
-3386.3 8568.7 -20.9 190 0 11.7 9.6 10.5 3.5 2 0 3 3 3
-3445.0 8609.7 -19.3 159 0 12.2 11.0 17.5 3.5 2 0 5 1 1
-3337.8 8447.6 -8.5 144 0 14.1 12.2 17.5 3.5 4 0 5 1 1
-3388.4 8839.9 -16.5 322 0 13.9 53.9 17.5 3.5 2 1 5 2 2
-3188.7 8656.2 -22.6 66 0 21.8 63.2 17.5 3.5 2 1 5 1 1
-358.3 1853.7 -12.5 52 0 19.3 16.0 10.5 3.5 2 0 3 0 0
-350.2 1843.2 -12.7 52 0 19.2 13.2 10.5 3.5 2 0 3 4 4
-421.7 1819.8 -12.2 234 0 18.1 14.5 10.5 3.5 4 0 3 5 5
754.7 1140.5 -19.2 48 0 50.1 42.7 7.5 0.0 0 0 3 4 4
708.4 1100.2 -18.5 46 0 35.5 41.7 10.0 0.0 0 1 4 0 0
4685.2 4140.7 21.2 27 0 9.3 8.8 7.5 2.5 2 0 3 5 5
6224.7 3524.0 9.2 108 0 8.9 10.9 7.5 2.5 2 1 3 2 2
6121.2 3836.0 9.7 298 0 10.1 18.1 7.5 2.5 2 1 3 0 0
3453.8 3017.5 -0.5 245 0 26.4 9.2 7.5 2.5 4 0 3 0 0
