-2531.8 7334.3 -14.5 140 0 131.8 38.6 5.0 0.0 0 0 2 5 5
3688.4 -6424.8 -3.0 214 0 147.0 35.9 7.5 0.0 0 0 3 4 4
-632.9 -367.5 7.3 40 0 60.9 81.2 12.5 0.0 0 1 5 0 0
2619.8 -7310.3 -3.5 84 0 102.2 103.0 12.5 0.0 0 1 5 0 0
2271.7 -7375.0 2.8 72 0 109.8 102.4 10.0 0.0 0 0 4 1 1
2390.8 -7349.7 2.6 73 0 105.1 116.5 12.5 0.0 0 1 5 1 1
2506.3 -7323.2 0.2 83 0 102.8 117.1 7.5 0.0 0 1 3 3 3
-5621.5 8554.4 -22.8 28 0 25.8 26.9 7.5 0.0 0 1 3 3 3
-5430.7 8685.8 -21.5 206 0 24.5 26.7 7.5 0.0 0 1 3 3 3
-5419.9 8589.0 -20.1 26 0 75.9 17.9 7.5 2.5 2 0 3 1 1
-5611.5 8650.1 -23.1 26 0 77.0 16.7 10.0 2.5 2 0 4 3 3
4427.7 -6311.9 5.9 303 1 11.3 17.6 14.0 3.5 2 1 4 0 0
4444.0 -6418.4 9.9 120 1 15.2 13.9 14.0 3.5 2 0 4 1 1
4454.5 -6405.5 10.0 126 1 14.1 14.2 14.0 3.5 2 1 4 3 3
4465.0 -6390.8 9.9 128 1 14.9 12.9 14.0 3.5 2 0 4 0 0
4474.9 -6377.9 9.8 121 1 13.3 13.8 14.0 3.5 2 1 4 3 3
4490.3 -6351.6 9.6 299 1 14.0 14.1 14.0 3.5 2 1 4 2 2
4507.5 -6322.0 9.2 303 1 15.0 13.3 14.0 3.5 4 0 4 3 3
4419.6 -6401.6 8.5 123 1 13.0 12.8 14.0 3.5 4 0 4 2 2
4429.6 -6387.0 8.4 133 1 14.5 13.4 14.0 3.5 2 0 4 3 3
4451.9 -6361.4 8.3 118 1 15.1 13.3 14.0 0.0 0 0 4 5 5
4466.6 -6335.9 8.1 300 1 14.4 13.7 14.0 3.5 2 0 4 5 5
4473.7 -6321.2 7.9 299 1 13.5 13.2 14.0 3.5 2 0 4 4 4
4484.0 -6305.9 7.8 309 1 15.2 13.3 14.0 3.5 2 0 4 5 5
4461.5 -6290.3 6.5 303 0 8.2 16.7 10.5 3.5 2 1 3 5 5
4419.3 -6356.3 7.1 126 0 7.5 19.5 10.5 3.5 4 1 3 3 3
4408.2 -6371.8 7.1 125 0 9.8 16.7 10.5 3.5 2 1 3 1 1
4396.0 -6387.7 7.2 124 0 8.2 16.4 10.5 3.5 2 1 3 1 1
4384.8 -6379.5 6.5 122 0 7.6 17.2 10.5 3.5 2 1 3 2 2
4395.5 -6363.5 6.4 124 0 7.4 16.4 10.5 3.5 2 1 3 1 1
4439.1 -6297.6 5.9 302 0 7.4 16.2 10.5 3.5 4 1 3 0 0
4449.2 -6282.3 5.8 302 0 7.6 15.3 10.5 3.5 2 1 3 4 4
4445.8 -6445.0 8.5 33 0 7.9 55.9 10.5 0.0 0 1 3 5 5
