-3770.3 -8386.4 -25.0 8 0 64.2 100.3 7.5 0.0 0 1 3 1 1
-3837.3 -8498.4 -16.4 98 0 100.3 64.2 12.5 0.0 0 0 5 1 1
-3896.5 -8563.8 -11.1 278 0 19.9 49.1 10.0 2.5 2 1 4 2 2
-3573.3 -9943.5 -15.6 0 0 47.3 49.1 10.0 0.0 0 1 4 0 0
-3805.9 -9716.6 -2.2 129 0 81.8 54.4 10.0 0.0 0 0 4 1 1
-3878.4 -8201.1 -23.2 189 0 43.6 26.4 15.0 0.0 0 0 6 2 2
-3736.6 -8090.1 -27.4 279 0 14.9 71.4 12.5 2.5 2 1 5 3 3
-3699.6 -8001.6 -30.0 278 0 16.3 17.7 7.5 2.5 2 1 3 5 5
-3592.4 -8605.0 -25.1 26 0 25.6 19.5 7.5 2.5 2 0 3 1 1
-3920.8 -8078.9 -19.8 189 0 26.0 12.9 10.0 2.5 2 0 4 0 0
-3686.9 -8247.5 -27.0 9 0 23.5 19.2 7.5 2.5 2 0 3 4 4
-3664.5 -8185.8 -28.0 190 0 56.0 17.9 12.5 2.5 2 0 5 2 2
-3884.1 -8248.7 -22.4 188 0 25.0 10.5 7.5 2.5 2 0 3 1 1
-3872.4 -7936.3 -18.1 282 0 17.9 32.1 10.0 2.5 2 1 4 0 0
-3675.8 -8160.7 -27.4 10 0 40.7 14.0 10.0 2.5 2 0 4 5 5
-3729.7 -8286.4 -26.0 11 0 37.9 10.7 7.5 2.5 2 0 3 0 0
-3942.7 -7930.4 -15.8 98 0 16.7 25.2 10.0 2.5 2 1 4 2 2
-3907.8 -8255.4 -22.0 189 0 40.7 18.1 10.0 2.5 2 0 4 3 3
-3844.9 -8073.7 -25.7 278 0 14.1 69.3 10.0 2.5 2 1 4 0 0
-3873.7 -8261.8 -22.7 188 0 37.1 12.9 10.0 2.5 2 0 4 2 2
-3692.4 -8052.1 -29.5 98 0 30.4 13.0 15.0 0.0 0 0 6 1 1
-3921.6 -7889.7 -18.2 314 0 20.0 6.7 7.5 2.5 2 0 3 3 3
-3679.4 -8405.8 -27.5 10 0 106.6 37.5 12.5 0.0 0 0 5 2 2
-3913.8 -7908.6 -17.2 280 0 7.4 32.2 5.0 2.5 2 1 2 2 2
-3790.6 -8082.2 -27.1 279 0 91.7 70.4 12.5 0.0 0 0 5 3 3
-3596.0 -8629.7 -24.7 27 0 22.8 20.2 10.0 2.5 2 0 4 0 0
-3772.2 -8040.6 -28.9 100 0 53.6 34.2 10.0 0.0 0 0 4 0 0
-3614.5 -8054.7 -30.5 10 0 20.3 25.6 12.5 2.5 2 1 5 1 1
-3723.1 -8218.8 -26.1 9 0 67.4 50.1 12.5 0.0 0 0 5 1 1
-3798.0 -8283.0 -24.3 9 0 21.8 22.7 7.5 2.5 2 1 3 4 4
-3654.4 -8127.1 -29.1 190 0 61.0 17.8 7.5 2.5 2 0 3 4 4
-3683.0 -8200.9 -27.0 9 0 31.6 12.8 12.5 2.5 2 0 5 1 1
-3851.7 -7944.3 -20.0 296 0 14.5 15.9 7.5 2.5 2 1 3 3 3
-4003.1 -7791.4 -22.6 322 0 58.9 28.4 7.5 0.0 0 0 3 4 4
-4066.2 -12059.9 -22.9 245 0 12.2 45.9 5.0 0.0 0 1 2 4 4
-3757.1 -11811.7 -32.0 322 0 35.7 14.7 12.5 2.5 2 0 5 3 3
3466.8 -11246.1 -22.1 183 0 23.5 13.7 10.0 2.5 2 0 4 0 0
3485.6 -11249.8 -21.8 177 0 19.4 11.4 7.5 2.5 2 0 3 2 2
3516.3 -11250.1 -21.6 1 0 20.2 11.3 5.0 2.5 2 0 2 0 0
3536.3 -11250.4 -21.4 2 0 21.0 11.5 5.0 2.5 2 0 2 2 2
3468.7 -11221.8 -21.8 179 0 17.7 10.7 7.5 2.5 2 0 3 3 3
3492.6 -11212.7 -21.6 272 0 11.2 20.2 7.5 2.5 4 1 3 4 4
3512.1 -11213.3 -21.4 270 0 12.2 19.8 2.5 2.5 2 1 1 3 3
3533.3 -11212.6 -21.1 276 0 11.1 18.5 5.0 2.5 2 1 2 0 0
3535.5 -11283.2 -21.6 0 0 20.9 11.9 10.0 2.5 2 0 4 3 3
3515.4 -11282.4 -21.9 2 0 21.0 11.8 5.0 2.5 2 0 2 0 0
3484.3 -11281.5 -22.1 185 0 21.4 12.4 10.0 2.5 4 0 4 3 3
3444.8 -11281.9 -22.6 178 0 20.1 10.8 5.0 2.5 2 0 2 5 5
3464.2 -11281.3 -22.4 178 0 16.0 14.1 2.5 2.5 2 0 1 1 1
3530.2 -11319.5 -21.9 92 0 11.8 19.4 5.0 0.0 0 1 2 0 0
3490.6 -11317.9 -22.3 93 0 11.7 19.0 7.5 2.5 2 1 3 2 2
3466.0 -11307.9 -22.6 181 0 21.9 10.9 7.5 2.5 2 0 3 4 4
3420.3 -11280.4 -23.1 2 0 19.3 11.6 5.0 2.5 2 0 2 4 4
3394.4 -11270.7 -23.3 275 0 11.9 18.6 5.0 2.5 2 1 2 5 5
3421.0 -11306.4 -23.3 359 0 19.9 12.1 7.5 2.5 2 0 3 0 0
3399.3 -11306.1 -23.5 0 0 19.5 11.4 10.0 2.5 4 0 4 1 1
3367.5 -11305.5 -23.8 179 0 19.9 11.3 5.0 2.5 2 0 2 4 4
3420.8 -11333.4 -23.4 2 0 22.5 11.0 5.0 2.5 2 0 2 5 5
3400.4 -11333.5 -23.6 3 0 21.0 10.7 7.5 2.5 2 0 3 1 1
3374.7 -11268.6 -23.6 272 0 11.3 19.5 7.5 2.5 2 1 3 2 2
3349.1 -11268.1 -23.8 270 0 11.0 20.7 7.5 2.5 4 1 3 4 4
3348.1 -11305.1 -24.0 181 0 20.6 10.8 5.0 2.5 2 0 2 3 3
3349.4 -11329.8 -24.0 183 0 19.7 11.1 2.5 2.5 4 0 1 3 3
3374.7 -11341.0 -23.9 93 0 12.4 19.3 2.5 2.5 2 1 1 0 0
3322.3 -11077.0 -22.5 144 0 12.8 9.8 5.0 2.5 2 0 2 5 5
3332.4 -11091.8 -22.5 142 0 13.1 10.1 5.0 2.5 2 0 2 4 4
3434.3 -11035.0 -21.5 322 0 13.0 52.4 7.5 2.5 2 1 3 1 1
3422.7 -11019.4 -21.7 321 0 13.3 66.0 10.0 2.5 2 1 4 1 1
3331.5 -11039.2 -22.2 200 0 21.6 18.8 7.5 0.0 0 0 3 2 2
3346.5 -11081.7 -22.2 141 0 4.7 9.7 5.0 2.5 2 0 2 4 4
3387.9 -10977.9 -21.1 311 0 9.7 11.1 7.5 2.5 2 1 3 1 1
3409.8 -11680.6 -24.5 152 0 12.1 18.4 7.5 2.5 2 1 3 1 1
3477.7 -11617.1 -22.8 66 0 10.4 31.7 10.0 2.5 4 1 4 4 4
3469.9 -11582.5 -21.9 70 0 11.0 12.6 5.0 2.5 2 1 2 3 3
3512.7 -11554.4 -21.5 2 0 21.4 12.1 7.5 2.5 2 0 3 4 4
3258.2 -11582.4 -21.8 275 0 11.1 10.7 5.0 2.5 4 0 2 3 3
3239.8 -11661.7 -23.7 183 0 11.0 17.4 5.0 2.5 2 1 2 0 0
3292.5 -11687.3 -24.4 37 0 10.8 9.8 5.0 2.5 4 0 2 0 0
3310.8 -11686.2 -24.4 121 0 7.1 10.6 7.5 2.5 4 1 3 3 3
3350.6 -11575.6 -21.7 269 0 10.5 7.7 5.0 2.5 2 0 2 4 4
3266.2 -11622.1 -22.8 270 0 10.4 11.7 5.0 0.0 0 1 2 2 2
3241.1 -11588.3 -21.9 270 0 9.4 12.1 7.5 2.5 2 1 3 5 5
3388.4 -11594.3 -22.3 230 0 11.3 11.4 2.5 2.5 2 1 1 1 1
3438.1 -11616.7 -22.8 45 0 10.1 35.0 7.5 2.5 2 1 3 0 0
3394.1 -11527.2 -21.4 224 0 8.9 23.7 5.0 0.0 0 1 2 0 0
3425.5 -11568.2 -21.6 312 0 4.9 11.0 5.0 2.5 2 1 2 3 3
3446.3 -11502.2 -21.5 339 0 7.5 9.4 5.0 2.5 2 1 2 2 2
3447.0 -11425.9 -22.3 252 0 11.0 19.6 5.0 2.5 2 1 2 4 4
3456.0 -11456.1 -22.0 62 0 9.6 9.1 5.0 2.5 2 0 2 2 2
3382.8 -11554.2 -21.3 244 0 12.7 14.1 2.5 2.5 2 1 1 5 5
3436.4 -11530.2 -21.2 312 0 9.8 8.1 7.5 2.5 2 0 3 3 3
3407.0 -11496.0 -21.7 226 0 5.9 9.7 5.0 0.0 0 1 2 2 2
3386.1 -11462.2 -22.2 197 0 9.7 12.2 7.5 2.5 2 1 3 5 5
3421.1 -11544.4 -21.1 321 0 5.9 9.1 2.5 2.5 2 1 1 1 1
3450.5 -11555.6 -21.3 321 0 6.6 7.2 5.0 2.5 2 1 2 4 4
3429.0 -11420.3 -22.5 162 0 8.1 10.5 2.5 0.0 0 1 1 4 4
3414.6 -11408.1 -22.7 174 0 5.2 9.2 7.5 0.0 0 1 3 2 2
3400.3 -11362.8 -23.5 2 0 21.0 12.0 10.0 2.5 2 0 4 0 0
3499.7 -11959.0 -23.0 292 0 14.3 10.1 2.5 2.5 2 0 1 1 1
3475.4 -12024.3 -22.3 109 0 12.0 11.4 5.0 2.5 2 0 2 5 5
3429.3 -11938.6 -23.7 196 0 9.6 23.7 7.5 2.5 2 1 3 4 4
3458.0 -11987.9 -23.1 114 0 10.8 19.8 7.5 2.5 2 1 3 4 4
3393.2 -11931.1 -24.1 283 0 10.1 24.2 5.0 2.5 2 1 2 0 0
3383.2 -11816.4 -25.4 279 0 11.8 10.4 5.0 2.5 2 0 2 2 2
3375.7 -11864.8 -25.1 99 0 10.9 14.1 5.0 2.5 2 1 2 0 0
3364.5 -11813.5 -25.4 285 0 10.9 10.5 5.0 2.5 2 0 2 3 3
3361.8 -11826.2 -25.3 281 0 10.6 9.8 7.5 2.5 2 0 3 5 5
3359.9 -11838.2 -25.2 277 0 11.3 10.8 5.0 2.5 2 0 2 0 0
3348.8 -11905.9 -24.6 100 0 11.6 11.2 7.5 2.5 4 0 3 1 1
3344.6 -11809.1 -25.4 278 0 11.2 11.3 5.0 2.5 2 1 2 5 5
3342.6 -11822.5 -25.3 279 0 11.1 10.2 7.5 2.5 2 0 3 4 4
3333.1 -11877.2 -24.9 101 0 11.4 10.3 5.0 2.5 4 0 2 2 2
3329.7 -11903.0 -24.6 96 0 11.6 11.4 2.5 2.5 2 0 1 3 3
3331.0 -11890.1 -24.8 98 0 10.1 9.8 5.0 2.5 2 0 2 1 1
3309.4 -11900.2 -24.7 98 0 11.6 11.5 7.5 2.5 2 0 3 4 4
3311.6 -11886.9 -24.8 97 0 11.2 11.3 10.0 2.5 2 1 4 4 4
3289.7 -11895.5 -24.7 99 0 11.1 11.4 7.5 2.5 2 1 3 2 2
3287.1 -11876.6 -24.8 186 0 10.6 10.7 7.5 0.0 0 1 3 5 5
3294.2 -11832.8 -25.2 188 0 10.6 11.7 5.0 2.5 2 1 2 2 2
3306.4 -11943.8 -24.1 247 0 13.7 10.9 7.5 2.5 2 0 3 5 5
3338.6 -11944.1 -24.1 246 0 16.1 10.7 10.0 0.0 0 0 4 2 2
3324.7 -11935.2 -24.2 243 0 7.8 10.0 7.5 2.5 4 1 3 5 5
3038.4 -11863.9 -24.5 236 0 11.2 14.9 5.0 2.5 2 1 2 3 3
2990.7 -11948.0 -18.9 123 0 9.8 59.7 7.5 0.0 0 1 3 2 2
3005.3 -11954.0 -19.7 115 0 7.0 52.2 7.5 2.5 2 1 3 1 1
3021.6 -11944.9 -22.0 115 0 7.2 33.6 2.5 2.5 2 1 1 5 5
3087.6 -11965.8 -23.7 66 0 7.3 24.9 7.5 2.5 2 1 3 2 2
3154.0 -11947.5 -24.0 226 0 9.9 15.6 2.5 2.5 2 1 1 2 2
3168.8 -11969.1 -23.9 135 0 15.0 10.9 2.5 2.5 2 0 1 1 1
3189.8 -11975.0 -23.8 315 0 16.7 10.8 10.0 0.0 0 0 4 3 3
3200.3 -11991.5 -23.6 317 0 7.8 10.9 2.5 2.5 2 1 1 4 4
3188.7 -11824.1 -25.2 248 0 11.2 20.2 5.0 2.5 2 1 2 2 2
3206.6 -11852.7 -25.0 336 0 19.9 10.4 5.0 2.5 2 0 2 0 0
3216.8 -11873.4 -24.8 336 0 20.0 11.2 5.0 2.5 4 0 2 5 5
3224.7 -11905.6 -24.7 65 0 10.7 20.0 7.5 0.0 0 1 3 1 1
3170.3 -11831.9 -25.1 247 0 10.9 20.7 5.0 2.5 4 1 2 5 5
3188.2 -11871.9 -25.0 66 0 11.0 20.6 5.0 2.5 2 1 2 0 0
3197.0 -11893.0 -24.8 66 0 11.2 20.3 5.0 2.5 4 1 2 4 4
3206.6 -11913.4 -24.6 65 0 11.4 19.8 5.0 2.5 2 1 2 3 3
3152.1 -11840.4 -25.1 246 0 11.3 20.1 5.0 2.5 2 1 2 0 0
3169.7 -11879.3 -24.9 66 0 11.1 19.3 7.5 2.5 2 1 3 0 0
3178.6 -11900.1 -24.7 67 0 11.0 18.8 5.0 2.5 2 1 2 5 5
3133.6 -11848.0 -25.0 244 0 10.8 20.6 10.0 2.5 2 1 4 1 1
3150.5 -11887.6 -24.8 69 0 10.6 19.8 7.5 2.5 4 1 3 3 3
3160.2 -11907.9 -24.6 66 0 10.8 19.2 2.5 2.5 4 1 1 4 4
3129.1 -11469.0 -23.8 144 0 22.8 70.8 10.0 0.0 0 1 4 5 5
3136.5 -11496.1 -23.5 144 0 14.6 103.1 7.5 2.5 2 1 3 5 5
3281.3 -11450.2 -23.0 326 0 13.0 158.3 7.5 0.0 0 1 3 3 3
3401.9 -11985.2 -23.8 109 0 17.8 38.0 7.5 2.5 2 1 3 3 3
3436.9 -12012.0 -22.9 107 0 10.8 21.2 7.5 2.5 2 1 3 4 4
2710.3 -10940.4 -25.9 43 0 20.6 12.1 10.0 2.5 2 0 4 0 0
2694.4 -10958.2 -26.5 45 0 21.3 13.6 10.0 2.5 2 0 4 5 5
2676.2 -10974.8 -27.5 46 0 21.5 12.1 12.5 2.5 2 0 5 5 5
2647.4 -10995.1 -28.4 136 0 12.1 20.6 2.5 2.5 2 1 1 0 0
2629.4 -11014.1 -29.5 135 0 12.4 22.3 12.5 2.5 2 1 5 4 4
2724.3 -10954.3 -26.9 46 0 20.6 12.4 7.5 2.5 4 0 3 0 0
2707.2 -10971.5 -27.3 44 0 20.6 11.9 5.0 2.5 2 0 2 5 5
2690.0 -10989.4 -27.9 46 0 20.7 12.5 10.0 2.5 2 0 4 3 3
2660.3 -11009.1 -28.9 138 0 12.5 21.4 15.0 0.0 0 1 6 5 5
2642.4 -11026.2 -29.9 138 0 12.8 20.7 10.0 2.5 2 1 4 0 0
2737.7 -10968.1 -27.8 45 0 21.3 11.9 7.5 2.5 2 0 3 2 2
2721.3 -10985.9 -28.3 44 0 20.2 12.7 7.5 2.5 2 0 3 3 3
2703.6 -11002.8 -28.8 44 0 21.4 12.4 10.0 2.5 2 0 4 4 4
2686.1 -11020.6 -29.3 45 0 21.5 12.9 10.0 2.5 2 0 4 2 2
2656.2 -11041.3 -30.3 134 0 12.3 22.1 12.5 2.5 2 1 5 3 3
2752.0 -10981.9 -28.2 44 0 19.9 11.6 7.5 2.5 2 0 3 1 1
2735.3 -10999.9 -28.8 45 0 19.8 12.7 10.0 2.5 2 0 4 5 5
2717.9 -11016.9 -29.4 44 0 21.7 12.9 10.0 2.5 2 0 4 0 0
2699.9 -11035.0 -30.0 48 0 21.8 12.7 10.0 2.5 2 0 4 0 0
2670.4 -11055.4 -30.5 135 0 13.7 21.0 12.5 2.5 2 1 5 3 3
2617.1 -11023.8 -30.2 137 0 9.3 13.0 5.0 2.5 2 1 2 2 2
2630.9 -11037.5 -30.6 137 0 10.1 13.3 5.0 0.0 0 1 2 1 1
2597.0 -10981.0 -28.5 128 0 10.8 20.3 5.0 2.5 2 1 2 3 3
2619.0 -10953.3 -27.0 129 0 10.3 8.7 7.5 2.5 4 0 3 0 0
2761.8 -10944.4 -27.1 46 0 21.1 11.9 10.0 2.5 2 0 4 1 1
2728.8 -10878.1 -23.8 317 0 8.8 34.1 7.5 2.5 2 1 3 5 5
2697.8 -10913.2 -24.3 51 0 9.8 16.0 5.0 2.5 2 1 2 0 0
2646.5 -10941.7 -26.1 143 0 5.8 8.9 2.5 2.5 2 1 1 2 2
2659.6 -10934.2 -25.7 141 0 10.9 16.4 5.0 2.5 2 1 2 5 5
2596.4 -10946.6 -27.0 134 0 10.7 13.8 10.0 2.5 2 1 4 5 5
2636.4 -10931.1 -25.8 137 0 11.1 8.8 7.5 2.5 2 0 3 2 2
2665.2 -10887.6 -23.8 226 0 8.3 10.6 5.0 2.5 2 1 2 1 1
2656.8 -10894.0 -24.3 234 0 8.5 11.9 5.0 2.5 2 1 2 0 0
2623.5 -10907.8 -25.2 221 0 6.1 11.5 7.5 0.0 0 1 3 4 4
2633.9 -10893.9 -24.5 220 0 11.8 8.9 5.0 0.0 0 0 2 5 5
2758.7 -10817.0 -21.2 325 0 10.4 10.5 2.5 2.5 2 1 1 2 2
2752.9 -10795.7 -20.0 328 0 10.9 8.4 2.5 2.5 2 0 1 5 5
2676.6 -10780.5 -19.2 238 0 10.9 9.9 5.0 2.5 2 0 2 1 1
2642.0 -10806.4 -20.8 230 0 12.7 9.6 7.5 2.5 2 0 3 1 1
2679.0 -10802.7 -20.4 240 0 25.0 12.4 12.5 2.5 2 0 5 3 3
2640.8 -10832.4 -21.7 228 0 8.0 5.6 2.5 2.5 2 0 1 2 2
2626.4 -10843.4 -22.5 222 0 11.9 9.3 5.0 2.5 2 0 2 0 0
2613.1 -10864.1 -23.5 216 0 9.3 10.6 5.0 2.5 2 1 2 2 2
2604.0 -10878.8 -24.3 212 0 11.1 7.9 5.0 2.5 2 0 2 3 3
2584.0 -10903.1 -25.4 137 0 12.4 8.8 7.5 0.0 0 0 3 5 5
2675.4 -10860.0 -22.4 227 0 3.8 8.1 5.0 2.5 2 1 2 5 5
2681.2 -10851.5 -21.9 225 0 4.0 9.1 5.0 2.5 2 1 2 4 4
2731.8 -10819.5 -20.7 321 0 8.0 20.0 2.5 0.0 0 1 1 1 1
2641.5 -10883.6 -23.9 219 0 7.0 10.8 5.0 2.5 4 1 2 0 0
2608.9 -10911.0 -25.3 135 0 4.2 8.0 5.0 2.5 2 1 2 1 1
2814.9 -10918.1 -26.1 47 0 30.8 17.9 10.0 2.5 2 0 4 5 5
2792.7 -10941.4 -26.7 46 0 16.9 12.2 7.5 2.5 2 0 3 3 3
2571.0 -11830.0 -18.9 45 0 7.5 11.6 2.5 2.5 2 1 1 0 0
2579.1 -11819.3 -18.5 44 0 9.7 10.1 7.5 2.5 2 1 3 2 2
2567.5 -11812.8 -20.0 36 0 9.3 9.7 5.0 2.5 2 1 2 4 4
2551.6 -11812.1 -21.5 34 0 7.0 9.4 5.0 2.5 4 1 2 4 4
2612.7 -11719.2 -22.2 6 0 11.1 25.5 10.0 2.5 2 1 4 3 3
2589.6 -11761.9 -20.7 40 0 12.9 10.5 5.0 2.5 2 0 2 1 1
2573.8 -11787.7 -20.7 41 0 13.0 9.6 5.0 2.5 2 0 2 4 4
2537.1 -11828.7 -22.3 39 0 7.3 12.2 2.5 2.5 2 1 1 1 1
2507.7 -11875.6 -22.7 40 0 22.7 10.9 7.5 2.5 4 0 3 5 5
2512.2 -11856.7 -22.7 44 0 7.8 7.4 5.0 2.5 2 0 2 5 5
2492.6 -11893.2 -23.4 35 0 13.4 13.7 7.5 2.5 2 1 3 4 4
2577.4 -11696.9 -24.8 288 0 11.2 6.8 5.0 2.5 2 0 2 5 5
2575.0 -11754.1 -22.4 42 0 11.2 9.0 7.5 2.5 2 0 3 5 5
2566.8 -11778.2 -21.9 41 0 7.3 9.4 5.0 2.5 2 1 2 4 4
2553.5 -11793.3 -22.5 40 0 20.0 9.6 7.5 2.5 2 0 3 4 4
2520.7 -11720.4 -28.5 219 0 10.3 11.6 7.5 0.0 0 1 3 1 1
2555.5 -11695.3 -26.7 291 0 5.5 8.0 5.0 2.5 2 1 2 0 0
2487.4 -11809.4 -27.8 72 0 15.1 9.7 2.5 2.5 2 0 1 4 4
2483.1 -11740.3 -29.1 221 0 9.7 9.8 5.0 2.5 2 1 2 1 1
2473.1 -11825.5 -27.7 75 0 10.2 9.2 2.5 2.5 2 0 1 5 5
2473.1 -11769.5 -28.7 276 0 8.5 12.1 7.5 2.5 2 1 3 0 0
2484.9 -11773.3 -28.3 267 0 7.6 10.1 7.5 2.5 2 1 3 1 1
2459.2 -11833.7 -27.9 72 0 7.3 10.2 7.5 2.5 2 1 3 2 2
2423.9 -11859.5 -28.2 71 0 7.9 10.1 7.5 2.5 2 1 3 4 4
2469.8 -11813.7 -28.1 74 0 14.1 10.5 5.0 2.5 2 0 2 1 1
2407.8 -11829.8 -29.3 92 0 9.4 12.1 7.5 2.5 2 1 3 4 4
2448.1 -11838.7 -28.0 76 0 6.7 9.9 5.0 2.5 2 1 2 5 5
2410.8 -11842.7 -28.9 32 0 8.5 10.8 5.0 2.5 2 1 2 2 2
2419.3 -11825.8 -29.0 90 0 6.8 9.5 7.5 0.0 0 1 3 1 1
2317.5 -11924.3 -29.4 99 0 9.6 11.9 2.5 2.5 2 1 1 5 5
2341.0 -11906.5 -29.1 118 0 10.8 11.6 2.5 2.5 2 1 1 0 0
2256.5 -11883.8 -32.0 99 0 13.2 12.9 2.5 2.5 2 0 1 5 5
2270.0 -11839.3 -32.3 180 0 6.2 9.9 7.5 2.5 2 0 3 5 5
2291.8 -11807.6 -32.5 180 0 9.2 14.8 5.0 2.5 2 1 2 4 4
2317.5 -11782.5 -32.5 272 0 11.2 12.8 5.0 0.0 0 1 2 4 4
2344.9 -11766.0 -32.1 271 0 8.8 12.2 5.0 2.5 4 1 2 2 2
2313.5 -11863.5 -31.1 91 0 13.8 13.9 5.0 2.5 2 1 2 5 5
2342.2 -11838.0 -30.5 274 0 10.6 13.0 5.0 2.5 2 1 2 4 4
2342.7 -11821.0 -30.9 268 0 9.2 10.8 2.5 2.5 2 1 1 3 3
2341.1 -11881.2 -29.8 84 0 7.7 10.0 7.5 0.0 0 1 3 0 0
2327.0 -11874.9 -30.4 93 0 10.4 15.2 7.5 2.5 2 1 3 3 3
2358.7 -11768.0 -31.7 272 0 9.5 9.2 5.0 2.5 2 0 2 5 5
2344.1 -11782.2 -31.8 272 0 10.0 13.8 2.5 2.5 2 1 1 5 5
2370.4 -11785.1 -31.0 272 0 10.2 11.3 5.0 2.5 2 1 2 5 5
2406.7 -11764.2 -30.6 280 0 9.2 9.1 5.0 2.5 4 0 2 0 0
2421.2 -11765.0 -30.2 279 0 9.0 11.1 5.0 2.5 2 1 2 2 2
2317.0 -11835.6 -31.2 271 0 9.4 11.3 7.5 2.5 2 0 3 3 3
2315.8 -11819.7 -31.6 269 0 11.0 12.1 5.0 2.5 2 1 2 3 3
2330.3 -11819.2 -31.3 273 0 8.8 11.1 7.5 2.5 2 1 3 2 2
2357.0 -11819.6 -30.6 274 0 8.4 10.9 2.5 2.5 2 1 1 0 0
2317.9 -11803.6 -31.9 270 0 9.2 10.1 5.0 2.5 2 1 2 5 5
2410.9 -11784.7 -30.0 279 0 8.5 7.7 5.0 2.5 2 0 2 4 4
2494.5 -11725.0 -29.2 210 0 10.8 10.4 5.0 2.5 4 0 2 3 3
2432.3 -11783.5 -29.5 282 0 9.3 11.1 5.0 2.5 2 1 2 3 3
2370.2 -11802.3 -30.6 270 0 8.0 10.6 2.5 2.5 4 1 1 2 2
2389.5 -11734.1 -31.7 261 0 8.3 5.5 5.0 2.5 2 0 2 4 4
2465.3 -11731.0 -29.7 222 0 12.4 7.1 7.5 0.0 0 0 3 0 0
2565.7 -11735.6 -24.3 36 0 7.8 9.2 5.0 2.5 2 1 2 5 5
2252.8 -11774.1 -34.6 64 0 15.2 19.4 10.0 2.5 2 1 4 1 1
2277.2 -11611.5 -33.3 342 0 19.9 11.4 2.5 2.5 2 0 1 0 0
2249.7 -11697.5 -34.1 347 0 13.3 9.4 5.0 2.5 2 0 2 2 2
2264.9 -11694.1 -34.0 350 0 11.2 10.8 5.0 2.5 2 0 2 3 3
2250.8 -11654.4 -33.8 346 0 15.4 9.9 5.0 2.5 2 0 2 4 4
2255.9 -11626.9 -33.5 352 0 9.8 9.8 5.0 2.5 2 0 2 3 3
2268.4 -11756.2 -34.4 69 0 12.4 9.5 5.0 2.5 2 0 2 2 2
2285.0 -11674.4 -33.7 350 0 9.2 11.2 2.5 2.5 2 1 1 0 0
2280.8 -11648.0 -33.5 349 0 8.6 11.1 5.0 2.5 2 1 2 3 3
2278.8 -11635.4 -33.4 347 0 9.3 10.9 5.0 2.5 2 1 2 1 1
2032.1 -11723.0 -35.9 173 0 11.1 11.2 7.5 2.5 2 1 3 2 2
2035.4 -11735.2 -36.0 166 0 10.4 12.3 5.0 2.5 2 1 2 0 0
2051.3 -11684.1 -35.5 260 0 12.7 10.7 5.0 2.5 2 0 2 4 4
2067.4 -11727.4 -35.8 351 0 10.5 13.0 7.5 2.5 2 1 3 0 0
2070.1 -11741.1 -35.9 352 0 11.3 14.8 10.0 2.5 2 1 4 5 5
2078.3 -11719.9 -35.6 84 0 12.2 10.3 5.0 2.5 2 0 2 1 1
2117.7 -11724.1 -35.3 71 0 10.7 10.4 7.5 2.5 2 0 3 5 5
2091.0 -11663.0 -35.1 262 0 7.4 9.7 5.0 2.5 2 1 2 3 3
2092.5 -11675.8 -35.2 260 0 6.2 9.8 7.5 2.5 2 1 3 0 0
2099.4 -11727.1 -35.5 78 0 11.3 10.2 5.0 2.5 2 0 2 1 1
2112.2 -11686.1 -35.1 259 0 5.7 9.3 7.5 2.5 2 1 3 1 1
2105.5 -11658.9 -34.9 259 0 10.6 11.2 5.0 2.5 2 1 2 1 1
2122.8 -11657.0 -34.8 260 0 10.4 10.3 5.0 2.5 2 0 2 2 2
2133.4 -11706.6 -35.0 78 0 11.2 10.0 7.5 2.5 4 0 3 2 2
2134.6 -11721.6 -35.1 78 0 11.2 9.9 5.0 2.5 2 0 2 0 0
2167.4 -11710.1 -34.8 167 0 9.9 11.1 2.5 2.5 2 1 1 5 5
2170.6 -11721.8 -34.8 165 0 9.1 10.5 7.5 2.5 2 1 3 5 5
2172.6 -11697.7 -34.7 78 0 11.4 10.3 2.5 2.5 2 0 1 0 0
2187.5 -11753.2 -35.0 65 0 8.7 11.8 7.5 2.5 2 1 3 0 0
2163.5 -11662.5 -34.5 254 0 13.7 10.2 5.0 2.5 4 0 2 3 3
2186.9 -11697.9 -34.5 162 0 7.7 11.4 7.5 2.5 2 1 3 3 3
2197.0 -11730.0 -34.7 165 0 8.3 12.1 7.5 2.5 2 1 3 0 0
2238.7 -11616.3 -33.6 343 0 9.4 11.2 5.0 2.5 2 1 2 4 4
2249.6 -11576.1 -33.2 263 0 11.3 10.8 7.5 2.5 2 0 3 5 5
2153.6 -11614.0 -34.2 78 0 14.6 11.5 7.5 2.5 2 0 3 2 2
2173.9 -11620.0 -34.1 78 0 14.3 9.4 5.0 2.5 2 0 2 2 2
2101.5 -11648.3 -34.8 78 0 9.8 17.9 2.5 2.5 2 1 1 1 1
2069.7 -11606.0 -34.7 227 0 5.4 7.4 2.5 2.5 2 1 1 0 0
2057.0 -11618.7 -34.9 137 0 6.1 8.7 5.0 2.5 2 1 2 3 3
2105.9 -11460.8 -34.6 258 0 16.9 20.7 7.5 0.0 0 1 3 1 1
2121.9 -11513.6 -34.0 331 0 8.4 10.6 7.5 2.5 2 1 3 2 2
2083.1 -11500.9 -34.4 188 0 10.3 11.4 5.0 2.5 4 1 2 0 0
2159.5 -11527.5 -33.7 338 0 13.8 9.1 7.5 0.0 0 0 3 2 2
2059.9 -11572.7 -34.5 169 0 9.8 8.9 7.5 2.5 4 0 3 4 4
2074.5 -11567.3 -34.4 166 0 13.8 7.9 5.0 2.5 2 0 2 1 1
2144.7 -11555.3 -33.8 347 0 11.3 7.8 5.0 2.5 2 0 2 0 0
2078.0 -11552.9 -34.2 168 0 11.0 7.7 5.0 2.5 2 0 2 4 4
2090.2 -11548.4 -34.1 176 0 9.4 12.6 2.5 2.5 2 1 1 4 4
2173.1 -11558.8 -33.6 246 0 3.8 11.3 2.5 2.5 2 1 1 3 3
-2322.3 -12834.8 -38.5 113 0 14.2 10.1 2.5 2.5 2 0 1 0 0
-2496.0 -12749.0 -36.6 113 0 14.5 14.4 5.0 0.0 0 0 2 5 5
-2524.1 -12748.4 -35.6 110 0 14.6 17.4 10.0 0.0 0 1 4 3 3
-2545.3 -12733.6 -35.6 108 0 14.5 18.3 10.0 2.5 2 1 4 4 4
-2565.8 -12728.3 -34.9 106 0 12.3 16.4 2.5 2.5 4 1 1 0 0
-2569.2 -12675.0 -37.4 20 0 16.3 17.9 17.5 0.0 0 1 7 0 0
-2627.6 -12697.4 -35.6 140 0 14.5 17.5 12.5 2.5 2 1 5 0 0
-2639.9 -12678.1 -36.4 140 0 13.2 17.6 7.5 2.5 2 1 3 0 0
-2662.5 -12670.1 -37.1 115 0 20.9 38.9 10.0 0.0 0 1 4 3 3
-2697.2 -12609.7 -36.6 297 0 26.8 40.6 10.0 0.0 0 1 4 2 2
-2789.8 -12536.4 -36.7 322 0 13.2 11.7 2.5 2.5 2 0 1 5 5
-2806.0 -12602.6 -34.3 113 0 12.5 10.0 10.0 2.5 2 0 4 0 0
-2813.2 -12513.4 -37.0 275 0 15.0 13.5 5.0 2.5 2 0 2 1 1
-2829.6 -12522.0 -36.5 328 0 12.6 13.6 5.0 2.5 2 1 2 0 0
-2855.4 -12543.4 -36.4 130 0 14.5 13.7 7.5 2.5 2 0 3 3 3
-2862.1 -12577.2 -35.0 156 0 12.9 13.7 5.0 2.5 2 1 2 0 0
-2842.2 -12595.1 -34.5 111 0 12.8 14.4 5.0 2.5 4 1 2 2 2
-2907.5 -12482.2 -36.3 30 0 16.1 18.6 12.5 2.5 2 1 5 4 4
-2931.5 -12447.5 -35.5 214 0 10.4 9.0 2.5 2.5 4 0 1 5 5
-2974.8 -12481.0 -34.3 50 0 6.3 12.6 5.0 2.5 2 1 2 3 3
-2996.3 -12484.1 -33.7 40 0 11.0 11.8 10.0 2.5 4 1 4 0 0
-3017.6 -12497.7 -33.5 129 0 9.1 7.3 7.5 2.5 2 0 3 0 0
-3001.1 -12459.7 -33.0 34 0 9.5 8.6 2.5 0.0 0 0 1 5 5
-3007.2 -12437.9 -32.8 307 0 12.5 16.4 5.0 2.5 4 1 2 0 0
-3028.0 -12463.7 -32.6 128 0 13.0 10.2 7.5 2.5 2 0 3 4 4
-3041.4 -12480.8 -32.5 130 0 12.5 14.6 5.0 2.5 2 1 2 0 0
-3052.8 -12490.1 -32.3 132 0 8.7 9.6 5.0 2.5 2 1 2 2 2
-3000.6 -12397.8 -35.2 314 0 9.9 10.9 7.5 2.5 4 1 3 3 3
-3029.7 -12425.4 -32.9 222 0 10.7 11.7 7.5 2.5 2 1 3 3 3
-3050.4 -12432.2 -31.8 215 0 10.5 7.9 2.5 2.5 2 0 1 0 0
-3008.8 -12387.5 -35.4 306 0 8.7 13.5 5.0 2.5 2 1 2 4 4
-3095.4 -12471.6 -30.7 127 0 12.8 11.0 5.0 0.0 0 0 2 3 3
-3072.7 -12438.8 -30.8 223 0 11.7 10.0 7.5 2.5 2 0 3 1 1
-3061.7 -12401.6 -33.1 41 0 10.7 17.7 5.0 2.5 2 1 2 4 4
-3081.6 -12421.7 -31.3 40 0 6.7 12.0 7.5 0.0 0 1 3 5 5
-3111.4 -12456.0 -29.7 47 0 7.0 9.9 7.5 2.5 2 1 3 4 4
-3106.9 -12429.1 -29.8 43 0 10.4 12.1 7.5 2.5 2 1 3 0 0
-3098.0 -12410.4 -31.3 51 0 11.3 13.5 5.0 2.5 2 1 2 3 3
-3091.5 -12339.4 -34.8 309 0 11.8 9.2 7.5 2.5 2 0 3 3 3
-3053.8 -12352.4 -35.5 313 0 8.8 12.1 7.5 2.5 2 1 3 3 3
-3104.8 -12388.8 -32.0 44 0 10.4 9.7 5.0 2.5 2 0 2 3 3
-3115.2 -12400.2 -31.2 47 0 13.5 11.7 2.5 2.5 2 0 1 4 4
-3154.6 -12405.4 -31.2 153 0 9.4 12.5 2.5 2.5 2 1 1 4 4
-3102.3 -12360.3 -33.2 309 0 7.9 10.1 2.5 2.5 2 1 1 0 0
-3115.6 -12376.3 -32.7 48 0 5.8 10.9 5.0 0.0 0 1 2 2 2
-3120.7 -12380.9 -32.5 48 0 5.6 10.0 7.5 2.5 2 1 3 5 5
-2997.3 -12556.6 -35.4 307 0 9.7 11.5 2.5 2.5 4 1 1 5 5
-3052.3 -12596.3 -34.6 141 0 8.0 10.1 2.5 2.5 2 1 1 0 0
-3015.4 -12540.8 -34.5 313 0 8.8 11.0 7.5 2.5 2 1 3 3 3
-3039.9 -12585.7 -34.8 138 0 8.9 10.5 7.5 2.5 2 1 3 4 4
-3058.2 -12568.2 -33.9 138 0 9.4 12.6 5.0 2.5 2 1 2 2 2
-3050.2 -12577.4 -34.3 138 0 9.2 12.8 5.0 2.5 2 1 2 4 4
-3139.3 -12548.4 -32.8 137 0 15.5 11.2 7.5 2.5 2 0 3 1 1
-3157.4 -12532.8 -32.4 140 0 8.9 14.4 7.5 2.5 2 1 3 0 0
-3153.8 -12477.6 -30.7 328 0 9.7 10.4 5.0 2.5 2 1 2 0 0
-3181.1 -12497.3 -31.6 150 0 11.8 9.6 5.0 2.5 2 0 2 0 0
-3174.2 -12464.6 -30.8 314 0 21.7 12.9 10.0 2.5 2 0 4 4 4
-3209.7 -12428.7 -31.5 317 0 9.0 13.8 7.5 2.5 2 1 3 5 5
-3215.7 -12418.8 -32.3 324 0 9.6 9.6 5.0 2.5 2 0 2 0 0
-3233.4 -12402.4 -35.3 314 0 35.4 13.5 12.5 2.5 2 0 5 4 4
-3277.4 -12393.6 -36.6 220 0 16.9 12.2 2.5 0.0 0 0 1 1 1
-3171.1 -12432.3 -29.9 140 0 11.2 11.5 5.0 2.5 2 1 2 4 4
-3185.0 -12413.0 -31.9 149 0 12.0 10.5 7.5 2.5 2 0 3 1 1
-3163.9 -12391.9 -32.9 154 0 14.7 11.1 2.5 2.5 2 0 1 5 5
-3151.1 -12376.1 -34.1 133 0 16.3 10.2 2.5 2.5 2 0 1 4 4
-3120.3 -12343.1 -35.2 321 0 13.4 11.2 2.5 2.5 4 0 1 2 2
-3089.0 -12318.5 -36.0 319 0 10.0 9.8 2.5 2.5 2 0 1 2 2
-3099.3 -12309.7 -37.0 315 0 9.8 8.9 5.0 2.5 2 0 2 3 3
-3179.7 -12375.7 -35.1 147 0 19.3 10.3 5.0 2.5 2 0 2 3 3
-3166.2 -12361.5 -36.0 130 0 21.1 9.9 5.0 2.5 2 0 2 5 5
-3146.5 -12349.7 -35.3 310 0 7.6 8.8 7.5 2.5 4 1 3 4 4
-3109.5 -12300.2 -37.9 311 0 9.5 9.4 7.5 0.0 0 0 3 3 3
-3118.0 -12290.3 -37.9 315 0 10.4 9.4 7.5 2.5 2 0 3 1 1
-3127.7 -12282.0 -36.8 311 0 8.6 9.2 2.5 2.5 2 1 1 1 1
-3213.7 -12398.7 -34.1 137 0 7.6 11.0 7.5 2.5 4 1 3 1 1
-3149.7 -12278.2 -36.3 309 0 20.1 12.4 5.0 2.5 2 0 2 0 0
-3236.7 -12380.7 -36.7 138 0 11.8 10.4 5.0 2.5 2 0 2 0 0
-3211.8 -12325.2 -37.8 129 0 23.3 9.6 7.5 2.5 2 0 3 1 1
-3169.3 -12299.3 -37.2 317 0 20.5 7.1 2.5 2.5 2 0 1 2 2
-3237.7 -12350.4 -38.1 138 0 7.8 11.1 5.0 2.5 2 1 2 4 4
-3192.4 -12321.7 -37.4 129 0 5.8 10.6 2.5 2.5 2 1 1 3 3
-3177.7 -12226.8 -30.4 311 0 13.4 11.6 2.5 2.5 4 0 1 4 4
-3173.7 -12255.8 -32.6 324 0 8.8 9.2 5.0 2.5 2 1 2 5 5
-3200.7 -12273.6 -33.6 326 0 16.7 11.0 5.0 2.5 2 0 2 2 2
-3213.2 -12307.9 -35.5 136 0 8.3 9.6 2.5 0.0 0 1 1 2 2
-3254.3 -12364.1 -38.1 138 0 8.3 12.0 2.5 2.5 2 1 1 4 4
-3263.8 -12354.2 -37.8 133 0 8.6 9.6 7.5 2.5 2 1 3 4 4
-3271.9 -12346.7 -36.9 132 0 8.9 10.0 5.0 2.5 2 1 2 1 1
-3204.6 -12250.3 -31.0 330 0 10.3 9.2 5.0 2.5 2 0 2 1 1
-3237.0 -12219.7 -30.7 321 0 9.2 8.6 7.5 2.5 2 0 3 3 3
-3280.0 -12195.6 -32.2 234 0 8.3 54.6 7.5 2.5 2 1 3 2 2
-3223.8 -12300.2 -34.5 133 0 8.5 12.3 7.5 2.5 2 1 3 4 4
-3238.0 -12319.5 -35.8 139 0 10.2 9.7 7.5 2.5 2 0 3 2 2
-3267.8 -12266.6 -32.1 130 0 27.2 9.3 7.5 2.5 4 0 3 2 2
-3252.4 -12280.6 -31.7 130 0 9.5 8.9 2.5 2.5 4 0 1 2 2
-3301.8 -12317.4 -33.4 138 0 8.2 9.8 5.0 2.5 2 1 2 0 0
-3294.5 -12325.0 -34.1 132 0 8.0 9.4 5.0 2.5 2 1 2 4 4
-3283.3 -12335.5 -35.9 134 0 19.8 9.7 2.5 2.5 2 0 1 4 4
-3275.2 -12324.2 -34.9 142 0 12.7 9.8 2.5 2.5 2 0 1 5 5
-3310.2 -12281.6 -33.8 145 0 21.1 10.1 7.5 2.5 2 0 3 5 5
-3327.8 -12261.3 -34.5 153 0 21.2 11.5 2.5 2.5 2 0 1 1 1
-3287.7 -12294.3 -32.8 143 0 12.6 11.4 5.0 0.0 0 0 2 0 0
-3297.4 -12302.5 -33.2 141 0 11.8 10.3 10.0 2.5 2 0 4 1 1
-3297.7 -12271.5 -33.3 144 0 23.2 8.5 5.0 2.5 2 0 2 4 4
-3243.6 -12255.6 -31.1 324 0 14.0 9.8 5.0 0.0 0 0 2 4 4
-3237.9 -12248.7 -31.3 234 0 10.2 23.5 7.5 2.5 2 1 3 0 0
-3237.8 -12241.6 -30.8 319 0 6.3 12.0 5.0 2.5 2 1 2 3 3
-3268.0 -12184.1 -32.0 321 0 8.5 10.8 7.5 2.5 2 1 3 2 2
-3246.7 -12179.5 -31.1 321 0 8.3 11.2 7.5 2.5 2 1 3 1 1
-3236.4 -12193.8 -30.8 316 0 21.0 10.8 5.0 2.5 2 0 2 1 1
-3216.8 -12210.9 -29.8 314 0 7.0 11.3 5.0 2.5 2 1 2 5 5
-3296.7 -12209.1 -33.4 330 0 19.3 10.1 5.0 2.5 2 0 2 1 1
-3278.4 -12152.7 -32.6 316 0 14.4 14.3 2.5 2.5 2 0 1 0 0
-3272.4 -12222.3 -32.3 326 0 6.7 11.7 5.0 2.5 2 1 2 2 2
-3365.7 -12126.5 -33.9 331 0 10.0 7.4 5.0 2.5 2 0 2 1 1
-3347.8 -12113.5 -34.4 242 0 10.5 33.1 10.0 2.5 2 1 4 5 5
-3425.4 -12145.7 -33.3 52 0 10.0 38.7 7.5 2.5 2 1 3 3 3
-3646.9 -11688.6 -35.2 77 0 13.2 79.5 12.5 2.5 2 1 5 5 5
-3619.1 -11704.7 -33.0 157 0 8.3 5.7 5.0 2.5 2 0 2 5 5
-3596.3 -11752.3 -33.4 159 0 7.9 4.3 5.0 2.5 2 0 2 3 3
-3602.2 -11756.7 -33.4 154 0 8.2 6.1 2.5 2.5 2 0 1 4 4
-3597.3 -11781.5 -33.7 168 0 16.9 18.1 7.5 0.0 0 1 3 5 5
-3515.4 -11923.5 -33.9 144 0 9.3 7.4 2.5 2.5 2 0 1 2 2
-3500.5 -11945.2 -33.7 146 0 9.0 5.8 5.0 2.5 2 0 2 4 4
-3499.2 -11962.8 -33.8 141 0 12.1 20.1 10.0 2.5 2 1 4 4 4
-3461.2 -12002.3 -28.5 55 0 13.9 19.1 10.0 0.0 0 1 4 2 2
-3485.0 -11977.9 -33.0 145 0 24.6 16.8 10.0 2.5 2 0 4 4 4
-3439.8 -12030.0 -29.0 155 0 21.4 15.2 7.5 2.5 2 0 3 2 2
-3418.3 -12093.1 -33.2 157 0 8.5 10.8 5.0 2.5 2 1 2 3 3
-3402.5 -12144.0 -33.9 150 0 25.5 10.2 10.0 2.5 2 0 4 2 2
-3350.3 -12108.2 -33.8 336 0 10.4 8.7 7.5 2.5 2 0 3 1 1
-3387.3 -12201.3 -35.1 153 0 22.9 11.4 7.5 2.5 2 0 3 0 0
-3382.6 -12218.2 -35.6 182 0 16.7 21.3 12.5 0.0 0 1 5 3 3
-3319.8 -12123.0 -34.0 332 0 9.2 5.6 2.5 2.5 2 0 1 0 0
-3306.0 -12125.6 -33.8 335 0 4.2 17.3 5.0 0.0 0 1 2 3 3
-3356.9 -12240.5 -35.7 147 0 19.6 8.9 7.5 2.5 4 0 3 1 1
-3353.0 -12228.6 -35.4 152 0 8.3 11.9 5.0 2.5 2 1 2 0 0
-3341.7 -12246.4 -35.1 150 0 16.3 11.7 7.5 2.5 2 0 3 5 5
-3370.3 -12201.4 -35.2 157 0 10.5 5.8 7.5 0.0 0 0 3 1 1
-3369.2 -12248.1 -35.8 148 0 23.8 9.7 2.5 2.5 2 0 1 5 5
-3424.9 -12068.4 -32.8 148 0 6.7 8.4 7.5 2.5 2 1 3 1 1
-3905.3 -12760.9 -34.7 210 0 10.3 30.8 10.0 2.5 2 1 4 3 3
-3883.3 -12729.7 -33.7 301 0 7.0 21.6 7.5 0.0 0 1 3 4 4
-3657.8 -12770.4 -36.5 88 0 11.9 65.9 12.5 2.5 2 1 5 1 1
-3771.5 -12744.9 -35.8 323 0 18.9 14.2 7.5 2.5 2 0 3 1 1
-3746.3 -12826.6 -34.5 153 0 20.8 10.6 5.0 2.5 2 0 2 3 3
-3723.8 -12781.8 -35.1 250 0 10.8 20.5 2.5 0.0 0 1 1 5 5
-3753.8 -12809.4 -34.9 160 0 9.1 10.9 5.0 0.0 0 1 2 2 2
-3721.3 -12770.7 -35.4 338 0 9.5 8.9 2.5 2.5 2 0 1 5 5
-3593.3 -12708.1 -36.6 39 0 9.4 14.5 5.0 2.5 2 1 2 3 3
-3604.0 -12691.7 -36.6 45 0 12.8 9.2 7.5 2.5 2 0 3 1 1
-3611.5 -12641.3 -35.6 312 0 5.4 12.9 5.0 2.5 2 1 2 3 3
-3660.9 -12626.8 -34.6 234 0 10.5 9.5 5.0 2.5 2 0 2 1 1
-3691.8 -12640.1 -34.3 309 0 9.5 12.4 7.5 2.5 4 1 3 0 0
-3673.3 -12640.5 -35.0 248 0 11.8 20.8 10.0 2.5 2 1 4 2 2
-3694.6 -12668.1 -35.3 278 0 16.1 14.6 7.5 2.5 4 0 3 0 0
-3717.0 -12649.6 -34.1 278 0 6.3 11.0 5.0 2.5 2 1 2 0 0
-3774.7 -12672.2 -33.8 187 0 10.4 11.4 2.5 2.5 2 1 1 2 2
-3736.1 -12644.4 -33.9 282 0 27.6 12.1 7.5 2.5 2 0 3 0 0
-3674.6 -12572.5 -33.5 132 0 7.7 25.7 5.0 2.5 2 1 2 4 4
-3669.9 -12520.9 -33.4 135 0 15.5 31.7 7.5 2.5 2 1 3 0 0
-3605.3 -12454.7 -33.6 315 0 7.9 32.9 7.5 2.5 2 1 3 1 1
-3628.8 -12424.8 -33.1 218 0 8.9 24.7 7.5 2.5 2 1 3 2 2
-3508.6 -12379.5 -35.0 82 0 19.4 65.3 12.5 2.5 2 1 5 3 3
-3481.4 -12349.7 -36.0 83 0 18.6 41.5 7.5 2.5 2 1 3 1 1
-3416.9 -12324.5 -36.9 353 0 42.2 11.0 10.0 2.5 2 0 4 5 5
-3500.3 -12254.3 -34.7 170 0 47.7 11.0 7.5 0.0 0 0 3 4 4
-3478.5 -12227.1 -34.8 263 0 9.6 46.4 7.5 2.5 2 1 3 2 2
-3460.1 -12223.2 -35.1 262 0 10.1 47.5 10.0 2.5 2 1 4 0 0
-3541.4 -12169.9 -32.9 263 0 10.9 46.2 10.0 2.5 2 1 4 0 0
-3507.9 -12164.2 -33.3 261 0 10.0 47.5 7.5 2.5 2 1 3 1 1
-3439.7 -12222.1 -34.7 336 0 21.8 7.5 2.5 0.0 0 0 1 1 1
-3466.1 -12144.3 -32.9 51 0 12.8 13.6 2.5 2.5 2 1 1 2 2
-3280.0 -12516.9 -37.6 20 0 17.8 86.3 12.5 2.5 4 1 5 1 1
-3334.9 -12542.3 -37.7 113 0 87.9 21.0 10.0 0.0 0 0 4 1 1
-3852.3 -12534.4 -29.1 57 0 11.8 90.9 10.0 2.5 2 1 4 2 2
-3851.3 -12490.0 -29.1 56 0 9.9 56.0 7.5 2.5 2 1 3 5 5
-3864.5 -12401.2 -28.8 323 0 22.9 69.1 7.5 2.5 2 1 3 1 1
-3941.3 -12450.5 -29.0 143 0 24.5 15.8 10.0 2.5 2 0 4 2 2
-3683.8 -12223.3 -29.9 218 0 16.5 41.2 10.0 2.5 2 1 4 4 4
-3683.9 -12290.3 -29.5 41 0 66.6 13.7 10.0 2.5 4 0 4 1 1
-3757.4 -12262.7 -28.1 220 0 9.7 17.0 7.5 2.5 2 1 3 1 1
-3767.7 -12291.4 -28.5 216 0 13.3 37.3 10.0 2.5 2 1 4 1 1
-3784.2 -12379.8 -29.7 209 0 7.4 9.2 5.0 2.5 2 1 2 0 0
-3793.5 -12409.2 -30.2 128 0 11.3 12.6 5.0 2.5 2 1 2 1 1
-3781.8 -12423.7 -30.6 127 0 11.0 12.7 7.5 2.5 2 1 3 2 2
-3778.8 -12465.6 -31.3 38 0 8.9 10.9 7.5 2.5 2 1 3 0 0
-3806.4 -12397.7 -29.9 128 0 10.1 11.7 5.0 2.5 2 1 2 0 0
-3781.6 -12316.5 -28.4 212 0 9.3 12.6 5.0 2.5 2 1 2 5 5
-3758.8 -12376.4 -29.7 304 0 7.9 8.8 2.5 2.5 4 1 1 1 1
-3967.8 -12370.2 -27.5 150 0 8.4 11.7 5.0 2.5 2 1 2 3 3
-3962.5 -12382.3 -27.7 148 0 9.4 12.8 7.5 2.5 2 1 3 5 5
-3956.5 -12392.0 -27.8 151 0 10.1 12.5 2.5 2.5 2 1 1 0 0
-3955.1 -12354.4 -26.7 147 0 8.1 11.1 5.0 2.5 2 1 2 2 2
-3892.5 -12360.8 -27.8 324 0 19.5 13.2 15.0 0.0 0 0 6 1 1
-3883.7 -12307.8 -27.7 328 0 9.8 11.6 2.5 2.5 2 1 1 2 2
-3860.4 -12352.5 -28.6 55 0 13.4 8.7 5.0 2.5 2 0 2 3 3
-3898.9 -12316.8 -27.5 327 0 8.6 12.0 7.5 2.5 4 1 3 1 1
-3903.5 -12347.4 -27.3 329 0 9.1 9.4 2.5 2.5 2 1 1 2 2
-3942.5 -12375.1 -26.9 149 0 12.7 13.9 5.0 2.5 2 1 2 2 2
-3920.5 -12265.9 -26.8 240 0 24.2 16.4 7.5 2.5 2 0 3 5 5
-3890.2 -12290.9 -27.3 329 0 6.3 11.8 5.0 0.0 0 1 2 1 1
-3951.5 -12283.7 -26.0 240 0 11.6 8.6 5.0 2.5 2 0 2 4 4
-3971.8 -12331.4 -26.5 147 0 8.5 11.2 5.0 2.5 2 1 2 4 4
-3954.7 -12314.1 -25.9 231 0 12.5 8.9 7.5 2.5 2 0 3 3 3
-3974.6 -12286.8 -25.7 237 0 13.1 20.4 10.0 2.5 2 1 4 5 5
-3896.6 -12280.1 -27.1 328 0 8.3 11.9 2.5 2.5 2 1 1 0 0
-3862.0 -12263.1 -27.3 344 0 59.6 10.6 10.0 2.5 4 0 4 0 0
-3994.7 -12285.3 -26.2 240 0 10.9 15.0 7.5 2.5 2 1 3 1 1
-4015.8 -12286.7 -26.8 235 0 11.6 8.4 5.0 2.5 2 0 2 1 1
-4003.6 -12316.8 -27.0 146 0 19.2 15.0 10.0 2.5 2 0 4 1 1
-3844.4 -12297.4 -27.6 144 0 11.5 8.5 7.5 2.5 2 0 3 1 1
-3837.9 -12258.5 -26.8 140 0 9.4 12.0 2.5 2.5 2 1 1 4 4
-3830.1 -12265.5 -27.0 138 0 8.7 10.5 5.0 2.5 2 1 2 3 3
-3813.5 -12255.1 -27.0 50 0 11.1 7.4 5.0 2.5 2 0 2 5 5
-3814.7 -12232.6 -27.1 228 0 11.4 18.0 5.0 0.0 0 1 2 2 2
-3790.6 -12260.2 -27.4 42 0 9.8 16.4 7.5 2.5 2 1 3 2 2
-3806.0 -12283.6 -27.4 46 0 9.4 13.4 7.5 2.5 2 1 3 4 4
-3778.7 -12251.9 -27.5 49 0 11.4 38.3 10.0 2.5 2 1 4 3 3
-3781.1 -12227.7 -27.4 48 0 10.0 18.7 7.5 2.5 2 1 3 5 5
-3771.2 -12218.2 -27.5 47 0 10.4 18.2 5.0 2.5 2 1 2 1 1
-3759.9 -12210.4 -27.8 49 0 11.4 20.5 7.5 2.5 2 1 3 0 0
-3746.3 -12205.6 -28.2 51 0 9.8 26.3 7.5 2.5 2 1 3 4 4
-3733.0 -12198.9 -28.6 49 0 11.4 29.3 5.0 2.5 4 1 2 4 4
-3730.0 -12181.4 -28.8 52 0 9.9 18.9 5.0 2.5 2 1 2 1 1
-3724.5 -12191.2 -28.8 43 0 6.7 8.4 2.5 2.5 4 1 1 4 4
-3720.4 -12174.2 -29.0 49 0 8.2 19.3 7.5 2.5 2 1 3 2 2
-3820.7 -12210.1 -26.9 226 0 11.6 16.6 7.5 2.5 2 1 3 1 1
-3833.4 -12221.6 -26.7 228 0 13.8 16.4 5.0 2.5 2 1 2 2 2
-3809.1 -12199.2 -27.0 227 0 12.0 16.8 2.5 2.5 2 1 1 1 1
-3796.1 -12189.1 -27.3 233 0 10.2 9.2 5.0 2.5 2 0 2 0 0
-3784.1 -12177.6 -27.7 228 0 6.8 15.2 7.5 2.5 2 1 3 5 5
-3748.2 -12154.7 -28.7 230 0 7.9 8.2 7.5 2.5 2 1 3 2 2
-3713.2 -12143.8 -29.4 265 0 6.3 20.4 5.0 2.5 2 1 2 1 1
-3721.9 -12134.4 -29.2 323 0 15.2 8.7 7.5 2.5 2 0 3 4 4
-3611.2 -12125.4 -31.7 249 0 21.6 9.5 7.5 2.5 2 0 3 4 4
-3974.1 -11813.2 -32.1 88 0 12.2 44.7 7.5 2.5 2 1 3 3 3
-3954.8 -11815.0 -32.3 87 0 11.8 46.0 12.5 2.5 2 1 5 1 1
-3938.2 -11768.7 -32.5 269 0 14.0 44.2 10.0 2.5 2 0 4 5 5
-3918.8 -11767.5 -32.6 270 0 11.5 43.7 12.5 2.5 2 1 5 0 0
-3881.7 -11763.3 -32.8 262 0 11.1 10.1 7.5 2.5 2 0 3 3 3
-3900.8 -11779.7 -32.3 268 0 11.8 8.4 5.0 0.0 0 0 2 5 5
-3899.0 -11791.0 -31.9 268 0 11.0 8.2 7.5 2.5 2 0 3 4 4
-3880.9 -11777.5 -32.4 268 0 11.5 18.4 5.0 2.5 2 1 2 0 0
-3938.2 -11768.7 -32.5 269 0 12.3 7.7 2.5 2.5 2 0 1 1 1
-3937.8 -11776.4 -32.2 271 0 12.9 11.3 5.0 2.5 2 0 2 4 4
-3830.0 -11793.4 -32.1 314 0 13.2 19.5 7.5 2.5 2 1 3 3 3
-3790.4 -11818.3 -31.6 324 0 29.2 12.9 12.5 2.5 4 0 5 5 5
-3800.5 -11789.9 -32.5 6 0 20.9 10.6 5.0 2.5 2 0 2 4 4
-3771.2 -11840.3 -30.8 321 0 21.3 12.8 7.5 2.5 2 0 3 2 2
-3756.3 -11860.2 -30.2 321 0 19.7 10.4 7.5 2.5 2 0 3 3 3
-3741.6 -11887.4 -29.7 342 0 12.8 21.1 7.5 2.5 2 1 3 4 4
-3785.8 -11848.6 -30.5 319 0 18.7 11.1 5.0 2.5 2 0 2 3 3
-3771.1 -11866.7 -30.0 325 0 22.3 10.9 7.5 0.0 0 0 3 1 1
-3786.2 -11897.3 -29.7 77 0 11.4 28.6 12.5 2.5 4 1 5 2 2
-3864.3 -11859.4 -30.5 105 0 7.8 20.6 7.5 2.5 4 1 3 5 5
-3899.3 -11853.2 -30.8 108 0 11.3 26.1 7.5 2.5 2 1 3 2 2
-3955.8 -11843.8 -30.7 110 0 10.6 18.7 5.0 2.5 2 1 2 4 4
-3941.5 -11843.6 -30.6 112 0 9.4 13.3 2.5 0.0 0 1 1 5 5
-3927.4 -11848.7 -30.5 102 0 10.2 16.0 7.5 0.0 0 1 3 3 3
-3914.7 -11851.3 -31.2 109 0 9.0 37.7 7.5 2.5 2 1 3 5 5
-3811.8 -11869.7 -30.0 137 0 17.2 12.0 7.5 2.5 2 0 3 3 3
-3822.5 -11903.5 -28.9 158 0 20.8 8.6 2.5 2.5 2 0 1 3 3
-3781.7 -11910.0 -28.9 68 0 11.4 10.4 7.5 0.0 0 0 3 2 2
-3724.2 -11832.0 -31.1 249 0 26.4 19.6 7.5 2.5 2 0 3 4 4
-3858.8 -11824.7 -31.5 138 0 10.2 20.8 2.5 2.5 2 1 1 3 3
-3850.4 -11837.4 -31.3 136 0 10.6 25.9 7.5 2.5 2 1 3 5 5
-3838.7 -11846.8 -31.0 132 0 10.5 23.3 7.5 2.5 2 1 3 4 4
-3841.3 -11874.6 -30.0 132 0 10.6 21.9 5.0 2.5 2 1 2 5 5
-3822.2 -11852.9 -30.6 134 0 12.8 14.4 5.0 2.5 2 1 2 0 0
-4023.2 -11717.0 -32.8 264 0 10.2 31.9 12.5 2.5 2 1 5 1 1
-3992.2 -11889.0 -29.0 79 0 13.4 17.2 7.5 2.5 2 1 3 1 1
-3945.2 -11859.1 -29.7 256 0 12.7 20.3 10.0 2.5 2 1 4 1 1
-3806.0 -11909.8 -29.2 78 0 8.7 25.5 7.5 2.5 2 1 3 3 3
-4012.7 -11843.7 -29.8 186 0 15.4 12.8 10.0 2.5 2 0 4 1 1
-3977.4 -11882.3 -29.6 80 0 11.1 28.0 10.0 0.0 0 1 4 3 3
-3987.4 -11831.0 -30.2 354 0 12.1 6.0 5.0 2.5 2 0 2 1 1
-3710.2 -11922.1 -30.1 338 0 19.5 11.7 7.5 2.5 2 0 3 2 2
-3740.8 -11910.5 -29.8 247 0 13.1 34.0 10.0 2.5 2 1 4 3 3
-3744.1 -11946.8 -29.4 245 0 10.5 9.0 5.0 2.5 2 0 2 3 3
-3765.9 -11929.2 -29.1 247 0 9.8 21.0 7.5 2.5 2 1 3 4 4
-3755.7 -11968.2 -29.2 157 0 30.7 10.9 7.5 2.5 2 0 3 1 1
-3778.3 -11935.9 -28.8 247 0 10.1 27.6 10.0 2.5 2 1 4 2 2
-3766.7 -11976.9 -28.9 156 0 25.0 10.2 7.5 2.5 2 0 3 2 2
-3784.9 -11969.7 -28.5 155 0 58.3 10.5 10.0 2.5 2 0 4 4 4
-3753.9 -12004.3 -28.7 159 0 15.3 9.1 5.0 0.0 0 0 2 0 0
-3691.0 -11889.4 -31.1 250 0 26.9 68.2 10.0 0.0 0 1 4 1 1
-3657.9 -12046.5 -30.0 77 0 8.1 12.6 7.5 2.5 2 1 3 0 0
-3640.9 -12042.5 -30.3 76 0 10.0 11.7 7.5 2.5 4 1 3 2 2
-3631.8 -12081.8 -31.1 78 0 46.4 28.3 12.5 0.0 0 0 5 3 3
-3694.7 -12054.9 -29.3 81 0 13.2 12.4 5.0 2.5 2 0 2 4 4
-3679.2 -12131.8 -30.5 75 0 47.5 27.0 10.0 2.5 2 0 4 2 2
-3682.1 -12143.9 -30.4 257 0 39.8 14.1 10.0 0.0 0 0 4 1 1
-3599.8 -12089.1 -31.7 256 0 11.0 10.7 5.0 2.5 2 0 2 4 4
-3649.9 -12103.2 -31.2 172 0 12.8 30.9 7.5 2.5 2 1 3 0 0
-3647.3 -12119.6 -31.6 165 0 9.5 45.5 7.5 2.5 2 1 3 3 3
-3711.0 -12094.9 -29.4 106 0 11.0 20.9 5.0 2.5 2 1 2 4 4
-3540.9 -11356.7 -25.4 64 0 10.0 90.8 10.0 2.5 2 1 4 4 4
-3605.4 -11382.2 -24.6 66 0 10.1 88.1 10.0 2.5 2 1 4 2 2
-3647.1 -11390.9 -23.6 74 0 14.5 30.6 10.0 2.5 2 1 4 3 3
-3699.9 -11374.5 -23.5 254 0 10.8 43.5 10.0 2.5 2 1 4 3 3
-3661.3 -11400.7 -23.7 72 0 8.8 36.1 7.5 2.5 2 1 3 3 3
-3684.7 -11337.5 -19.2 140 0 9.6 45.7 7.5 2.5 2 1 3 3 3
-3686.9 -11469.0 -27.0 42 0 14.9 8.4 7.5 2.5 2 0 3 3 3
479.8 -8831.6 -8.0 55 0 10.2 12.3 7.5 2.5 4 1 3 2 2
425.1 -8845.0 -10.1 233 0 12.2 8.5 2.5 2.5 2 0 1 3 3
450.3 -8874.7 -10.1 50 0 10.7 12.5 5.0 2.5 2 1 2 2 2
471.9 -8872.7 -9.4 46 0 7.4 10.0 2.5 2.5 2 1 1 2 2
476.5 -8853.7 -8.8 54 0 10.9 8.9 5.0 2.5 4 0 2 3 3
483.1 -8862.3 -8.8 53 0 10.8 9.5 7.5 2.5 2 0 3 0 0
490.3 -8871.1 -8.8 51 0 9.8 9.2 5.0 2.5 2 0 2 1 1
502.1 -8859.3 -8.1 52 0 10.7 18.4 7.5 2.5 2 1 3 3 3
515.3 -8849.2 -7.6 52 0 11.4 9.2 5.0 2.5 2 0 2 1 1
524.3 -8834.0 -7.0 53 0 11.1 13.6 5.0 2.5 2 1 2 2 2
506.0 -8811.1 -6.7 49 0 9.6 13.2 5.0 2.5 2 1 2 5 5
514.9 -8822.5 -6.9 53 0 10.8 13.1 7.5 2.5 2 1 3 0 0
519.8 -8799.0 -6.2 52 0 10.4 12.8 5.0 2.5 2 1 2 2 2
528.2 -8810.8 -6.3 53 0 9.7 12.3 2.5 2.5 2 1 1 0 0
538.6 -8822.4 -6.5 56 0 11.8 13.5 2.5 0.0 0 1 1 2 2
532.1 -8788.7 -5.7 52 0 11.1 12.6 5.0 0.0 0 1 2 4 4
541.2 -8798.4 -5.8 55 0 11.1 10.7 7.5 2.5 2 0 3 4 4
585.8 -8732.7 -3.3 52 0 5.3 21.5 7.5 2.5 2 1 3 4 4
583.9 -8769.7 -4.3 52 0 9.4 10.0 2.5 0.0 0 1 1 5 5
568.7 -8805.5 -5.5 55 0 10.8 8.8 5.0 2.5 2 0 2 0 0
574.5 -8786.9 -4.9 58 0 8.1 8.9 7.5 2.5 2 1 3 2 2
600.5 -8728.7 -3.2 319 0 9.2 11.8 5.0 2.5 2 1 2 1 1
423.1 -8914.1 -12.0 49 0 7.3 8.5 7.5 2.5 2 1 3 0 0
378.4 -8864.1 -12.0 232 0 10.0 8.9 5.0 2.5 2 0 2 0 0
386.8 -8872.8 -11.9 229 0 6.8 12.1 5.0 2.5 2 1 2 0 0
408.2 -8925.9 -12.9 51 0 11.5 16.6 5.0 2.5 2 1 2 2 2
361.8 -8898.7 -13.5 228 0 14.6 20.2 10.0 2.5 2 1 4 0 0
384.1 -8922.1 -13.5 50 0 9.9 10.0 7.5 2.5 2 1 3 4 4
400.0 -8947.9 -13.7 52 0 10.5 8.7 7.5 2.5 2 0 3 1 1
370.8 -8933.5 -14.2 52 0 11.7 9.8 7.5 2.5 2 0 3 2 2
382.9 -8948.9 -14.2 54 0 5.9 16.8 2.5 2.5 2 1 1 1 1
357.3 -8977.6 -15.8 43 0 10.9 14.9 5.0 2.5 2 1 2 5 5
347.8 -8987.6 -16.2 44 0 7.9 14.9 5.0 2.5 2 1 2 2 2
258.2 -8967.2 -18.4 343 0 8.9 11.1 5.0 2.5 2 1 2 2 2
261.6 -8978.2 -18.5 344 0 8.4 10.8 7.5 2.5 2 1 3 2 2
271.2 -9007.8 -19.0 346 0 9.4 9.6 2.5 2.5 2 1 1 5 5
312.6 -8894.1 -15.1 326 0 8.1 12.7 7.5 2.5 4 1 3 5 5
297.0 -8879.8 -14.9 236 0 9.3 14.0 5.0 2.5 2 1 2 2 2
322.6 -8911.7 -15.1 238 0 11.5 13.3 5.0 2.5 2 1 2 1 1
318.3 -8901.9 -15.1 328 0 8.0 10.2 7.5 2.5 2 1 3 5 5
271.9 -8930.4 -16.7 150 0 8.5 12.2 5.0 2.5 2 1 2 4 4
271.9 -8964.2 -17.6 159 0 8.6 9.6 5.0 2.5 2 1 2 1 1
288.1 -9006.2 -18.2 159 0 16.5 12.5 5.0 2.5 2 0 2 5 5
303.4 -9037.7 -18.7 71 0 12.6 23.6 7.5 2.5 2 1 3 5 5
309.0 -8962.5 -16.5 148 0 8.2 8.4 7.5 2.5 2 1 3 4 4
332.3 -8995.8 -16.8 60 0 9.7 12.3 2.5 2.5 2 1 1 2 2
331.5 -8958.5 -16.0 65 0 12.0 9.4 5.0 0.0 0 0 2 0 0
392.0 -8983.8 -15.0 228 0 10.1 9.0 7.5 2.5 2 0 3 2 2
366.6 -9006.8 -16.1 228 0 6.4 8.7 7.5 2.5 2 1 3 2 2
350.8 -9020.4 -17.0 232 0 12.2 9.3 5.0 2.5 2 0 2 2 2
182.6 -9167.3 -25.7 265 0 10.4 32.5 7.5 2.5 4 1 3 3 3
344.3 -8666.7 2.9 261 0 13.5 10.1 10.0 2.5 2 0 4 3 3
345.6 -8709.5 -4.8 73 0 26.1 10.4 12.5 2.5 2 0 5 4 4
361.6 -8663.0 2.4 261 0 8.8 9.2 5.0 2.5 2 1 2 5 5
405.7 -8673.6 -3.2 352 0 10.9 17.3 2.5 2.5 2 1 1 0 0
305.8 -8680.9 2.9 255 0 5.2 12.3 2.5 2.5 2 0 1 3 3
267.6 -8689.2 6.6 168 0 8.1 7.5 5.0 2.5 2 0 2 5 5
283.7 -8691.1 4.8 167 0 6.7 7.0 2.5 2.5 2 1 1 4 4
244.5 -8741.9 -2.2 64 0 9.0 4.4 5.0 2.5 2 0 2 1 1
436.4 -9355.5 -18.9 177 0 11.2 11.1 10.0 2.5 2 0 4 3 3
436.7 -9369.6 -19.0 180 0 10.5 9.8 7.5 0.0 0 0 3 1 1
463.9 -9328.7 -18.0 272 0 9.5 23.0 5.0 2.5 2 1 2 1 1
516.5 -9384.5 -14.6 351 0 19.0 11.8 5.0 2.5 2 0 2 5 5
478.5 -9332.3 -17.5 273 0 10.6 20.1 7.5 2.5 2 1 3 5 5
486.5 -9374.7 -17.5 346 0 11.4 8.8 5.0 2.5 2 0 2 1 1
499.5 -9369.9 -16.4 353 0 9.4 11.0 5.0 2.5 2 1 2 3 3
451.7 -9412.9 -18.8 81 0 6.3 8.7 7.5 2.5 2 1 3 1 1
449.1 -9400.1 -18.9 79 0 10.3 11.8 2.5 2.5 2 1 1 4 4
460.1 -9394.1 -18.4 80 0 7.9 7.8 2.5 2.5 2 0 1 4 4
478.7 -9381.3 -17.8 348 0 26.6 6.7 2.5 2.5 2 0 1 4 4
478.8 -9404.2 -17.3 78 0 4.6 7.0 5.0 2.5 2 1 2 3 3
333.3 -9412.9 -23.2 190 0 10.6 10.2 5.0 0.0 0 0 2 5 5
1074.7 -10745.6 -33.2 71 0 8.5 22.4 7.5 2.5 2 1 3 3 3
967.7 -10640.0 -31.2 266 0 6.9 35.8 2.5 0.0 0 1 1 2 2
802.7 -10601.7 -34.1 336 0 7.1 8.6 5.0 2.5 2 1 2 0 0
596.0 -10422.3 -32.4 244 0 10.2 9.7 5.0 2.5 2 0 2 2 2
595.0 -10383.3 -31.3 252 0 8.7 11.0 7.5 2.5 2 1 3 1 1
622.7 -10352.8 -30.9 335 0 13.6 43.0 17.5 0.0 0 1 7 3 3
604.0 -10468.5 -33.7 65 0 11.0 8.6 7.5 2.5 2 0 3 5 5
634.0 -10457.5 -32.9 61 0 6.7 7.9 7.5 2.5 4 1 3 3 3
643.3 -10475.8 -33.3 61 0 10.3 9.0 7.5 2.5 2 0 3 1 1
668.9 -10385.5 -29.4 311 0 8.8 6.1 2.5 2.5 2 0 1 3 3
684.7 -10399.8 -29.7 312 0 8.5 11.0 5.0 2.5 2 1 2 3 3
691.9 -10407.9 -30.0 312 0 9.4 10.8 7.5 2.5 2 1 3 4 4
673.8 -10420.4 -30.9 321 0 7.2 12.3 2.5 2.5 2 1 1 0 0
640.3 -10404.3 -30.9 321 0 15.3 12.1 2.5 2.5 2 0 1 2 2
641.3 -10447.7 -32.3 140 0 9.3 12.0 2.5 2.5 4 1 1 1 1
661.5 -10431.1 -31.5 323 0 8.5 7.6 7.5 2.5 2 0 3 4 4
668.9 -10437.6 -31.8 321 0 8.1 11.2 5.0 2.5 2 1 2 1 1
666.1 -10451.9 -32.1 141 0 7.8 10.8 2.5 2.5 2 1 1 2 2
672.4 -10459.2 -32.4 139 0 8.5 9.4 5.0 2.5 2 1 2 5 5
695.9 -10472.4 -32.4 137 0 20.0 10.6 5.0 2.5 2 0 2 0 0
703.6 -10525.4 -33.6 149 0 16.9 11.8 5.0 2.5 2 0 2 3 3
746.2 -10547.3 -33.5 149 0 7.7 14.6 7.5 2.5 2 1 3 5 5
796.8 -10507.7 -32.2 259 0 12.9 18.3 7.5 2.5 2 1 3 2 2
775.5 -10538.6 -32.9 178 0 7.9 21.0 5.0 2.5 2 1 2 2 2
742.5 -10531.0 -33.2 139 0 14.7 9.8 7.5 2.5 2 0 3 1 1
769.0 -10501.3 -32.2 323 0 12.6 7.3 7.5 2.5 2 0 3 3 3
719.5 -10457.5 -32.0 321 0 9.4 10.0 7.5 2.5 2 1 3 3 3
767.4 -10463.1 -31.6 306 0 13.1 19.0 10.0 2.5 2 0 4 5 5
732.5 -10514.9 -32.9 130 0 14.9 9.6 7.5 2.5 2 0 3 3 3
736.8 -10411.3 -29.0 130 0 10.3 10.9 10.0 2.5 4 1 4 5 5
748.3 -10438.8 -30.9 314 0 8.1 11.9 7.5 2.5 2 1 3 4 4
805.6 -10495.7 -31.6 339 0 8.3 10.9 7.5 2.5 2 1 3 2 2
773.9 -10505.5 -32.4 234 0 5.8 28.1 5.0 2.5 2 0 2 2 2
751.7 -10479.4 -32.3 321 0 36.2 14.8 12.5 2.5 2 0 5 4 4
756.1 -10524.4 -32.8 145 0 5.7 7.0 2.5 2.5 2 1 1 0 0
709.6 -10496.2 -32.8 139 0 26.7 14.3 10.0 2.5 2 0 4 4 4
282.7 -10175.9 -31.7 312 0 12.1 11.3 7.5 2.5 2 0 3 0 0
297.3 -10187.6 -32.3 321 0 14.3 12.7 5.0 2.5 4 0 2 1 1
312.5 -10193.9 -31.6 308 0 10.2 13.7 5.0 2.5 4 1 2 1 1
323.1 -10206.1 -31.7 310 0 12.3 12.5 7.5 2.5 2 1 3 2 2
379.1 -10279.0 -32.4 133 0 12.7 13.6 5.0 2.5 2 1 2 4 4
301.2 -10239.7 -33.6 42 0 19.5 26.9 7.5 2.5 2 1 3 5 5
251.3 -10188.7 -31.9 136 0 22.2 9.2 2.5 2.5 2 0 1 4 4
271.1 -10207.5 -33.6 136 0 20.6 8.3 2.5 2.5 2 0 1 4 4
264.9 -10215.1 -33.6 135 0 21.8 6.8 7.5 2.5 2 0 3 4 4
220.3 -10094.3 -24.1 207 0 9.3 15.6 2.5 2.5 2 1 1 3 3
442.8 -10072.0 -23.3 249 0 10.7 33.0 12.5 2.5 2 1 5 3 3
468.5 -10124.7 -24.5 331 0 14.9 8.1 5.0 2.5 2 0 2 1 1
470.9 -10150.0 -24.6 32 0 10.1 10.3 5.0 2.5 2 1 2 3 3
466.0 -10189.5 -24.3 30 0 10.0 11.1 5.0 2.5 2 1 2 0 0
440.6 -10173.8 -23.0 210 0 8.9 13.5 2.5 2.5 2 1 1 4 4
446.0 -10164.3 -23.4 210 0 8.3 11.9 5.0 2.5 2 1 2 3 3
469.9 -10159.0 -24.5 339 0 7.9 10.6 7.5 2.5 2 1 3 1 1
439.4 -10236.9 -23.0 194 0 10.4 12.2 5.0 2.5 2 1 2 3 3
480.7 -10199.9 -25.9 305 0 13.7 11.2 7.5 2.5 2 0 3 0 0
459.6 -10258.5 -24.6 192 0 15.1 9.7 7.5 2.5 2 0 3 2 2
488.2 -10243.6 -26.6 286 0 11.5 9.2 7.5 2.5 2 0 3 4 4
490.9 -10278.6 -26.6 9 0 16.6 12.6 7.5 2.5 2 0 3 3 3
461.4 -10316.4 -29.7 197 0 18.5 13.7 12.5 2.5 2 0 5 5 5
454.6 -10363.8 -33.8 157 0 27.2 18.6 12.5 0.0 0 0 5 2 2
480.6 -10413.1 -33.9 134 0 24.0 19.0 7.5 2.5 2 0 3 0 0
504.1 -10244.6 -27.9 291 0 9.2 12.8 7.5 2.5 2 1 3 1 1
519.3 -10215.0 -28.1 300 0 11.9 14.0 10.0 2.5 2 1 4 0 0
536.6 -10204.0 -27.4 333 0 13.3 13.5 5.0 2.5 2 1 2 5 5
554.3 -10286.2 -29.2 65 0 12.8 30.8 7.5 2.5 2 1 3 4 4
535.3 -10247.0 -28.7 331 0 5.5 11.2 5.0 2.5 2 1 2 1 1
211.3 -10164.6 -27.6 202 0 8.6 30.4 7.5 2.5 2 1 3 0 0
255.2 -10140.7 -23.3 21 0 9.6 31.0 7.5 0.0 0 1 3 5 5
249.6 -10152.6 -24.8 19 0 9.6 30.6 7.5 2.5 2 1 3 4 4
216.9 -10152.0 -26.0 203 0 6.1 30.5 5.0 2.5 2 1 2 3 3
-3900.4 -10828.6 -10.6 149 0 32.6 11.6 12.5 2.5 2 0 5 0 0
-3892.1 -10795.0 -11.6 237 0 11.8 39.4 12.5 2.5 4 1 5 1 1
-3848.1 -10861.6 -13.6 57 0 12.8 32.3 12.5 2.5 2 1 5 1 1
-3881.8 -10846.1 -12.9 237 0 11.8 31.6 12.5 2.5 2 1 5 0 0
-3852.2 -10894.6 -16.6 127 0 34.5 9.8 7.5 2.5 2 0 3 3 3
-3855.4 -10768.9 -13.5 270 0 49.4 9.1 7.5 2.5 2 0 3 2 2
-3838.8 -10830.3 -13.9 92 0 11.9 39.2 12.5 2.5 2 1 5 1 1
-3791.0 -10779.7 -16.6 3 0 48.6 9.8 7.5 2.5 4 0 3 1 1
-3812.3 -10914.3 -18.0 266 0 8.8 47.5 7.5 2.5 4 1 3 2 2
-3818.3 -10979.4 -16.2 179 0 21.7 14.2 7.5 2.5 2 0 3 5 5
-3745.7 -10778.4 -17.7 184 0 46.6 11.6 7.5 2.5 2 0 3 4 4
-3743.5 -10733.2 -18.3 184 0 36.3 16.7 10.0 0.0 0 0 4 0 0
-3738.8 -10920.0 -17.5 83 0 14.3 18.9 12.5 2.5 2 1 5 3 3
-3744.6 -11094.5 -13.7 92 0 12.7 39.4 7.5 2.5 2 1 3 0 0
-3703.0 -11078.5 -13.0 2 0 46.6 9.5 7.5 0.0 0 0 3 2 2
-3700.5 -10971.9 -13.9 167 0 12.7 5.6 7.5 2.5 2 0 3 4 4
-3626.5 -10938.0 -13.5 342 0 6.2 41.8 7.5 2.5 2 1 3 0 0
-3643.6 -10908.8 -13.3 254 0 17.8 6.7 5.0 2.5 2 0 2 1 1
-3631.0 -10921.2 -13.2 348 0 6.1 17.9 5.0 2.5 4 1 2 2 2
-3628.8 -10928.9 -13.1 341 0 5.5 17.9 5.0 0.0 0 1 2 3 3
-3666.8 -10914.6 -14.4 257 0 18.2 5.6 2.5 2.5 2 0 1 3 3
-3663.6 -10926.1 -14.3 253 0 18.3 5.4 2.5 2.5 2 0 1 1 1
-3661.4 -10934.6 -14.0 259 0 18.1 6.3 5.0 2.5 2 0 2 0 0
-4075.9 -10934.6 -7.1 147 0 12.5 92.7 10.0 2.5 2 1 4 1 1
-4062.7 -10953.4 -9.0 146 0 11.9 89.4 10.0 2.5 2 1 4 4 4
-4044.8 -10965.2 -10.6 146 0 8.3 76.5 7.5 2.5 2 1 3 3 3
-3903.7 -10886.2 -12.4 234 0 28.3 7.0 7.5 2.5 2 0 3 3 3
-3925.9 -10913.5 -12.5 51 0 29.5 6.0 2.5 0.0 0 0 1 5 5
-3965.7 -10943.7 -12.7 141 0 5.7 30.0 7.5 2.5 2 1 3 0 0
-3727.7 -11053.1 -13.3 276 0 6.4 38.3 7.5 2.5 2 1 3 3 3
-4103.3 -10821.2 1.1 179 0 11.6 43.6 12.5 2.5 2 1 5 1 1
-4107.9 -10834.0 -0.6 262 0 12.7 46.4 12.5 2.5 2 1 5 1 1
-3823.2 -10692.4 -13.5 106 0 8.6 31.7 7.5 2.5 2 1 3 1 1
-3739.0 -10678.3 -17.9 187 0 50.7 10.5 10.0 2.5 2 0 4 2 2
-3735.4 -10631.8 -18.2 186 0 30.9 10.9 7.5 0.0 0 0 3 3 3
-3732.2 -10596.7 -18.6 187 0 19.0 9.0 2.5 2.5 2 0 1 5 5
-3724.4 -10524.8 -18.4 190 0 32.2 10.2 7.5 2.5 2 0 3 5 5
-3710.5 -10449.4 -18.4 277 0 9.2 52.7 7.5 2.5 2 1 3 3 3
-3701.5 -10658.9 -19.0 277 0 7.4 40.5 7.5 0.0 0 1 3 1 1
-3690.8 -10730.4 -19.6 92 0 12.4 11.4 10.0 2.5 2 0 4 4 4
-3614.9 -10404.7 -18.9 182 0 11.3 36.3 7.5 2.5 2 1 3 4 4
-3614.3 -10362.6 -19.2 181 0 11.9 36.0 10.0 2.5 4 1 4 2 2
-3623.3 -10321.9 -16.8 92 0 12.1 39.5 7.5 2.5 2 1 3 4 4
-3613.9 -10329.8 -19.0 182 0 9.8 35.4 7.5 2.5 2 1 3 1 1
-3595.4 -10269.2 -17.1 273 0 35.6 10.2 10.0 2.5 2 0 4 4 4
-3623.1 -10215.2 -16.4 274 0 7.4 48.3 7.5 2.5 2 1 3 5 5
-3592.6 -10224.6 -16.9 274 0 10.2 31.3 7.5 2.5 2 1 3 5 5
-3697.3 -10234.0 -15.5 182 0 29.9 15.5 7.5 2.5 2 0 3 3 3
-3524.8 -10321.5 -19.3 0 0 30.2 8.9 7.5 2.5 2 0 3 2 2
-3529.8 -10259.9 -18.3 264 0 6.5 30.1 7.5 2.5 2 1 3 1 1
-3493.4 -10321.3 -19.6 358 0 31.0 8.8 7.5 2.5 2 0 3 0 0
-3497.6 -10213.3 -18.2 268 0 8.6 30.7 7.5 0.0 0 1 3 1 1
-3528.3 -10213.5 -17.7 271 0 9.1 30.6 7.5 0.0 0 1 3 3 3
-3700.3 -10282.0 -15.6 180 0 26.2 8.7 7.5 2.5 2 0 3 0 0
-3708.7 -10365.1 -18.3 181 0 10.6 53.0 10.0 2.5 2 1 4 3 3
-3607.1 -10193.2 -16.2 90 0 8.3 44.3 7.5 2.5 2 1 3 4 4
-3646.9 -10111.0 -14.0 188 0 19.6 12.2 10.0 2.5 2 0 4 1 1
-3573.2 -10105.9 -15.3 273 0 8.1 39.5 7.5 2.5 2 1 3 4 4
-3482.9 -10117.9 -17.6 270 0 42.1 7.1 7.5 0.0 0 0 3 2 2
-3431.0 -10139.5 -18.2 359 0 7.1 31.1 5.0 2.5 2 1 2 4 4
-3508.5 -10169.4 -16.8 86 0 6.1 29.6 7.5 0.0 0 1 3 3 3
-3500.7 -10189.0 -17.7 90 0 17.2 7.2 5.0 2.5 2 0 2 3 3
-3534.5 -10184.6 -17.0 89 0 23.0 8.9 7.5 2.5 2 0 3 3 3
-3642.8 -10024.2 -13.9 264 0 8.3 57.8 7.5 0.0 0 1 3 4 4
-3546.7 -10087.0 -16.1 87 0 9.8 35.1 7.5 2.5 2 1 3 0 0
-3635.0 -9899.8 -12.2 92 0 8.2 38.8 7.5 2.5 2 1 3 5 5
-3633.5 -9810.2 -7.2 270 0 9.9 38.9 7.5 2.5 2 1 3 0 0
-3604.6 -9899.7 -11.3 90 0 7.7 62.7 7.5 2.5 4 1 3 2 2
-3575.1 -9900.2 -13.2 91 0 8.5 55.0 7.5 2.5 2 1 3 5 5
-3533.4 -9894.9 -15.3 98 0 8.2 46.7 7.5 2.5 2 1 3 3 3
-3503.2 -9898.2 -17.1 97 0 8.2 53.7 7.5 2.5 2 1 3 2 2
-3440.5 -9899.6 -20.3 96 0 6.6 61.5 7.5 2.5 4 1 3 5 5
-3409.6 -9904.7 -22.3 97 0 8.1 69.4 7.5 2.5 2 1 3 5 5
-3458.3 -9791.1 -12.9 233 0 13.0 17.3 5.0 0.0 0 1 2 2 2
-3981.0 -9973.0 -4.7 117 0 76.3 11.4 10.0 2.5 4 0 4 3 3
-4073.5 -10047.8 -3.5 197 0 8.9 40.1 7.5 2.5 2 1 3 4 4
-4053.8 -10001.7 -2.4 274 0 13.8 42.5 10.0 2.5 2 1 4 1 1
-4088.4 -10219.4 -7.5 179 0 19.0 70.4 12.5 0.0 0 1 5 3 3
-4017.3 -10251.9 -7.1 359 0 19.0 61.2 12.5 2.5 2 1 5 1 1
-4030.3 -10134.6 -6.5 270 0 9.8 60.5 7.5 2.5 2 1 3 1 1
-4008.5 -10274.5 -6.7 358 0 8.8 32.9 7.5 0.0 0 1 3 4 4
-4038.8 -9907.6 -4.4 206 0 14.0 115.3 10.0 0.0 0 1 4 5 5
-3990.5 -10087.8 -5.9 282 0 9.5 25.2 2.5 0.0 0 1 1 3 3
-3825.4 -9889.6 -2.7 29 0 9.2 39.9 7.5 2.5 2 1 3 3 3
-3782.1 -9913.5 -6.3 29 0 8.4 40.6 7.5 2.5 2 1 3 3 3
-3786.0 -9862.6 -1.3 1 0 9.2 40.4 7.5 2.5 4 1 3 5 5
-3843.9 -9808.3 2.2 273 0 10.6 40.3 15.0 0.0 0 1 6 1 1
-3770.1 -9904.6 -5.7 95 0 7.9 36.2 7.5 0.0 0 1 3 5 5
-3843.7 -9755.0 6.7 318 0 40.5 7.0 7.5 2.5 2 0 3 4 4
-3925.0 -9729.6 12.1 301 0 33.1 6.2 5.0 2.5 2 0 2 0 0
-3964.4 -9790.3 13.6 172 0 10.9 38.8 12.5 2.5 4 1 5 3 3
-3882.1 -9779.3 9.9 352 0 7.8 38.4 7.5 0.0 0 1 3 5 5
-3917.6 -9826.9 5.6 172 0 9.3 42.8 7.5 2.5 4 1 3 0 0
-3986.1 -9703.1 16.8 254 0 12.3 45.3 15.0 0.0 0 1 6 1 1
-4003.6 -9626.6 8.9 216 0 7.7 39.8 7.5 2.5 2 1 3 1 1
-3948.1 -9662.0 9.0 307 0 39.4 8.1 7.5 2.5 2 0 3 2 2
-3757.2 -10073.4 -10.6 360 0 23.4 10.1 2.5 2.5 2 0 1 5 5
-3757.7 -10106.7 -11.2 2 0 23.8 10.0 5.0 2.5 2 0 2 4 4
-3757.8 -10140.0 -11.9 358 0 24.2 9.7 7.5 2.5 2 0 3 2 2
-3779.1 -10056.8 -11.3 271 0 7.6 95.3 7.5 2.5 2 1 3 5 5
-3912.4 -9691.8 7.8 312 0 40.0 8.5 7.5 2.5 2 0 3 0 0
-3877.5 -9722.5 7.4 314 0 39.4 7.9 7.5 0.0 0 0 3 5 5
-3465.2 -9438.4 -15.6 319 0 25.7 20.0 15.0 0.0 0 0 6 5 5
-4154.8 -9452.1 -5.4 88 0 8.2 40.0 7.5 2.5 2 1 3 5 5
-4131.8 -9246.9 -10.2 278 0 23.9 55.8 10.0 2.5 2 1 4 1 1
-4069.3 -9261.1 -11.6 282 0 47.3 17.8 12.5 2.5 2 0 5 3 3
-4125.9 -9335.6 -7.7 181 0 24.8 69.4 10.0 0.0 0 1 4 3 3
-4065.1 -9454.8 -5.6 92 0 8.4 39.1 7.5 2.5 2 1 3 4 4
-3822.0 -9378.0 -6.1 350 0 31.5 14.6 12.5 2.5 2 0 5 0 0
-3847.3 -9519.3 -4.3 181 0 46.0 8.2 7.5 0.0 0 0 3 2 2
-3823.8 -9547.1 -2.7 173 0 26.4 9.7 7.5 2.5 2 0 3 0 0
-3949.7 -9463.4 -4.9 269 0 48.1 34.6 7.5 0.0 0 0 3 0 0
-3982.6 -9532.1 -4.7 88 0 21.3 16.5 12.5 0.0 0 0 5 4 4
-3638.2 -9697.9 0.6 5 0 36.0 15.8 10.0 2.5 2 0 4 2 2
-3665.4 -9746.3 -1.1 88 0 9.9 9.6 5.0 2.5 2 0 2 3 3
-3867.1 -9676.2 -2.8 128 0 37.0 53.4 17.5 0.0 0 1 7 3 3
-4364.4 -9219.6 -6.0 337 0 10.5 22.3 10.0 2.5 2 1 4 1 1
-4429.3 -9235.5 -5.7 77 0 24.8 10.1 10.0 2.5 2 0 4 2 2
-4434.0 -9173.1 -5.6 246 0 13.9 7.6 2.5 2.5 2 0 1 1 1
-4404.0 -9194.7 -5.7 337 0 19.4 20.7 10.0 0.0 0 1 4 4 4
-4212.1 -8731.3 -8.9 1 0 31.1 12.9 10.0 2.5 2 0 4 0 0
-4217.0 -8767.8 -9.8 12 0 16.1 13.5 10.0 2.5 2 0 4 3 3
-4295.5 -8717.0 -3.8 74 0 25.1 57.1 10.0 2.5 2 1 4 0 0
-3215.5 -10592.8 -34.2 0 0 38.3 8.7 7.5 2.5 2 0 3 0 0
-4369.3 -12404.8 -30.6 250 0 6.1 42.6 7.5 2.5 2 1 3 5 5
-4341.0 -12395.0 -31.0 252 0 5.9 18.1 7.5 2.5 2 1 3 5 5
-4359.3 -12401.9 -30.7 252 0 6.1 17.6 5.0 2.5 2 1 2 5 5
-4350.1 -12398.3 -30.9 251 0 5.3 16.9 5.0 2.5 2 1 2 5 5
-4346.0 -12440.7 -30.7 71 0 6.2 17.4 5.0 2.5 2 1 2 3 3
-4282.1 -12479.6 -31.0 260 0 7.2 20.0 5.0 2.5 2 1 2 3 3
-4249.6 -12513.2 -31.2 66 0 9.5 23.0 5.0 2.5 2 1 2 2 2
-4230.8 -12529.1 -31.3 157 0 10.0 9.5 2.5 2.5 4 0 1 5 5
-4230.1 -12479.1 -31.6 248 0 10.4 16.3 5.0 2.5 2 1 2 3 3
-4262.8 -12474.6 -31.2 253 0 6.4 14.9 7.5 2.5 4 1 3 1 1
-4253.1 -12462.1 -31.4 249 0 10.8 23.4 10.0 2.5 2 1 4 3 3
-4204.4 -12428.8 -32.2 247 0 11.4 26.4 7.5 2.5 2 1 3 0 0
-4192.1 -12457.8 -32.1 244 0 10.8 9.6 7.5 2.5 2 0 3 0 0
-4187.4 -12421.5 -32.4 247 0 11.8 23.9 7.5 2.5 2 1 3 2 2
-4162.3 -12436.4 -32.5 248 0 11.4 10.3 5.0 2.5 2 0 2 0 0
-4166.7 -12469.4 -32.3 64 0 11.2 19.2 5.0 2.5 2 1 2 5 5
-4154.9 -12448.0 -32.5 246 0 11.1 18.1 5.0 2.5 2 1 2 1 1
-4156.3 -12403.7 -32.3 242 0 10.2 8.7 7.5 2.5 2 0 3 2 2
-4149.4 -12415.9 -32.3 243 0 11.8 21.4 7.5 2.5 2 1 3 5 5
-4103.0 -12401.1 -31.9 334 0 8.9 9.9 5.0 2.5 2 1 2 5 5
-4128.6 -12382.3 -31.9 238 0 10.1 12.7 7.5 2.5 2 1 3 3 3
-4073.6 -12423.6 -31.8 323 0 21.0 12.7 5.0 0.0 0 0 2 3 3
-4091.5 -12472.7 -32.1 64 0 8.6 28.9 2.5 0.0 0 1 1 3 3
-4081.4 -12467.5 -32.0 63 0 8.6 32.2 7.5 2.5 2 1 3 0 0
-4080.2 -12496.3 -32.1 63 0 15.4 23.7 10.0 0.0 0 0 4 0 0
-4143.3 -12476.2 -32.5 67 0 7.4 11.0 7.5 2.5 2 1 3 4 4
-4128.2 -12444.0 -32.3 244 0 12.6 9.4 2.5 2.5 2 0 1 5 5
-4063.4 -12468.8 -31.9 334 0 7.7 8.6 2.5 2.5 2 0 1 1 1
-4069.8 -12453.4 -31.8 333 0 15.1 10.7 2.5 2.5 2 0 1 5 5
-4110.2 -12492.8 -32.5 61 0 6.4 7.0 7.5 2.5 2 1 3 3 3
-4095.6 -12495.1 -32.3 66 0 11.7 15.4 5.0 2.5 2 1 2 1 1
-4424.1 -12494.0 -29.6 70 0 12.8 11.2 10.0 0.0 0 0 4 3 3
-4399.4 -12485.6 -29.9 68 0 12.9 13.0 10.0 2.5 2 1 4 2 2
-4425.4 -12474.5 -29.6 71 0 10.2 7.3 5.0 2.5 2 0 2 1 1
-4476.7 -12396.9 -26.9 164 0 7.7 7.2 5.0 2.5 2 0 2 1 1
-4421.3 -12370.2 -30.3 259 0 10.7 9.9 7.5 2.5 2 0 3 0 0
-4437.4 -12383.0 -29.7 261 0 10.5 9.0 7.5 0.0 0 0 3 4 4
-4462.3 -12382.5 -28.1 254 0 12.1 14.2 5.0 2.5 2 1 2 0 0
-4423.7 -12459.0 -29.9 82 0 11.3 22.2 5.0 2.5 4 1 2 1 1
-4436.7 -12472.6 -29.5 75 0 6.1 57.8 7.5 2.5 2 1 3 2 2
-4464.5 -12401.7 -28.6 163 0 7.4 12.3 2.5 2.5 2 1 1 0 0
-4407.1 -12429.2 -30.1 353 0 8.6 9.2 2.5 2.5 4 1 1 4 4
-4154.7 -11677.7 -26.9 101 0 9.7 34.0 7.5 2.5 2 0 3 5 5
-4197.0 -11609.7 -22.4 291 0 9.8 26.2 7.5 2.5 2 1 3 3 3
-4163.8 -11616.5 -23.5 283 0 10.7 14.7 5.0 2.5 2 0 2 1 1
-4204.3 -11543.9 -18.5 300 0 8.2 47.9 7.5 2.5 2 1 3 0 0
-4240.9 -11549.1 -17.1 205 0 54.2 6.7 7.5 2.5 2 0 3 5 5
-4441.8 -7604.8 -19.4 315 0 160.8 49.3 12.5 0.0 0 0 5 0 0
-5161.4 -6499.4 -20.4 314 0 35.2 71.0 10.0 0.0 0 1 4 5 5
