-6656.0 3606.6 -118.9 180 0 47.8 26.7 10.5 0.0 0 0 3 4 4
-6921.1 4789.9 -115.2 187 0 17.0 113.5 17.5 0.0 0 1 5 2 2
-6865.8 5018.5 -112.7 288 0 39.1 62.5 3.5 0.0 0 1 1 4 4
-5464.4 2936.9 -112.1 322 0 16.9 32.4 12.5 2.5 2 1 5 0 0
-5025.5 4687.6 -62.1 220 0 12.6 11.7 17.5 3.5 2 0 5 5 5
-6333.4 5397.3 -94.6 213 0 9.4 16.1 10.5 0.0 0 1 3 0 0
-6262.0 5453.5 -100.1 191 0 25.0 18.3 14.0 3.5 2 0 4 2 2
-6412.9 5224.2 -100.3 216 0 24.9 34.3 14.0 0.0 0 1 4 0 0
-5094.2 4596.6 -23.9 177 0 49.0 13.4 17.5 3.5 2 0 5 1 1
-5081.7 4625.7 -26.0 178 0 18.2 8.7 7.5 2.5 2 0 3 4 4
-3495.9 8685.3 -123.3 137 0 17.4 19.2 3.5 3.5 2 1 1 0 0
-4545.7 -1524.7 -99.9 92 0 6.2 10.9 10.5 3.5 2 0 3 0 0
-4551.9 -1524.4 -100.5 92 0 6.2 10.9 10.5 3.5 2 0 3 5 5
-4561.1 -1524.1 -101.4 92 0 6.2 10.9 10.5 3.5 2 0 3 1 1
-4570.2 -1518.3 -102.0 182 0 10.9 6.2 10.5 3.5 2 0 3 4 4
-4533.0 -1520.0 -99.0 2 0 10.9 6.2 10.5 3.5 2 0 3 3 3
-4536.0 -1509.5 -97.4 93 0 6.0 11.7 10.5 3.5 2 0 3 1 1
-4520.0 -1464.1 -92.1 2 0 9.8 5.7 10.5 3.5 2 0 3 1 1
-4531.9 -1481.7 -95.2 272 0 5.9 9.8 10.5 3.5 2 1 3 4 4
-4555.7 -1480.7 -97.5 272 0 5.9 9.8 10.5 3.5 2 1 3 5 5
-4566.2 -1496.3 -100.3 273 0 6.3 11.7 10.5 3.5 2 0 3 1 1
-4548.0 -1481.1 -96.8 272 0 6.2 9.8 10.5 3.5 2 1 3 4 4
-4529.6 -1509.8 -96.8 93 0 7.0 11.7 10.5 0.0 0 0 3 5 5
-4538.5 -1458.4 -93.6 272 0 6.3 9.8 10.5 3.5 2 1 3 1 1
-4539.5 -1481.4 -96.0 272 0 5.5 9.8 10.5 3.5 2 1 3 4 4
-4524.0 -1482.0 -94.5 272 0 6.3 9.8 10.5 3.5 2 1 3 5 5
-4573.4 -1461.9 -96.7 182 0 9.8 5.9 10.5 3.5 2 0 3 4 4
-4562.5 -1457.4 -95.9 272 0 6.2 9.8 10.5 0.0 0 1 3 3 3
-4559.8 -1496.6 -99.7 273 0 6.6 11.7 10.5 3.5 2 0 3 5 5
-4553.8 -1502.8 -98.8 183 0 11.7 5.8 10.5 3.5 2 0 3 0 0
-4554.1 -1457.8 -95.1 272 0 5.5 9.8 10.5 3.5 2 1 3 5 5
-4541.8 -1503.4 -98.3 3 0 11.7 6.3 10.5 3.5 2 0 3 4 4
-4530.8 -1458.7 -92.8 272 0 5.5 9.8 10.5 3.5 4 1 3 2 2
-4546.5 -1458.1 -94.4 272 0 5.9 9.8 10.5 3.5 2 1 3 5 5
-4659.3 -1556.3 -119.3 280 0 5.4 16.7 10.5 3.5 4 1 3 3 3
-4534.4 -1596.4 -111.2 212 0 7.3 8.3 10.5 0.0 0 1 3 5 5
-4540.2 -1596.1 -111.4 33 0 7.6 7.9 10.5 3.5 2 1 3 5 5
-4548.7 -1611.3 -115.3 32 0 8.6 7.0 10.5 3.5 2 0 3 3 3
-4535.2 -1586.3 -109.1 28 0 7.2 7.1 10.5 3.5 2 0 3 0 0
-4559.6 -1607.0 -115.4 28 0 8.6 6.1 10.5 3.5 2 0 3 1 1
-4538.2 -1603.9 -112.8 206 0 7.7 8.0 10.5 3.5 4 1 3 1 1
-4545.2 -1620.0 -116.6 207 0 7.6 7.1 10.5 3.5 2 0 3 4 4
-4553.2 -1592.2 -111.8 27 0 7.5 5.8 10.5 3.5 2 0 3 3 3
-4555.3 -1554.5 -105.3 207 0 9.3 9.3 10.5 3.5 2 1 3 4 4
-4521.5 -1570.5 -105.0 209 0 9.3 7.3 10.5 0.0 0 0 3 2 2
-4578.8 -1600.3 -115.8 207 0 7.1 8.8 10.5 0.0 0 1 3 5 5
-4526.8 -1580.9 -107.4 203 0 8.5 7.2 10.5 0.0 0 0 3 1 1
-4560.4 -1563.6 -107.2 207 0 7.1 9.2 10.5 0.0 0 0 3 4 4
-4530.1 -1588.1 -108.9 205 0 7.3 7.2 10.5 3.5 2 0 3 4 4
-4570.1 -1581.5 -112.3 209 0 15.6 10.6 17.5 3.5 2 0 5 3 3
-4547.9 -1582.6 -109.6 28 0 8.6 7.3 10.5 3.5 2 0 3 2 2
-4553.2 -1619.8 -117.4 28 0 8.8 7.7 10.5 0.0 0 0 3 2 2
-4531.3 -1578.9 -107.5 28 0 9.5 7.1 10.5 3.5 2 0 3 4 4
-4544.0 -1602.9 -113.2 26 0 8.1 7.7 10.5 0.0 0 0 3 2 2
-4563.6 -1569.6 -108.6 210 0 6.5 9.2 10.5 3.5 2 0 3 2 2
-4543.5 -1575.0 -107.8 32 0 8.8 7.3 10.5 3.5 2 0 3 3 3
-4541.3 -1612.9 -115.0 211 0 8.1 7.1 10.5 3.5 2 0 3 5 5
-4576.0 -1593.3 -114.3 210 0 6.9 9.7 10.5 3.5 2 1 3 3 3
-5112.5 4459.6 -56.7 217 0 11.7 23.9 17.5 3.5 2 1 5 5 5
-3572.6 8120.4 -42.9 339 0 18.7 19.5 17.5 3.5 2 1 5 2 2
-4071.5 -947.2 -96.9 180 0 10.3 6.2 10.5 3.5 4 0 3 4 4
-1962.9 -10405.7 -131.4 360 0 29.8 15.0 14.0 3.5 2 0 4 1 1
-3812.5 8333.3 -77.5 333 0 16.1 16.1 38.5 0.0 0 0 11 4 4
-3724.2 8308.6 -74.9 275 0 11.8 20.5 38.5 0.0 0 0 11 4 4
-1953.0 -10114.9 -126.9 261 0 56.5 10.6 14.0 3.5 2 0 4 1 1
-1985.3 -10145.1 -127.2 80 0 10.9 24.3 14.0 3.5 2 1 4 3 3
-1954.0 -10086.9 -127.8 80 0 24.4 10.8 14.0 0.0 0 0 4 4 4
-1977.0 -10091.0 -128.2 80 0 17.9 11.2 14.0 3.5 4 0 4 5 5
-2001.3 -10082.4 -128.9 172 0 23.7 10.5 14.0 3.5 2 0 4 2 2
-1949.0 -10138.9 -126.5 81 0 57.0 10.8 14.0 3.5 2 0 4 2 2
-1883.9 -10199.3 -125.7 1 0 33.6 10.9 14.0 3.5 2 0 4 3 3
-1907.3 -10157.9 -125.2 182 0 34.8 10.9 14.0 3.5 2 0 4 3 3
-1910.1 -10198.1 -126.1 182 0 33.5 10.6 14.0 3.5 2 0 4 3 3
-1868.9 -10203.2 -125.3 4 0 28.3 10.8 14.0 3.5 2 0 4 0 0
-2000.8 -10049.9 -129.5 263 1 10.3 18.0 14.0 3.5 2 1 4 5 5
-1990.2 -10073.7 -128.7 171 0 10.4 29.3 14.0 3.5 2 1 4 0 0
-1979.3 -10046.2 -129.3 261 0 29.9 11.1 14.0 3.5 4 0 4 2 2
-3337.6 -2075.8 -118.5 181 0 57.0 23.3 17.5 3.5 2 0 5 4 4
-3391.9 -2035.1 -120.4 90 0 88.8 38.3 17.5 0.0 0 0 5 0 0
-3336.5 -2116.5 -119.8 180 0 17.1 23.4 17.5 3.5 2 1 5 4 4
-3515.6 -1801.1 -95.9 180 0 25.2 65.9 17.5 0.0 0 1 5 1 1
-3325.0 -2035.4 -115.1 90 0 24.6 38.3 17.5 0.0 0 1 5 2 2
-3583.9 -1772.5 -114.6 269 0 27.3 77.9 17.5 0.0 0 1 5 0 0
-3137.1 -2124.3 -123.7 180 0 26.2 46.0 17.5 0.0 0 1 5 2 2
-3225.4 -1971.9 -123.7 0 0 20.4 20.7 17.5 3.5 2 1 5 1 1
-1984.2 -10027.6 -130.3 352 0 24.5 10.6 14.0 3.5 2 0 4 1 1
-1996.6 -10036.9 -130.3 351 0 10.0 18.8 10.5 3.5 2 1 3 2 2
-1245.5 9255.8 -12.0 178 0 21.2 10.2 14.0 0.0 0 0 4 0 0
-1362.1 9270.7 0.1 8 0 45.7 13.3 17.5 3.5 2 0 5 5 5
-1387.5 9326.8 -25.6 299 0 44.1 13.1 17.5 3.5 2 0 5 2 2
-1469.0 9413.3 -94.8 324 0 43.6 13.0 17.5 3.5 2 0 5 4 4
-1286.6 9236.3 -12.2 199 0 34.4 10.2 14.0 3.5 2 0 4 4 4
-1251.7 9364.0 -13.9 256 0 10.9 33.9 17.5 3.5 4 1 5 4 4
-1314.9 9336.1 -6.5 176 0 33.8 10.6 17.5 0.0 0 0 5 4 4
-1431.5 9357.8 -55.4 314 0 44.3 12.6 17.5 3.5 2 0 5 4 4
-1242.2 9292.1 -8.9 90 0 10.0 19.8 17.5 3.5 2 1 5 1 1
-6885.7 3263.6 -92.9 110 0 14.3 25.0 12.5 0.0 0 1 5 0 0
-6777.9 3249.4 -84.3 129 0 12.1 25.1 17.5 0.0 0 1 5 0 0
-6718.0 3270.0 -93.7 303 0 12.9 24.6 17.5 0.0 0 1 5 3 3
-6863.1 3242.0 -89.3 180 0 15.1 49.6 17.5 3.5 2 1 5 2 2
-6904.1 3178.7 -104.7 24 0 19.4 20.9 17.5 0.0 0 1 5 1 1
-6760.5 3077.3 -83.3 87 0 13.2 15.2 7.5 2.5 2 1 3 1 1
-6847.8 2379.2 -97.2 14 0 7.5 20.6 10.5 3.5 2 1 3 2 2
-6854.6 2362.3 -95.4 13 0 15.4 14.9 14.0 0.0 0 0 4 2 2
-6868.4 2339.2 -97.5 284 0 18.2 27.6 14.0 3.5 2 1 4 4 4
-6882.3 2472.6 -96.9 37 0 27.9 18.5 10.0 2.5 2 0 4 1 1
-6901.2 2469.6 -95.6 127 0 8.5 26.6 7.5 2.5 2 1 3 1 1
-6915.2 2371.1 -98.2 196 0 25.1 9.0 7.5 2.5 2 0 3 2 2
-6828.8 2322.1 -93.5 283 0 23.9 14.0 10.0 2.5 2 0 4 2 2
-6842.5 2337.8 -96.3 103 0 10.4 26.7 15.0 0.0 0 1 6 0 0
-6886.8 2449.6 -96.3 216 0 5.1 18.1 10.5 3.5 2 1 3 4 4
-6881.1 2440.5 -95.1 308 0 9.3 15.2 5.0 0.0 0 1 2 3 3
-6840.2 2446.1 -102.1 22 0 13.2 17.6 10.0 2.5 2 1 4 4 4
-6866.6 2458.7 -98.0 304 0 5.0 15.3 5.0 2.5 2 1 2 1 1
-6901.9 2412.6 -95.1 126 0 18.9 18.4 10.0 2.5 2 0 4 5 5
-6801.9 2410.1 -104.7 14 0 12.3 15.5 2.5 0.0 0 1 1 0 0
-6850.7 2431.6 -100.1 36 0 10.1 17.8 14.0 3.5 2 1 4 5 5
-6898.3 2411.4 -94.3 127 0 7.3 15.8 5.0 2.5 2 1 2 2 2
-6866.2 2461.3 -99.3 126 0 9.8 6.4 2.5 2.5 4 0 1 3 3
-6891.0 2427.9 -95.7 126 0 18.4 16.6 15.0 0.0 0 0 6 1 1
-6838.4 2411.1 -104.7 125 0 20.6 39.4 15.0 0.0 0 1 6 3 3
-6877.5 2446.6 -98.7 126 0 18.3 17.0 10.0 2.5 2 0 4 5 5
-6867.7 2461.1 -100.2 126 0 17.6 11.9 10.0 2.5 2 0 4 5 5
-6724.2 2022.2 -113.4 356 0 15.8 24.2 17.5 3.5 2 1 5 4 4
-6721.5 1982.7 -115.4 357 0 14.9 24.9 17.5 0.0 0 1 5 0 0
-6758.4 2000.4 -115.4 177 0 23.7 35.9 17.5 0.0 0 1 5 4 4
-6761.2 2037.3 -112.3 177 0 18.4 36.7 17.5 0.0 0 1 5 5 5
-6733.8 2089.1 -109.5 267 0 26.6 24.9 17.5 0.0 0 0 5 2 2
-1207.5 9161.0 -32.3 309 0 13.1 22.3 17.5 3.5 2 1 5 0 0
-1157.8 9145.3 -43.1 204 0 36.6 11.2 17.5 3.5 2 0 5 5 5
-1113.4 9288.1 -20.4 90 0 12.1 6.6 10.5 3.5 4 0 3 4 4
-1926.2 -10007.0 -129.1 304 0 14.3 38.3 14.0 3.5 2 1 4 3 3
-1979.4 -10019.9 -129.9 172 1 10.6 10.7 14.0 3.5 2 1 4 0 0
-1913.2 -10132.3 -125.7 81 0 10.6 23.1 14.0 3.5 2 1 4 0 0
-2747.0 -10086.0 -130.1 55 0 4.5 17.6 7.0 3.5 2 1 2 2 2
-6328.4 2344.1 -79.7 98 0 17.1 32.5 14.0 0.0 0 1 4 2 2
-6896.7 1387.7 -82.4 49 0 7.8 17.0 3.5 3.5 2 1 1 3 3
-6358.0 2529.4 -94.6 182 0 25.4 43.0 14.0 0.0 0 1 4 3 3
-6370.3 2596.8 -98.1 1 0 31.3 18.9 14.0 3.5 2 0 4 0 0
-5034.5 4641.4 -26.0 154 0 14.2 4.9 10.5 0.0 0 0 3 1 1
-5045.4 4702.1 -73.3 180 0 12.7 17.6 17.5 0.0 0 1 5 5 5
-5365.6 4779.7 9.5 109 0 13.8 40.3 17.5 3.5 2 1 5 5 5
-5534.7 7388.8 -103.1 32 0 38.1 8.2 10.5 3.5 2 0 3 4 4
-5563.9 7346.9 -103.6 35 0 19.8 4.5 10.5 3.5 2 0 3 0 0
-5576.1 7332.0 -102.8 34 0 7.3 5.0 10.5 3.5 2 0 3 5 5
-5312.5 7526.6 -115.6 238 0 3.9 3.3 10.5 3.5 2 0 3 5 5
-5654.1 7125.7 -108.2 24 0 56.8 16.0 17.5 3.5 2 0 5 3 3
-5625.9 7324.9 -97.4 105 0 9.4 7.1 10.5 0.0 0 0 3 0 0
-5578.5 7318.7 -105.1 34 0 6.7 11.3 10.5 3.5 2 1 3 2 2
-5693.4 7092.2 -84.4 132 0 4.3 17.6 10.5 0.0 0 1 3 4 4
-5351.0 7506.3 -114.3 235 0 15.2 9.1 10.5 3.5 2 0 3 0 0
-5738.9 7242.1 -74.4 122 0 11.4 11.4 17.5 3.5 2 1 5 2 2
-3501.5 8491.5 -92.6 139 0 9.8 30.9 10.5 3.5 2 1 3 4 4
-3490.8 8482.4 -90.3 137 0 11.4 17.3 17.5 0.0 0 1 5 4 4
-3460.1 8514.5 -91.3 241 0 9.3 8.5 10.5 3.5 2 0 3 1 1
-3536.1 8653.8 -116.0 137 0 32.0 17.6 5.0 2.5 2 0 2 2 2
-3799.2 8358.3 -80.5 14 0 12.8 20.9 35.0 0.0 0 0 10 4 4
-3784.4 8433.3 -85.4 242 0 16.0 16.0 35.0 0.0 0 0 10 5 5
-3676.4 8454.8 -89.6 241 0 10.8 15.9 31.5 0.0 0 0 9 1 1
-3585.0 8695.4 -102.6 45 0 87.3 14.9 17.5 3.5 2 0 5 1 1
-3505.4 8603.7 -109.0 135 1 12.1 15.7 28.0 0.0 0 0 8 0 0
-3456.4 8633.9 -113.4 46 1 13.9 14.9 21.0 0.0 0 0 6 5 5
-3799.7 8474.9 -88.4 63 0 8.2 16.0 10.5 0.0 0 0 3 5 5
-3542.4 8712.1 -108.0 317 0 10.7 35.0 15.0 0.0 0 1 6 3 3
-5279.3 4879.9 -97.4 8 0 11.4 26.3 17.5 3.5 2 1 5 3 3
-5242.1 4804.1 -8.7 21 0 33.3 13.9 14.0 3.5 4 0 4 4 4
-6315.4 5444.1 -103.0 237 0 29.8 17.5 17.5 3.5 2 0 5 4 4
-6428.5 5303.9 -105.0 177 0 7.2 7.4 10.5 3.5 4 1 3 4 4
-4944.4 4627.3 -88.8 151 0 57.4 46.2 17.5 0.0 0 0 5 0 0
-6472.9 5398.6 -105.3 44 0 36.5 11.2 14.0 3.5 2 0 4 1 1
-6288.8 5309.4 -85.6 190 0 13.7 8.8 10.5 3.5 4 0 3 3 3
-6491.9 5258.8 -106.7 68 0 15.0 21.4 17.5 0.0 0 1 5 2 2
-6427.0 5384.7 -101.9 151 0 5.7 10.9 10.5 3.5 2 1 3 3 3
-5539.3 4352.5 -66.8 273 0 10.8 25.7 12.5 2.5 2 1 5 1 1
-2364.7 332.7 -120.9 288 0 13.6 23.7 21.0 0.0 0 1 6 1 1
-2337.0 160.0 -120.4 267 0 7.3 28.1 10.5 3.5 2 1 3 2 2
-2358.2 152.8 -120.0 266 0 18.0 27.7 17.5 3.5 2 1 5 0 0
-2957.1 42.5 -48.1 131 0 7.1 11.7 10.5 3.5 2 1 3 3 3
-2378.0 100.1 -118.7 88 0 18.6 44.6 17.5 3.5 2 1 5 4 4
-1528.5 507.7 -112.9 270 0 6.9 9.1 10.5 3.5 2 1 3 5 5
-1565.0 506.6 -120.0 275 0 8.5 7.6 10.5 0.0 0 0 3 0 0
-1549.5 501.6 -117.0 5 0 7.7 8.6 10.5 3.5 2 1 3 4 4
-2430.0 120.0 -109.0 177 0 13.6 11.0 17.5 3.5 2 0 5 3 3
-1576.4 507.5 -121.4 275 0 8.6 7.6 10.5 3.5 2 0 3 2 2
-5776.8 11372.1 -117.4 98 0 12.6 22.7 17.5 3.5 2 1 5 0 0
-6702.9 2465.2 -116.6 283 0 18.5 5.9 10.5 3.5 2 0 3 3 3
-6710.9 2459.1 -115.9 283 0 4.9 4.2 10.5 3.5 4 0 3 4 4
-6687.9 2460.8 -116.8 283 0 7.3 5.7 10.5 0.0 0 0 3 3 3
-6788.3 2650.8 -99.2 294 0 13.1 22.3 14.0 0.0 0 1 4 5 5
-6786.4 2660.9 -98.7 14 0 13.7 17.7 14.0 3.5 2 1 4 1 1
-6733.5 3901.8 -107.2 189 0 27.6 19.5 17.5 3.5 2 0 5 1 1
-6702.9 3896.9 -107.7 9 0 27.6 11.4 17.5 3.5 2 0 5 3 3
-6912.9 2397.6 -96.9 126 0 19.0 18.4 14.0 3.5 2 0 4 4 4
-6894.1 2385.6 -95.0 130 0 16.7 10.9 14.0 3.5 2 0 4 1 1
-6869.4 2403.8 -96.0 23 0 13.9 15.8 14.0 0.0 0 1 4 3 3
-6906.4 2504.9 -92.9 208 0 11.5 6.5 7.5 2.5 4 0 3 3 3
-6917.3 2517.8 -93.0 308 0 33.3 18.1 10.0 0.0 0 0 4 5 5
-6909.3 2477.0 -94.2 127 0 6.1 26.9 10.5 3.5 2 1 3 4 4
-6880.7 2517.4 -101.2 128 0 19.2 42.2 17.5 3.5 2 1 5 1 1
-6887.5 2549.4 -98.4 218 0 38.5 12.3 17.5 0.0 0 0 5 4 4
-6880.5 2517.0 -100.1 128 0 19.1 16.0 17.5 3.5 2 0 5 4 4
-6774.8 2489.5 -112.4 307 0 16.9 12.2 2.5 0.0 0 0 1 5 5
-6700.0 2779.6 -114.1 189 0 10.1 7.3 10.5 3.5 2 0 3 4 4
-6695.5 2802.8 -114.0 190 0 16.1 7.3 10.5 3.5 2 0 3 1 1
-6729.8 3954.1 -104.7 192 0 26.7 36.7 17.5 0.0 0 1 5 1 1
-6772.3 4006.2 -84.2 97 0 15.4 33.3 10.0 0.0 0 1 4 0 0
-6756.3 4034.1 -84.1 9 0 33.4 25.1 10.0 0.0 0 0 4 2 2
-6733.4 3929.1 -105.7 192 0 22.1 35.2 17.5 0.0 0 1 5 3 3
-6733.3 3929.3 -105.2 192 0 21.8 28.5 17.5 0.0 0 1 5 2 2
-6679.1 3765.9 -116.0 341 0 26.2 7.7 10.5 3.5 2 0 3 5 5
-6723.8 3815.7 -113.1 182 0 30.8 15.1 45.5 0.0 0 0 13 4 4
-6729.3 3954.1 -103.7 192 0 26.7 30.4 17.5 0.0 0 1 5 0 0
-6671.5 3742.8 -117.5 341 0 19.3 5.9 10.5 3.5 2 0 3 0 0
-6725.6 3981.0 -100.0 192 0 26.9 38.2 17.5 0.0 0 1 5 5 5
-6700.6 4015.1 -93.8 282 0 26.8 21.8 17.5 0.0 0 0 5 3 3
-6724.8 3979.1 -99.1 191 0 21.3 33.5 17.5 0.0 0 1 5 3 3
-6699.0 4015.0 -95.1 282 0 35.5 24.0 17.5 0.0 0 0 5 2 2
-6671.5 4086.5 -97.9 4 0 22.9 35.6 14.0 0.0 0 1 4 2 2
-6708.3 4114.0 -103.8 184 0 19.3 38.5 14.0 0.0 0 1 4 1 1
-6689.1 4147.2 -106.7 271 0 38.1 23.7 14.0 0.0 0 0 4 2 2
-6692.0 4173.8 -103.2 83 0 33.2 23.0 10.0 0.0 0 0 4 2 2
-6799.0 4235.8 -90.3 159 0 27.5 24.7 14.0 0.0 0 0 4 4 4
-6713.6 4266.2 -102.0 253 0 40.8 22.9 14.0 0.0 0 0 4 5 5
-6767.8 4153.2 -79.7 133 0 16.7 22.3 14.0 3.5 2 1 4 0 0
-6788.1 4255.0 -90.2 249 0 14.5 28.0 14.0 3.5 4 1 4 2 2
-6684.6 4236.7 -102.3 346 0 22.6 37.1 14.0 0.0 0 1 4 1 1
-2034.8 2173.7 -94.4 97 0 8.1 9.4 10.5 0.0 0 1 3 2 2
-2073.0 2139.7 -85.7 269 0 9.2 9.6 10.5 3.5 2 1 3 4 4
-2067.9 2158.7 -89.4 99 0 10.7 8.8 10.5 3.5 2 0 3 3 3
-2050.9 2169.7 -92.9 95 0 12.0 34.6 17.5 3.5 4 1 5 4 4
-2025.2 2166.1 -93.5 257 0 8.6 9.4 10.5 0.0 0 1 3 1 1
-2031.3 2208.0 -95.4 278 0 9.5 8.4 10.5 3.5 2 0 3 3 3
-1998.5 2175.1 -97.2 262 0 10.5 6.1 10.5 3.5 2 0 3 0 0
-5350.4 6169.9 -116.7 51 0 13.3 22.4 14.0 3.5 2 0 4 1 1
-5286.2 6454.4 -105.6 9 0 26.2 17.0 10.0 2.5 2 0 4 1 1
-5345.4 6172.2 -111.3 120 0 9.4 23.4 10.5 3.5 2 0 3 5 5
-6765.6 -8853.5 -127.7 192 0 12.4 12.7 14.0 3.5 2 1 4 2 2
-6742.1 -8855.2 -126.1 10 0 25.2 8.7 10.5 3.5 2 0 3 1 1
-6761.8 -8835.5 -131.4 174 0 13.1 20.8 14.0 3.5 2 1 4 5 5
-6678.1 4198.3 -102.4 348 0 17.2 29.9 10.0 2.5 2 1 4 0 0
-6802.1 4009.8 -82.9 12 0 29.9 48.0 17.5 0.0 0 1 5 0 0
-6811.3 4263.8 -91.3 153 0 13.7 24.2 17.5 3.5 2 1 5 5 5
-6820.6 4316.9 -89.7 243 0 17.1 26.9 17.5 3.5 2 1 5 0 0
-6818.5 4277.8 -90.8 153 0 17.3 24.5 17.5 3.5 2 1 5 1 1
-6833.9 4196.1 -74.5 176 0 69.5 29.1 17.5 0.0 0 0 5 4 4
-6839.8 4063.6 -67.4 189 0 39.2 46.4 17.5 0.0 0 1 5 1 1
-6822.3 4316.2 -89.7 243 0 20.4 27.1 17.5 0.0 0 1 5 2 2
-6793.7 4265.0 -91.2 63 0 15.3 13.9 17.5 3.5 2 0 5 0 0
-6796.9 4288.8 -90.7 333 0 17.1 16.2 17.5 3.5 2 0 5 2 2
-6870.9 4564.8 -113.1 62 0 10.0 19.3 14.0 3.5 2 1 4 5 5
-2247.5 2096.2 -118.0 73 0 13.5 12.6 5.0 2.5 2 0 2 0 0
-4056.1 -1740.5 -129.8 243 0 8.6 12.3 10.5 3.5 2 1 3 2 2
-1931.9 -10155.4 -125.7 261 0 6.6 9.1 10.5 3.5 2 1 3 3 3
-5621.7 4909.9 1.4 172 0 7.2 15.5 10.5 3.5 2 1 3 3 3
-6043.4 4192.8 -106.1 232 0 8.7 21.4 10.5 3.5 2 1 3 0 0
-5629.9 4943.8 -1.0 78 0 4.8 8.2 10.5 3.5 2 1 3 2 2
-6125.1 4025.3 -119.6 225 0 21.9 22.8 17.5 3.5 2 1 5 1 1
-6053.3 4183.5 -110.7 232 0 16.9 41.7 17.5 3.5 2 1 5 5 5
-6272.9 4109.4 -106.5 319 0 68.4 29.3 17.5 0.0 0 0 5 4 4
-6075.7 4164.9 -111.4 232 0 18.0 46.8 17.5 3.5 2 1 5 1 1
-6015.7 4221.2 -108.0 232 0 15.7 31.0 17.5 3.5 2 1 5 1 1
-6064.7 4174.9 -111.8 232 0 10.3 48.6 17.5 3.5 4 1 5 4 4
-6033.2 4202.7 -111.8 232 0 17.9 46.2 17.5 3.5 2 1 5 4 4
-6350.5 4134.1 -102.8 229 0 79.5 35.2 42.0 0.0 0 0 12 2 2
-5555.6 7511.4 -102.2 69 0 15.5 22.8 17.5 0.0 0 1 5 4 4
-5567.0 7547.4 -98.6 339 0 19.4 16.7 17.5 0.0 0 0 5 3 3
-5583.5 7584.1 -94.1 252 0 4.7 9.0 10.5 0.0 0 1 3 4 4
-5556.2 7572.8 -96.2 342 0 12.1 42.2 10.5 3.5 2 0 3 5 5
-5544.2 7591.4 -95.9 336 0 42.6 7.2 7.0 3.5 2 0 2 1 1
-5458.0 7528.5 -103.7 309 0 6.0 10.0 3.5 3.5 2 1 1 5 5
-5513.3 7509.0 -105.8 157 0 28.9 6.5 3.5 0.0 0 0 1 5 5
-5324.1 7652.2 -86.4 76 0 6.4 16.4 10.5 0.0 0 0 3 5 5
-5345.9 7655.8 -82.4 76 0 7.2 16.4 10.5 0.0 0 0 3 0 0
-5337.1 7662.0 -85.9 167 0 8.6 7.1 10.5 0.0 0 0 3 3 3
-5339.3 7657.4 -83.0 76 0 6.4 16.4 10.5 0.0 0 0 3 4 4
-5711.0 7844.7 -69.8 160 0 16.6 10.2 31.5 0.0 0 0 9 5 5
-5734.0 7818.9 -57.7 338 0 5.8 8.9 10.5 0.0 0 0 3 4 4
-5730.2 7820.2 -59.2 338 0 21.6 12.9 28.0 0.0 0 0 8 0 0
-5748.9 7878.9 -58.0 351 0 5.8 8.9 10.5 0.0 0 0 3 2 2
-5715.3 7767.5 -59.9 286 0 4.7 7.2 10.5 0.0 0 0 3 1 1
-5554.4 7708.2 -77.1 347 0 8.8 7.2 10.5 0.0 0 0 3 0 0
-5626.0 7780.0 -75.0 161 0 5.2 10.3 10.5 0.0 0 1 3 2 2
-5590.9 7746.6 -74.5 179 0 5.2 10.3 10.5 0.0 0 1 3 1 1
-5538.8 7706.5 -82.9 347 0 12.6 39.2 28.0 0.0 0 1 8 5 5
-5655.3 7893.1 -54.8 125 0 9.3 11.0 10.5 0.0 0 1 3 4 4
-5659.8 7892.9 -55.7 133 0 24.7 19.1 31.5 0.0 0 0 9 2 2
-5502.6 7745.2 -55.4 48 0 8.3 21.8 10.5 0.0 0 1 3 0 0
-5654.7 7665.5 -72.8 58 0 3.7 8.4 10.5 3.5 2 1 3 3 3
-3863.2 8895.3 -95.4 55 0 12.6 7.4 10.5 3.5 4 0 3 5 5
-3866.0 8906.4 -96.7 56 0 12.7 7.6 10.5 3.5 2 0 3 0 0
-3874.9 8930.0 -97.8 246 0 23.6 9.3 10.5 3.5 2 0 3 0 0
-3878.9 8939.7 -98.0 246 0 23.6 9.3 10.5 3.5 2 0 3 3 3
-3899.6 8884.6 -95.1 120 0 8.3 17.9 10.5 0.0 0 1 3 5 5
-3921.3 8914.1 -92.6 300 0 8.3 17.9 10.5 3.5 2 1 3 2 2
-3913.4 8877.7 -93.2 33 0 8.4 17.9 10.5 3.5 2 1 3 5 5
-3909.5 8924.6 -96.0 209 0 8.4 17.9 10.5 0.0 0 1 3 5 5
-3847.4 8864.3 -92.3 317 0 12.0 18.1 16.0 3.5 2 1 4 2 2
-4130.8 8987.1 -63.2 47 0 21.8 13.6 17.5 3.5 2 0 5 0 0
-2589.0 9162.7 -107.2 63 0 14.3 20.9 12.5 2.5 4 1 5 0 0
-1872.9 9266.5 -100.2 92 0 33.7 17.4 17.5 0.0 0 0 5 2 2
-1928.9 9249.8 -57.7 241 0 15.3 9.0 10.5 3.5 2 0 3 5 5
-1878.2 9249.3 -90.1 273 0 25.9 21.1 17.5 3.5 2 0 5 3 3
-6011.9 5004.0 123.5 206 0 5.2 14.5 12.0 3.5 2 1 3 1 1
-4589.3 12890.2 -132.4 328 0 28.9 11.0 17.5 3.5 2 0 5 3 3
-3750.8 12229.1 -15.4 57 0 4.1 5.5 10.5 3.5 2 1 3 4 4
-2401.5 12389.5 -17.0 98 0 27.8 48.8 14.0 0.0 0 1 4 5 5
-5302.8 11348.4 -105.6 108 0 8.4 14.0 10.5 3.5 2 1 3 0 0
-6200.9 10001.7 -111.5 335 0 5.5 13.2 7.5 2.5 2 1 3 2 2
-6198.2 9971.2 -106.9 66 0 11.6 4.8 7.5 2.5 2 0 3 3 3
-6542.4 12517.7 -132.7 147 0 16.4 7.6 10.5 3.5 2 0 3 4 4
-3277.0 8483.9 -94.6 341 0 6.4 12.1 12.0 3.5 2 1 3 4 4
-4214.7 7840.9 -20.7 344 0 7.9 8.3 10.5 3.5 2 1 3 0 0
-3880.4 8054.3 -37.9 77 0 45.9 19.3 14.0 3.5 4 0 4 1 1
-4650.8 12886.3 -133.2 321 0 5.4 8.5 10.5 3.5 2 0 3 1 1
-3313.8 8240.3 -61.0 247 0 10.0 11.4 17.5 0.0 0 1 5 4 4
-1652.2 9057.1 -71.3 88 0 37.0 10.1 14.0 3.5 2 0 4 3 3
-1365.7 9166.5 -29.2 217 0 33.7 15.8 14.0 3.5 2 0 4 4 4
-1819.7 9201.5 -40.2 260 0 13.0 19.6 17.5 3.5 2 1 5 5 5
-1704.5 9163.6 -39.7 86 0 10.0 37.2 10.5 3.5 2 1 3 0 0
-1730.4 9181.0 -51.8 86 0 10.0 37.2 10.5 3.5 2 1 3 0 0
-1623.8 9157.4 -34.0 104 0 37.0 10.1 14.0 0.0 0 0 4 1 1
-1584.8 9149.4 -33.6 104 0 37.0 10.1 14.0 3.5 2 0 4 4 4
-1544.6 9140.4 -33.7 104 0 37.0 10.1 14.0 3.5 2 0 4 2 2
-1499.7 9135.0 -33.1 104 0 37.0 10.1 14.0 3.5 2 0 4 2 2
-1459.5 9128.4 -34.3 104 0 37.0 10.1 14.0 3.5 2 0 4 3 3
-1419.5 9122.3 -36.2 104 0 37.0 10.1 14.0 3.5 2 0 4 3 3
-1695.0 9055.2 -79.8 88 0 37.0 10.1 14.0 3.5 4 0 4 5 5
-1611.5 9059.5 -66.4 88 0 37.0 10.1 14.0 3.5 2 0 4 1 1
-1572.5 9060.9 -62.9 88 0 37.0 10.1 14.0 3.5 4 0 4 0 0
-1531.8 9063.2 -62.2 88 0 37.0 10.1 14.0 3.5 2 0 4 2 2
-1491.3 9064.9 -60.4 88 0 37.0 10.1 14.0 3.5 4 0 4 5 5
-1840.8 9205.8 -45.5 260 0 8.5 11.6 10.5 3.5 4 1 3 2 2
-1843.3 9219.9 -60.1 260 0 8.5 11.6 10.5 3.5 2 1 3 2 2
-1665.4 9166.0 -36.6 88 0 19.1 18.7 14.0 3.5 2 0 4 5 5
-6716.0 2862.5 -109.3 20 0 15.6 24.6 14.0 0.0 0 1 4 2 2
-6728.6 2826.8 -108.6 63 0 14.2 24.4 14.0 0.0 0 1 4 1 1
-6851.9 2933.0 -81.2 102 0 30.5 15.3 17.5 0.0 0 0 5 4 4
-6758.8 2865.2 -102.2 155 0 18.1 13.5 14.0 3.5 2 0 4 2 2
-6789.0 2945.9 -84.5 86 0 13.0 23.2 17.5 3.5 2 1 5 0 0
-6718.0 2952.6 -100.7 42 0 12.5 19.9 17.5 3.5 2 1 5 5 5
-6497.6 3934.2 -108.7 169 0 18.1 20.6 10.0 2.5 2 0 4 2 2
-6795.9 4478.6 -111.8 172 0 23.8 41.3 17.5 0.0 0 1 5 3 3
-6762.8 4447.9 -107.4 259 0 52.1 28.6 14.0 0.0 0 0 4 0 0
-6733.5 4413.6 -101.4 346 0 22.4 26.6 14.0 3.5 2 1 4 4 4
-6712.8 4348.9 -97.8 344 0 26.7 32.0 14.0 0.0 0 1 4 2 2
-6741.7 4485.1 -111.6 353 0 34.4 55.1 17.5 0.0 0 1 5 1 1
-6496.0 3969.2 -106.7 200 0 14.3 20.4 10.0 2.5 2 0 4 1 1
-6725.4 4414.8 -104.5 348 0 22.6 44.8 14.0 3.5 2 1 4 2 2
-6453.3 4074.1 -98.5 88 0 39.7 36.3 14.0 0.0 0 0 4 3 3
-6449.3 4010.7 -105.2 17 0 22.5 18.6 10.0 2.5 2 0 4 5 5
-6492.0 3986.0 -105.2 190 0 24.2 20.2 12.5 2.5 2 0 5 1 1
-6460.5 4110.1 -95.9 270 0 15.0 34.4 14.0 0.0 0 1 4 0 0
-6448.9 4071.3 -102.3 262 0 18.7 24.7 12.5 2.5 2 0 5 5 5
-6881.9 4457.7 -95.5 331 0 32.7 39.8 17.5 0.0 0 1 5 3 3
-6191.5 4194.3 -77.1 33 0 16.5 14.1 14.0 3.5 4 0 4 4 4
-6184.1 4161.0 -84.5 33 0 51.6 13.8 14.0 3.5 4 0 4 5 5
-6205.1 4176.1 -77.7 34 0 14.2 10.6 14.0 3.5 2 0 4 4 4
-6867.5 4433.7 -92.2 331 0 21.1 41.1 17.5 0.0 0 1 5 5 5
-6868.4 4433.5 -92.5 330 0 21.1 23.3 17.5 0.0 0 1 5 5 5
-6837.5 4505.6 -104.7 331 0 46.0 25.0 14.0 0.0 0 0 4 1 1
-6853.7 4539.4 -108.6 337 0 26.4 25.2 14.0 0.0 0 0 4 3 3
-6805.1 4444.3 -97.4 332 0 27.0 26.1 14.0 0.0 0 0 4 1 1
-6827.7 4431.9 -96.0 153 0 26.9 19.2 14.0 3.5 2 0 4 4 4
-6874.3 4528.5 -106.3 153 0 23.8 15.4 14.0 0.0 0 0 4 1 1
-6859.5 4493.8 -103.2 152 0 46.0 18.5 14.0 3.5 2 0 4 3 3
-6879.2 4554.1 -108.2 241 0 18.3 12.6 14.0 3.5 2 0 4 2 2
-6391.4 3352.2 -119.6 158 0 12.2 36.7 14.0 3.5 4 1 4 4 4
-6400.4 3365.5 -118.5 160 0 5.5 70.4 10.5 3.5 2 1 3 2 2
-6342.8 2877.6 -126.0 217 0 4.9 10.3 10.5 3.5 4 1 3 3 3
-6558.2 3860.9 -95.6 84 0 17.0 33.8 14.0 3.5 2 1 4 4 4
-6535.6 3916.4 -95.9 14 0 11.0 26.3 14.0 0.0 0 1 4 1 1
-6552.1 4074.3 -98.9 89 0 51.7 29.0 14.0 0.0 0 0 4 1 1
-6558.3 3957.7 -97.1 269 0 55.4 24.8 14.0 3.5 4 0 4 5 5
-6541.3 4243.5 -103.8 276 0 16.8 15.2 14.0 3.5 2 0 4 1 1
-6582.0 4237.0 -105.5 269 0 11.1 5.7 10.5 3.5 2 0 3 4 4
-6554.4 4208.9 -104.0 274 0 13.3 28.6 14.0 3.5 2 1 4 4 4
-6544.0 4111.3 -96.4 92 0 11.5 27.9 14.0 3.5 2 1 4 5 5
-6575.0 4139.9 -102.7 268 0 17.0 29.4 14.0 3.5 2 1 4 1 1
-6631.8 4222.2 -107.6 88 0 13.3 12.1 14.0 3.5 2 0 4 1 1
-6812.1 4501.6 -107.4 172 0 9.3 5.5 10.5 3.5 2 0 3 2 2
-6764.8 4370.4 -91.2 332 0 28.4 27.4 14.0 0.0 0 0 4 5 5
-6802.1 4382.6 -90.7 152 0 27.8 18.5 14.0 3.5 2 0 4 5 5
-6778.5 4395.5 -92.5 332 0 27.9 27.0 14.0 0.0 0 0 4 4 4
-6816.6 4410.0 -92.6 152 0 22.1 16.2 14.0 3.5 2 0 4 1 1
-6788.7 4357.4 -90.6 151 0 28.6 18.7 14.0 3.5 4 0 4 3 3
-6791.3 4420.2 -95.1 332 0 27.9 27.1 14.0 0.0 0 0 4 1 1
-1588.0 508.3 -121.7 274 0 8.6 7.6 10.5 3.5 4 0 3 5 5
-1554.7 481.1 -113.4 144 0 4.9 7.6 10.5 3.5 2 1 3 4 4
-1539.9 472.2 -107.5 141 0 5.7 6.1 10.5 3.5 2 1 3 1 1
-1500.9 499.4 -105.4 272 0 6.3 9.8 10.5 3.5 2 1 3 2 2
-6086.4 4144.2 -110.2 230 0 15.9 34.2 17.5 3.5 2 1 5 0 0
-6095.0 4131.5 -105.6 227 0 11.8 11.2 17.5 3.5 2 0 5 4 4
-6103.2 4113.4 -105.5 134 0 8.2 12.2 10.5 3.5 2 1 3 4 4
-6204.1 4014.1 -117.4 316 0 14.3 11.5 17.5 3.5 2 0 5 5 5
-6786.0 3824.7 -108.7 360 0 8.5 5.6 10.5 0.0 0 0 3 0 0
-6722.1 4031.3 -83.0 92 0 4.5 4.7 10.5 3.5 4 1 3 1 1
-6851.4 3109.9 -86.4 267 0 16.1 14.7 17.5 3.5 2 0 5 2 2
-6722.1 3087.8 -91.2 357 0 17.6 19.8 17.5 3.5 2 1 5 1 1
-6688.3 3086.2 -103.3 177 0 9.5 18.4 10.5 0.0 0 1 3 5 5
-6806.6 3228.1 -82.6 267 0 6.1 21.3 10.5 3.5 2 1 3 0 0
-6682.5 3182.9 -96.4 89 0 14.9 17.4 17.5 3.5 4 1 5 2 2
-6611.1 3246.5 -114.2 90 0 12.7 30.8 10.0 2.5 4 1 4 3 3
-6688.0 3481.7 -107.7 157 0 15.1 12.0 14.0 2.5 4 0 4 3 3
-2741.8 -10343.2 -119.4 268 0 17.1 11.9 14.0 3.5 2 0 4 2 2
-2785.7 -10330.1 -113.5 335 0 24.4 7.2 10.5 3.5 2 0 3 3 3
-2800.6 -10326.2 -110.7 336 0 9.0 12.6 10.5 3.5 2 1 3 5 5
-2800.3 -10310.3 -109.6 336 0 12.3 9.0 10.5 3.5 2 0 3 5 5
-2829.4 -10341.6 -109.2 76 0 12.7 9.4 10.5 3.5 2 0 3 5 5
-2815.2 -10310.2 -107.7 336 0 7.4 23.9 10.5 3.5 2 1 3 2 2
-3551.4 -12082.8 -135.0 90 0 7.6 9.0 2.5 2.5 2 1 1 1 1
-4084.6 -943.3 -95.2 180 0 10.5 6.3 10.5 3.5 2 0 3 1 1
-4084.6 -953.8 -94.9 180 0 10.5 6.3 10.5 3.5 2 0 3 0 0
-6731.9 3179.1 -81.4 88 0 20.1 19.8 17.5 3.5 2 0 5 1 1
-6704.1 3180.3 -91.6 89 0 26.4 20.1 17.5 3.5 2 0 5 1 1
-4402.4 7636.2 -50.6 11 0 16.8 19.3 17.5 3.5 2 1 5 0 0
-4411.7 7659.8 -48.9 189 0 16.4 17.7 17.5 3.5 4 1 5 4 4
-4380.0 7675.7 -46.1 10 0 15.6 15.9 17.5 3.5 2 1 5 4 4
-4342.7 7653.0 -49.2 222 0 28.7 18.0 17.5 0.0 0 0 5 2 2
-4343.8 7660.9 -43.7 222 0 6.6 6.1 10.5 3.5 2 0 3 4 4
-4334.6 7671.6 -43.6 226 0 8.6 6.2 10.5 3.5 2 0 3 4 4
-4358.0 7613.5 -59.2 214 0 14.0 15.1 17.5 3.5 2 0 5 4 4
-4348.6 7626.0 -56.5 218 0 17.0 14.6 17.5 3.5 2 0 5 1 1
-4376.6 7614.3 -49.3 113 0 11.0 15.0 17.5 3.5 2 1 5 4 4
-4573.9 -1168.8 -79.1 260 0 9.3 8.5 10.5 0.0 0 0 3 1 1
-4601.4 -1149.4 -77.9 169 0 8.2 8.0 10.5 3.5 2 0 3 1 1
-4622.0 -1143.4 -75.0 271 0 8.2 8.4 10.5 3.5 4 1 3 5 5
-4607.8 -1125.5 -80.5 98 0 7.9 9.0 10.5 3.5 2 1 3 0 0
-4602.4 -1110.1 -82.2 6 0 9.4 7.7 10.5 3.5 2 0 3 2 2
-4591.8 -1177.6 -76.2 182 0 8.5 9.3 10.5 3.5 4 1 3 0 0
-4592.8 -1191.5 -74.5 182 0 8.5 9.3 10.5 3.5 2 1 3 5 5
-4594.5 -1203.6 -72.9 182 0 8.5 9.3 10.5 0.0 0 1 3 3 3
-4571.9 -1184.8 -77.8 254 0 9.3 8.5 10.5 3.5 2 0 3 1 1
-4604.2 -1169.5 -73.7 272 0 9.3 8.5 10.5 3.5 2 0 3 4 4
-4620.2 -1172.6 -71.4 2 0 8.5 9.3 10.5 3.5 2 1 3 4 4
-4644.2 -1172.0 -72.6 182 0 8.5 9.3 10.5 3.5 2 1 3 3 3
-4639.1 -1193.4 -73.3 92 0 9.3 8.5 10.5 3.5 2 0 3 5 5
-4618.0 -1187.7 -69.7 2 0 8.5 9.3 10.5 3.5 2 1 3 5 5
-4599.4 -1187.7 -72.1 2 0 8.5 9.3 10.5 3.5 2 1 3 2 2
-4600.5 -1201.7 -70.4 2 0 8.5 9.3 10.5 3.5 2 1 3 1 1
-4603.0 -1213.8 -69.3 2 0 8.5 9.3 10.5 3.5 2 1 3 3 3
-4624.4 -1205.0 -70.6 92 0 9.3 8.5 10.5 3.5 2 0 3 3 3
-4626.6 -1217.1 -71.8 92 0 9.3 8.5 10.5 3.5 2 0 3 3 3
-2665.5 9317.2 -116.4 352 0 44.9 12.3 17.5 3.5 2 0 5 1 1
-3131.9 -10244.6 -124.6 312 0 13.0 20.2 14.0 3.5 2 1 4 1 1
-4658.7 -680.2 -121.6 85 0 7.4 8.6 7.5 2.5 2 1 3 1 1
-5440.9 4442.5 -106.2 156 0 37.4 19.7 17.5 0.0 0 0 5 1 1
-6350.7 5547.0 -105.3 127 0 45.4 32.4 14.0 0.0 0 0 4 0 0
-6383.3 5594.5 -99.3 204 0 26.0 13.5 14.0 0.0 0 0 4 3 3
-6423.8 5638.6 -93.3 173 0 41.0 17.9 17.5 3.5 2 0 5 0 0
-6515.7 5689.3 -69.9 80 0 21.7 34.9 17.5 3.5 2 1 5 2 2
-6539.7 5651.9 -75.1 340 0 36.4 11.9 17.5 3.5 2 0 5 3 3
-6569.1 5704.4 -68.0 249 0 10.0 36.6 10.5 3.5 2 1 3 1 1
-6612.7 5664.9 -64.8 159 0 9.3 35.4 10.5 3.5 2 1 3 5 5
-6527.9 5490.3 -95.8 92 0 21.6 36.8 17.5 0.0 0 1 5 5 5
-6662.2 5551.9 -76.5 191 0 11.5 32.4 17.5 3.5 2 1 5 1 1
-6603.5 5529.7 -83.5 104 0 33.2 13.3 17.5 0.0 0 0 5 1 1
-6508.0 5536.1 -92.3 98 0 17.1 53.0 17.5 0.0 0 1 5 0 0
-6723.1 5341.8 -107.7 106 0 9.5 28.1 7.5 2.5 2 1 3 1 1
-6721.4 5399.2 -103.7 287 0 9.4 28.2 7.5 2.5 2 1 3 3 3
-6682.5 5415.3 -99.4 256 0 8.6 26.0 5.0 2.5 2 1 2 4 4
-6672.0 5380.8 -106.3 288 0 10.0 29.1 10.0 2.5 2 1 4 3 3
-6698.6 5451.4 -95.2 255 0 51.9 18.3 17.5 3.5 4 0 5 5 5
-6711.2 5647.4 -64.7 255 0 24.1 46.3 17.5 0.0 0 1 5 2 2
-6740.8 5558.4 -73.3 102 0 18.9 20.8 17.5 3.5 2 1 5 3 3
-6689.8 5530.4 -79.6 356 0 26.3 9.9 10.5 3.5 2 0 3 1 1
-6669.3 5491.4 -83.9 37 0 10.3 25.5 17.5 0.0 0 1 5 3 3
-6660.4 5372.6 -104.3 169 0 14.3 29.4 10.0 2.5 2 1 4 3 3
-6663.2 5402.1 -100.0 167 0 26.7 10.6 7.5 2.5 2 0 3 0 0
-6635.1 5425.6 -96.6 260 0 21.7 12.5 10.0 2.5 2 0 4 4 4
-6615.3 5437.3 -100.1 258 0 7.0 39.4 7.5 2.5 2 1 3 5 5
-6684.1 5560.6 -72.9 22 0 24.6 7.5 10.5 3.5 2 0 3 3 3
-6784.5 5687.6 -53.9 168 0 38.1 13.2 17.5 3.5 2 0 5 5 5
-6799.2 5709.4 -47.1 90 0 10.1 34.1 17.5 3.5 2 1 5 2 2
-6874.7 5577.6 -76.7 174 0 14.5 18.0 17.5 3.5 2 1 5 3 3
-6671.5 5668.4 -64.4 267 0 18.3 53.0 17.5 3.5 2 1 5 4 4
-6600.1 4848.8 -115.7 92 0 22.7 36.2 17.5 0.0 0 1 5 5 5
-6577.4 4679.8 -115.8 80 0 34.1 34.6 17.5 0.0 0 1 5 4 4
-6476.2 4578.1 -104.6 351 0 7.7 34.3 10.5 3.5 2 1 3 4 4
-6523.6 4610.4 -107.5 261 0 8.9 34.6 10.5 3.5 2 1 3 4 4
-6393.0 4797.5 -92.2 5 0 39.0 6.9 10.5 3.5 2 0 3 4 4
-6421.3 4750.5 -96.4 95 0 8.4 36.0 10.5 3.5 2 1 3 5 5
-6367.5 4822.3 -87.9 2 0 34.9 9.7 10.5 3.5 2 0 3 5 5
-6453.4 4823.7 -100.9 274 0 10.9 43.7 17.5 3.5 2 1 5 0 0
-5753.5 6406.0 -115.5 49 0 8.2 15.4 10.5 3.5 2 1 3 4 4
-5743.7 6408.0 -116.1 50 0 7.5 15.4 10.5 3.5 2 1 3 0 0
-5739.0 6416.5 -114.7 47 0 8.2 16.1 10.5 3.5 4 0 3 3 3
-5733.4 6422.3 -113.9 42 0 8.1 16.2 10.5 3.5 2 0 3 3 3
-5899.1 6447.5 -105.4 247 0 5.7 18.0 10.5 3.5 2 1 3 0 0
-5911.0 6445.0 -106.1 255 0 7.2 18.5 10.5 3.5 2 1 3 1 1
-5923.2 6441.2 -106.8 262 0 9.0 17.4 10.5 3.5 2 1 3 4 4
-2261.2 2119.1 -119.1 163 0 12.0 12.7 5.0 2.5 4 1 2 4 4
-5171.1 12606.3 -88.6 19 0 16.7 34.7 14.0 3.5 2 1 4 3 3
-5159.3 12617.9 -90.8 7 0 8.9 13.5 10.5 3.5 4 1 3 5 5
-5018.5 12574.7 -83.4 53 0 14.0 26.8 17.5 0.0 0 1 5 0 0
-6433.8 12424.2 -117.6 259 0 11.5 8.2 10.5 0.0 0 0 3 4 4
-6477.9 5203.4 -102.5 148 0 41.3 30.2 17.5 0.0 0 0 5 3 3
-6465.7 5310.3 -108.7 148 0 17.1 7.4 10.5 3.5 2 0 3 4 4
-6404.2 5312.3 -103.3 58 0 13.7 13.3 14.0 0.0 0 0 4 5 5
-6387.7 5337.7 -100.0 17 0 7.7 7.2 10.5 3.5 2 0 3 0 0
-6412.2 5388.3 -100.1 81 0 6.1 4.9 10.5 3.5 2 0 3 1 1
-6397.4 5391.9 -98.8 34 0 6.7 11.5 10.5 0.0 0 1 3 2 2
-6331.0 5360.2 -91.7 322 0 8.7 11.3 10.5 3.5 2 1 3 3 3
-6310.7 5396.8 -94.7 226 0 9.6 12.1 10.5 0.0 0 1 3 3 3
-6296.2 5393.7 -94.7 226 0 12.3 8.4 10.5 3.5 2 0 3 2 2
-6299.0 5401.8 -95.1 276 0 6.9 3.9 10.5 3.5 2 0 3 2 2
-6399.3 5131.2 -101.3 23 0 22.1 9.2 10.5 3.5 2 0 3 3 3
-5217.1 4827.3 -72.0 168 0 19.0 17.8 17.5 3.5 2 0 5 1 1
-5226.3 4833.7 -50.2 0 0 8.2 10.2 10.5 0.0 0 1 3 3 3
-5224.4 4844.8 -114.3 149 0 17.8 22.9 17.5 0.0 0 1 5 2 2
-5184.7 4751.0 8.7 13 0 13.7 7.9 10.5 3.5 2 0 3 4 4
-1446.3 -10878.5 -123.9 264 0 5.1 3.5 5.0 2.5 2 0 2 0 0
-1445.9 -10882.0 -123.9 264 0 5.1 3.5 5.0 0.0 0 0 2 5 5
-1445.5 -10885.4 -124.0 264 0 5.1 3.5 5.0 2.5 2 0 2 4 4
-1447.5 -10891.0 -124.0 174 0 3.5 5.1 5.0 2.5 2 0 2 1 1
-1447.1 -10894.5 -124.1 174 0 3.5 5.1 5.0 2.5 2 0 2 3 3
-1446.7 -10897.9 -124.1 174 0 3.5 5.1 5.0 2.5 2 0 2 5 5
-1446.3 -10901.4 -124.1 174 0 3.5 5.1 5.0 0.0 0 0 2 3 3
-1443.2 -10906.4 -124.2 84 0 5.1 3.5 5.0 2.5 2 0 2 0 0
-6295.3 12453.4 -107.0 195 0 4.0 3.7 10.5 3.5 2 0 3 5 5
-6243.7 3758.1 -124.8 57 0 25.8 7.1 10.5 3.5 2 0 3 4 4
-6238.7 3750.8 -125.9 57 0 26.8 7.8 10.5 3.5 2 0 3 0 0
-6188.2 3820.8 -126.5 238 0 80.8 21.4 14.0 0.0 0 0 4 1 1
-6196.5 3775.0 -126.6 58 0 26.1 12.0 14.0 3.5 2 0 4 4 4
-6164.9 3785.7 -126.6 58 0 32.0 17.2 14.0 3.5 2 0 4 5 5
-6139.5 3810.1 -126.7 60 0 7.5 7.3 10.5 3.5 2 0 3 4 4
-6144.8 3851.4 -126.6 238 0 22.2 33.4 14.0 0.0 0 1 4 1 1
-6105.9 3829.1 -126.5 332 0 6.4 6.5 10.5 3.5 2 1 3 3 3
-6237.0 3789.2 -124.2 237 0 6.7 10.9 10.5 3.5 2 1 3 3 3
-6227.6 3794.9 -125.2 238 0 6.0 10.6 10.5 3.5 2 1 3 2 2
-5677.8 2780.2 -119.9 144 0 21.5 207.0 17.5 0.0 0 1 5 3 3
-5672.7 2789.5 -121.2 143 0 10.1 18.9 17.5 3.5 4 1 5 0 0
-6776.6 3113.9 -76.9 268 0 5.1 17.0 10.5 3.5 2 0 3 1 1
-6771.6 3114.1 -78.2 267 0 5.1 17.0 10.5 0.0 0 0 3 3 3
-6766.5 3114.3 -79.4 267 0 5.1 17.0 10.5 3.5 2 0 3 4 4
-6761.4 3114.5 -80.7 267 0 5.1 17.0 10.5 3.5 2 0 3 5 5
-6756.4 3114.8 -81.9 268 0 5.1 17.0 10.5 3.5 2 0 3 1 1
-6751.3 3115.0 -83.2 267 0 5.1 17.0 10.5 3.5 2 0 3 3 3
-6746.2 3115.2 -84.4 267 0 5.1 17.0 10.5 3.5 2 0 3 0 0
-6741.1 3115.4 -85.7 267 0 5.1 17.0 10.5 3.5 4 0 3 2 2
-6736.0 3115.7 -86.9 268 0 5.1 17.0 10.5 0.0 0 0 3 2 2
-6731.0 3115.9 -88.2 267 0 5.1 17.0 10.5 3.5 2 0 3 5 5
-6723.0 3107.7 -89.4 358 0 17.0 5.1 10.5 3.5 2 0 3 5 5
-6783.9 3105.0 -76.8 177 0 17.0 5.1 10.5 3.5 2 0 3 5 5
-6798.7 3147.9 -83.9 357 0 5.4 15.4 10.5 0.0 0 0 3 1 1
-6798.3 3140.0 -83.8 357 0 10.5 15.4 21.0 0.0 0 0 6 5 5
-6805.1 3124.0 -82.8 87 0 15.4 10.2 21.0 0.0 0 0 6 5 5
-6819.2 3123.2 -84.1 87 0 8.2 11.5 10.5 3.5 2 0 3 0 0
-6827.1 3122.8 -84.7 87 0 7.6 11.5 10.5 3.5 2 0 3 0 0
-6819.3 3149.4 -84.4 267 0 5.3 12.9 10.5 0.0 0 0 3 0 0
-6824.6 3149.1 -84.7 267 0 5.3 12.9 10.5 0.0 0 0 3 5 5
-6832.1 3142.2 -85.0 177 0 12.9 5.2 10.5 0.0 0 0 3 3 3
-2943.3 64.4 -40.3 220 0 8.8 4.1 10.5 3.5 2 0 3 5 5
-6590.9 12552.3 -128.1 335 0 9.8 11.7 10.5 0.0 0 1 3 2 2
-6603.2 12556.7 -127.2 63 0 7.7 14.6 10.5 0.0 0 1 3 0 0
-6638.1 12647.9 -122.9 136 0 5.9 16.2 10.5 0.0 0 1 3 4 4
-6489.4 12427.1 -125.4 267 0 8.4 12.1 10.5 3.5 2 1 3 5 5
-6508.9 12448.9 -126.7 248 0 13.1 15.4 17.5 3.5 2 1 5 3 3
-6531.1 12490.3 -132.3 232 0 13.0 10.6 17.5 3.5 2 0 5 5 5
-6524.6 12516.8 -133.3 184 0 7.4 21.0 10.5 3.5 2 1 3 4 4
-2915.4 -10242.5 -109.4 61 0 55.2 9.6 10.5 3.5 2 0 3 4 4
-2901.2 -10248.0 -103.6 155 0 24.6 10.2 14.0 0.0 0 0 4 1 1
-2848.4 -10196.8 -103.9 219 0 8.5 37.7 10.5 0.0 0 1 3 3 3
-2787.7 -10235.6 -107.3 308 0 25.1 11.9 14.0 0.0 0 0 4 4 4
-2878.9 -10496.5 -129.8 26 0 30.6 29.1 14.0 0.0 0 0 4 3 3
-2861.8 -10498.7 -127.2 117 0 11.1 16.5 14.0 3.5 2 1 4 0 0
-2740.9 -10310.0 -116.3 343 0 25.2 21.0 14.0 3.5 2 0 4 1 1
-2691.4 -10270.5 -119.6 349 0 13.7 17.4 14.0 3.5 2 1 4 2 2
-2711.0 -10221.9 -124.5 259 0 17.2 41.7 14.0 3.5 2 1 4 4 4
-2728.8 -10178.0 -126.4 329 0 13.7 22.0 14.0 3.5 2 1 4 5 5
-4371.1 -1510.6 -112.2 103 0 5.8 10.5 10.5 3.5 2 1 3 1 1
-4398.5 -1596.4 -118.0 151 0 6.0 17.3 10.5 3.5 2 1 3 1 1
-6721.4 3051.1 -94.2 357 0 18.9 18.2 14.0 3.5 2 0 4 1 1
-6723.3 4701.3 -116.1 176 0 74.2 49.5 17.5 0.0 0 0 5 1 1
-6560.0 4841.8 -113.7 181 0 16.4 29.3 17.5 3.5 2 0 5 5 5
-6527.9 4902.7 -111.5 95 0 26.4 21.9 17.5 3.5 2 0 5 0 0
-5227.1 4740.9 0.4 294 0 11.0 17.4 17.5 3.5 4 1 5 3 3
-3663.0 -1977.6 -123.3 133 0 13.7 23.4 17.5 0.0 0 1 5 2 2
-3632.1 -1989.2 -123.0 133 0 13.6 23.4 17.5 0.0 0 1 5 2 2
-3596.9 -1958.8 -122.3 10 0 8.3 14.2 10.5 0.0 0 1 3 5 5
-4098.1 -1518.4 -121.4 17 0 16.0 19.6 17.5 0.0 0 1 5 3 3
-6500.2 12525.0 -133.7 197 0 9.3 6.2 10.5 3.5 2 0 3 2 2
-6386.9 12369.8 -96.7 145 0 12.8 12.8 17.5 3.5 4 1 5 5 5
-4324.3 -1386.8 -122.1 219 0 4.7 11.8 10.5 3.5 2 1 3 1 1
-4368.8 -1431.7 -112.4 94 0 4.7 7.3 10.5 3.5 4 0 3 0 0
-4372.4 -1426.7 -111.6 274 0 3.1 5.3 10.5 3.5 2 0 3 1 1
-3136.4 -2176.0 -123.7 179 0 12.7 49.2 17.5 3.5 2 1 5 1 1
-4069.6 -1494.0 -109.7 60 0 5.4 5.9 10.5 0.0 0 1 3 0 0
-6643.2 3301.8 -106.3 278 0 5.6 38.0 10.5 3.5 2 1 3 4 4
-3921.2 -1102.5 -120.1 72 0 7.6 8.6 10.5 3.5 4 1 3 2 2
-4042.0 -1188.8 -115.7 301 0 8.5 7.5 10.5 3.5 2 0 3 0 0
-3939.8 -1198.8 -109.0 148 0 6.1 10.7 10.5 0.0 0 1 3 3 3
-4069.1 -1230.8 -116.6 230 0 9.2 7.0 10.5 0.0 0 0 3 3 3
-3979.5 -1199.3 -118.0 268 0 9.4 6.9 10.5 0.0 0 0 3 3 3
-4032.3 -1201.7 -117.5 337 0 7.6 8.7 10.5 3.5 2 1 3 4 4
-4054.7 -1155.0 -112.4 194 0 7.5 8.5 10.5 3.5 2 1 3 0 0
-3952.8 -1142.1 -120.1 320 0 7.0 7.7 10.5 0.0 0 1 3 4 4
-3974.3 -1210.7 -116.9 358 0 7.6 10.2 10.5 0.0 0 1 3 3 3
-3996.5 -1149.1 -116.9 72 0 7.5 8.4 10.5 3.5 2 1 3 1 1
-3912.9 -1093.3 -119.4 132 0 6.3 10.4 10.5 0.0 0 1 3 1 1
-3970.2 -1161.5 -120.4 46 0 8.5 7.6 10.5 3.5 4 0 3 4 4
-3897.4 -1163.4 -107.3 59 0 6.1 10.6 10.5 3.5 2 1 3 5 5
-4070.1 -1191.1 -113.0 302 0 7.8 8.6 10.5 3.5 2 1 3 3 3
-3941.5 -1199.9 -110.4 328 0 6.1 10.6 10.5 3.5 2 1 3 3 3
-4012.9 -1209.4 -120.2 309 0 7.7 8.4 10.5 3.5 2 1 3 3 3
-4001.1 -1214.5 -120.0 166 0 6.1 10.6 10.5 3.5 2 1 3 3 3
-4022.7 -1205.2 -118.7 309 0 5.7 9.5 10.5 0.0 0 1 3 0 0
-4062.2 -1180.6 -113.0 94 0 10.7 6.1 10.5 3.5 2 0 3 4 4
-3953.6 -1212.5 -111.1 58 0 8.9 5.7 10.5 3.5 2 0 3 4 4
-3972.5 -1138.4 -119.5 232 0 7.3 8.5 10.5 3.5 2 1 3 0 0
-4034.1 -1176.6 -115.2 70 0 7.7 8.5 10.5 3.5 2 1 3 1 1
-3944.4 -1101.1 -118.5 72 0 6.1 10.7 10.5 0.0 0 1 3 4 4
-4000.7 -1172.1 -118.9 226 0 10.6 6.0 10.5 3.5 2 0 3 2 2
-4059.8 -1221.2 -116.8 212 0 8.5 7.6 10.5 3.5 2 0 3 4 4
-3871.7 -1136.5 -104.9 32 0 8.4 7.5 10.5 3.5 2 0 3 5 5
-4085.7 -1206.8 -113.5 212 0 7.1 10.8 10.5 3.5 2 1 3 4 4
-3939.0 -1215.0 -107.7 58 0 10.6 6.2 10.5 3.5 2 0 3 1 1
-4026.5 -1180.8 -117.2 246 0 8.5 7.6 10.5 3.5 2 0 3 0 0
-4062.9 -1150.4 -111.0 194 0 10.6 6.1 10.5 3.5 2 0 3 1 1
-4042.3 -1215.9 -118.6 191 0 5.9 10.6 10.5 3.5 2 1 3 1 1
-3957.3 -1117.2 -118.5 70 0 8.5 7.6 10.5 3.5 2 0 3 0 0
-3990.1 -1135.8 -116.5 71 0 7.1 9.2 10.5 3.5 2 1 3 5 5
-4046.2 -1180.2 -114.5 91 0 8.6 7.5 10.5 3.5 2 0 3 2 2
-3966.1 -1071.3 -113.9 19 0 10.0 3.4 10.5 3.5 2 0 3 0 0
-3969.3 -1070.2 -113.5 20 0 10.0 3.6 10.5 3.5 4 0 3 1 1
-4043.6 -1108.4 -110.1 226 0 6.1 10.6 10.5 3.5 2 1 3 0 0
-4035.5 -1102.8 -110.0 226 0 7.6 6.4 10.5 3.5 2 0 3 5 5
-4042.9 -1080.9 -107.7 193 0 10.7 6.1 10.5 3.5 2 0 3 4 4
-4044.5 -1094.0 -108.9 181 0 6.1 10.7 10.5 0.0 0 1 3 4 4
-4029.8 -1095.9 -110.6 226 0 6.0 10.6 10.5 3.5 2 1 3 2 2
-3962.5 -1072.6 -114.4 20 0 10.0 3.8 10.5 3.5 4 0 3 2 2
-3972.7 -1069.0 -113.1 19 0 10.0 3.5 10.5 3.5 2 0 3 0 0
-3979.6 -1071.8 -112.7 110 0 4.0 10.0 10.5 3.5 2 0 3 0 0
-3983.1 -1070.6 -112.2 110 0 3.4 10.0 10.5 3.5 2 0 3 0 0
-3986.4 -1069.4 -111.7 110 0 3.7 10.0 10.5 0.0 0 0 3 3 3
-3990.0 -1068.1 -111.3 110 0 3.9 10.0 10.5 3.5 4 0 3 1 1
-3993.6 -1066.8 -110.8 110 0 3.7 11.1 10.5 3.5 2 0 3 1 1
-3996.8 -1064.5 -110.3 110 0 4.0 10.0 10.5 3.5 2 0 3 5 5
-4001.7 -1058.8 -109.9 200 0 9.7 4.5 10.5 3.5 2 0 3 2 2
-4017.2 -1075.1 -109.5 295 0 7.6 8.5 10.5 3.5 2 1 3 4 4
-3988.9 -1087.6 -113.5 284 0 6.0 10.4 10.5 3.5 2 0 3 5 5
-3994.8 -1086.1 -112.8 284 0 6.0 10.4 10.5 3.5 2 0 3 5 5
-3962.7 -1091.1 -117.0 252 0 6.1 10.7 10.5 3.5 2 0 3 5 5
-3968.5 -1093.0 -116.5 251 0 6.1 10.7 10.5 3.5 2 0 3 4 4
-3971.7 -1122.8 -117.3 13 0 6.0 10.7 10.5 3.5 2 0 3 4 4
-3970.3 -1117.0 -117.0 13 0 5.9 10.7 10.5 3.5 2 0 3 4 4
-3947.9 -1170.5 -115.2 140 0 6.0 10.7 10.5 3.5 2 0 3 1 1
-3943.7 -1158.9 -116.8 320 0 6.1 10.7 10.5 3.5 2 0 3 3 3
-3956.2 -1158.7 -118.9 139 0 6.1 10.7 10.5 3.5 2 1 3 5 5
-3977.6 -1173.4 -120.4 46 0 10.7 6.1 10.5 3.5 2 0 3 4 4
-3981.8 -1168.9 -119.8 46 0 10.7 6.1 10.5 3.5 4 0 3 2 2
-4021.5 -1277.4 -116.7 45 0 7.6 8.5 10.5 3.5 2 1 3 0 0
-4004.3 -1267.9 -114.5 351 0 6.1 10.7 10.5 0.0 0 0 3 0 0
-4003.3 -1273.9 -113.4 351 0 6.1 10.7 10.5 3.5 2 0 3 2 2
-4011.4 -1255.0 -117.4 351 0 10.7 5.0 10.5 3.5 2 0 3 2 2
-4012.0 -1244.4 -119.4 351 0 10.6 6.1 10.5 3.5 2 0 3 2 2
-4046.8 -1170.3 -113.6 91 0 7.7 7.3 10.5 0.0 0 0 3 3 3
-4038.3 -1161.0 -113.7 106 0 5.4 5.5 10.5 0.0 0 1 3 0 0
-4036.0 -1149.9 -113.1 116 0 6.1 10.9 10.5 3.5 4 1 3 3 3
-4044.1 -1139.7 -112.0 207 0 10.9 6.0 10.5 3.5 2 0 3 4 4
-4052.2 -1135.2 -110.8 207 0 10.6 6.2 10.5 3.5 2 0 3 0 0
-4060.8 -1131.3 -109.6 206 0 10.9 6.1 10.5 3.5 2 0 3 2 2
-4066.2 -1162.4 -112.0 184 0 6.1 10.6 10.5 3.5 2 0 3 3 3
-4066.6 -1168.5 -112.4 184 0 6.1 10.7 10.5 3.5 2 0 3 1 1
-3973.5 -1228.9 -113.8 357 0 7.7 10.0 10.5 3.5 4 1 3 0 0
-3972.9 -1238.4 -112.3 357 0 7.7 10.1 10.5 3.5 2 1 3 5 5
-3999.1 -1222.3 -118.2 165 0 4.6 9.9 10.5 0.0 0 1 3 2 2
-3998.8 -1228.7 -117.1 182 0 4.6 10.7 10.5 3.5 2 1 3 2 2
-3999.1 -1235.2 -116.1 182 0 4.8 10.6 10.5 0.0 0 0 3 4 4
-3999.3 -1239.8 -115.4 182 0 4.4 10.6 10.5 3.5 2 0 3 3 3
-4008.7 -1227.7 -120.4 11 0 8.6 7.6 10.5 3.5 2 0 3 4 4
-4016.1 -1226.3 -120.4 11 0 8.6 7.6 10.5 3.5 2 0 3 1 1
-4136.3 -1210.7 -113.2 30 0 10.5 6.1 10.5 3.5 4 0 3 5 5
-4224.5 -1243.1 -103.9 284 0 5.0 13.0 10.5 3.5 2 1 3 1 1
-4000.2 -1359.2 -108.9 45 0 10.5 6.2 10.5 3.5 2 0 3 4 4
-4120.6 -1220.0 -115.2 31 0 10.5 6.1 10.5 3.5 2 0 3 0 0
-4093.3 -1137.7 -107.2 193 0 6.9 9.5 10.5 3.5 2 1 3 0 0
-4015.6 -1127.2 -113.1 46 0 5.7 11.1 10.5 0.0 0 1 3 4 4
-4067.8 -1113.1 -106.9 10 0 8.8 7.8 10.5 3.5 2 0 3 5 5
-4008.3 -1352.1 -110.5 46 0 8.8 6.9 10.5 3.5 2 0 3 5 5
-4030.7 -1301.3 -117.7 46 0 10.7 6.1 10.5 3.5 2 0 3 4 4
-4047.0 -1230.9 -119.0 221 0 7.3 8.6 10.5 3.5 2 1 3 0 0
-4071.8 -1135.6 -108.2 10 0 8.8 7.8 10.5 3.5 4 0 3 3 3
-3959.4 -1329.1 -107.6 329 0 5.8 10.6 10.5 3.5 2 1 3 5 5
-3988.1 -1329.4 -110.7 343 0 7.5 7.9 10.5 3.5 4 1 3 5 5
-4042.5 -1316.0 -117.4 45 0 10.7 6.1 10.5 0.0 0 0 3 4 4
-4149.4 -1203.0 -112.2 210 0 10.6 6.0 10.5 0.0 0 0 3 5 5
-4068.2 -1252.2 -118.1 143 0 6.1 10.7 10.5 3.5 2 1 3 2 2
-4092.8 -1160.6 -108.3 22 0 10.7 6.1 10.5 3.5 2 0 3 3 3
-4057.9 -1109.9 -108.6 184 0 5.4 7.9 7.0 3.5 4 1 2 4 4
-4000.4 -1298.9 -112.1 332 0 4.3 9.9 10.5 3.5 2 1 3 2 2
-4095.5 -1122.4 -105.1 112 0 9.9 6.5 10.5 3.5 2 0 3 2 2
-4014.7 -1141.1 -114.3 46 0 8.6 7.6 10.5 3.5 4 0 3 4 4
-4085.8 -1109.9 -105.7 190 0 8.9 8.0 10.5 3.5 2 0 3 4 4
-3969.6 -1322.6 -107.9 238 0 10.6 6.1 10.5 3.5 2 0 3 4 4
-4004.4 -1307.4 -112.5 229 0 6.6 11.2 10.5 3.5 2 1 3 2 2
-4160.8 -1200.1 -110.7 210 0 8.5 7.6 10.5 3.5 2 0 3 1 1
-4014.0 -1293.8 -111.7 152 0 8.5 7.6 10.5 3.5 2 0 3 4 4
-4128.6 -1215.3 -114.1 30 0 10.4 6.0 10.5 3.5 2 0 3 4 4
-4104.7 -1148.6 -108.0 292 0 11.0 7.1 10.5 3.5 2 0 3 3 3
-4049.3 -1121.0 -110.2 196 0 8.4 7.6 10.5 3.5 2 0 3 4 4
-4098.6 -1129.9 -105.4 112 0 10.0 6.5 10.5 0.0 0 0 3 5 5
-4024.0 -1149.9 -114.0 27 0 10.6 5.6 10.5 3.5 2 0 3 5 5
-4070.2 -1125.0 -107.5 10 0 8.3 7.3 10.5 3.5 2 0 3 3 3
-3956.0 -1348.6 -105.2 280 0 10.8 6.2 10.5 0.0 0 0 3 3 3
-3982.1 -1327.3 -110.2 78 0 7.9 4.7 10.5 3.5 2 0 3 1 1
-3990.6 -1317.5 -111.6 317 0 5.7 7.0 10.5 0.0 0 1 3 4 4
-6595.1 3428.7 -118.5 351 0 12.1 6.6 10.5 3.5 2 0 3 1 1
-1897.5 -10508.7 -131.5 162 0 7.5 5.1 10.5 3.5 2 0 3 5 5
-1897.7 -10526.5 -131.6 165 0 4.1 7.2 10.5 3.5 2 1 3 2 2
-6622.0 5108.3 -111.6 269 0 16.8 19.8 14.0 3.5 2 0 4 1 1
-6622.4 5120.0 -110.8 89 0 15.4 22.4 17.5 3.5 2 1 5 0 0
-6795.9 4887.4 -112.9 7 0 11.0 113.4 17.5 3.5 2 1 5 0 0
-1546.2 -10161.8 -69.9 57 0 18.2 21.6 12.5 0.0 0 1 5 0 0
-3768.8 -879.5 -114.7 38 0 7.7 8.6 7.0 3.5 2 1 2 3 3
-1562.8 538.8 -119.4 280 0 6.5 9.4 10.5 3.5 2 1 3 5 5
-3929.1 -1014.1 -114.0 242 0 7.5 6.0 10.5 0.0 0 0 3 0 0
-3926.7 -1023.4 -114.5 299 0 4.8 11.3 10.5 3.5 2 1 3 5 5
-1604.0 540.9 -116.2 13 0 6.2 10.6 10.5 3.5 2 1 3 1 1
-3832.6 -919.8 -111.6 79 0 8.6 7.6 10.5 3.5 2 0 3 4 4
-3798.4 -901.6 -113.5 44 0 4.4 7.9 7.0 3.5 2 1 2 3 3
-1574.8 541.0 -118.9 280 0 6.2 9.4 10.5 3.5 2 1 3 3 3
-3774.4 -886.7 -114.9 38 0 7.7 8.7 7.0 3.5 2 1 2 0 0
-4204.3 -1302.7 -111.5 294 0 13.4 9.5 10.5 3.5 2 0 3 2 2
-4218.6 -1319.1 -111.1 112 0 8.3 8.8 7.0 0.0 0 1 2 2 2
-4194.0 -1296.5 -111.1 107 1 11.1 11.2 17.5 3.5 2 1 5 4 4
-4237.9 -1298.7 -108.4 204 0 10.7 9.6 10.5 3.5 2 0 3 5 5
-4244.2 -1316.6 -109.7 201 0 9.1 11.0 10.5 3.5 2 1 3 1 1
-4248.4 -1310.0 -108.8 22 0 11.5 6.3 10.5 3.5 2 0 3 0 0
-4239.3 -1289.3 -106.5 23 0 18.7 7.2 10.5 3.5 4 0 3 5 5
-4230.2 -1266.3 -104.8 26 0 14.6 5.5 10.5 3.5 2 0 3 1 1
-4210.2 -1291.9 -109.0 100 0 6.9 23.1 10.5 3.5 2 1 3 5 5
-4185.3 -1268.8 -109.9 287 0 8.4 13.0 10.5 3.5 2 1 3 2 2
-4187.5 -1263.5 -108.2 103 0 7.3 11.4 10.5 3.5 4 1 3 2 2
-4153.1 -1177.1 -112.6 212 0 9.4 7.3 10.5 3.5 2 0 3 0 0
-4144.2 -1182.8 -113.5 211 0 9.4 8.0 10.5 0.0 0 0 3 2 2
-4146.6 -1164.4 -112.6 209 0 8.1 8.0 10.5 0.0 0 0 3 2 2
-4127.6 -1162.4 -111.6 298 0 8.3 8.1 10.5 3.5 2 0 3 4 4
-4121.5 -1174.6 -112.7 301 0 6.7 8.3 10.5 3.5 2 1 3 4 4
-4128.7 -1186.7 -114.0 301 0 7.3 9.4 10.5 0.0 0 1 3 2 2
-4113.4 -1184.0 -113.3 303 0 7.3 9.0 10.5 3.5 2 1 3 0 0
-4108.1 -1194.6 -114.4 302 0 7.6 10.4 10.5 3.5 2 1 3 0 0
-4289.0 -1292.1 -110.2 173 0 9.1 9.4 10.5 3.5 2 1 3 5 5
-4272.0 -1305.6 -109.6 127 0 6.5 9.9 10.5 3.5 2 1 3 2 2
-4264.2 -1309.1 -109.2 129 0 5.8 10.7 10.5 3.5 4 1 3 2 2
-4269.3 -1348.6 -113.8 86 0 6.4 11.1 10.5 3.5 2 0 3 3 3
-4263.6 -1337.1 -113.2 266 0 6.6 11.1 10.5 3.5 2 0 3 5 5
-4176.4 -1304.1 -113.5 107 0 14.9 7.9 10.5 3.5 2 0 3 4 4
-4166.0 -1295.8 -113.0 18 0 6.2 14.9 10.5 3.5 2 0 3 4 4
-4163.9 -1287.8 -112.4 17 0 7.2 12.8 10.5 3.5 4 1 3 0 0
-4168.5 -1271.4 -111.5 286 0 11.8 10.3 17.5 0.0 0 0 5 1 1
-5822.7 9926.2 -78.7 31 0 5.4 7.3 2.5 2.5 2 1 1 1 1
-6713.2 6226.6 -50.2 70 0 17.3 40.3 17.5 3.5 2 1 5 2 2
-4941.9 4574.9 -57.3 190 0 27.0 8.9 10.5 3.5 2 0 3 2 2
-5058.2 4757.3 -111.2 172 0 12.7 16.4 17.5 3.5 2 1 5 5 5
-4467.7 -1223.8 -95.4 179 0 10.2 10.8 17.5 3.5 2 1 5 3 3
-4468.1 -1247.3 -95.2 187 0 10.0 10.5 17.5 3.5 2 1 5 3 3
-4469.1 -1235.5 -95.3 181 0 9.5 11.7 10.5 3.5 2 1 3 0 0
-4425.2 -1246.8 -101.0 1 0 9.7 12.0 10.5 3.5 2 1 3 5 5
-4425.4 -1235.1 -101.0 359 0 10.1 11.8 17.5 0.0 0 1 5 1 1
-4426.1 -1223.7 -101.0 0 0 9.1 10.6 10.5 0.0 0 1 3 3 3
-4425.6 -1213.1 -101.2 359 0 8.8 11.4 10.5 3.5 2 1 3 1 1
-4426.0 -1196.2 -103.2 48 0 12.2 10.4 17.5 3.5 4 0 5 5 5
-4462.1 -1196.6 -95.7 307 0 9.5 11.6 10.5 3.5 2 1 3 3 3
-4417.1 -1184.3 -106.1 51 0 13.1 7.8 10.5 0.0 0 0 3 4 4
-4418.2 -1172.0 -106.4 2 0 8.5 12.4 10.5 3.5 2 1 3 2 2
-4422.4 -1163.2 -106.6 6 0 8.9 10.1 10.5 3.5 2 1 3 3 3
-4424.4 -1144.2 -107.9 323 0 12.7 10.0 17.5 3.5 2 0 5 3 3
-4469.5 -1148.1 -100.7 245 0 14.1 11.8 17.5 3.5 2 0 5 5 5
-4450.1 -1134.5 -105.4 240 0 12.5 23.4 17.5 0.0 0 1 5 0 0
-4511.8 -1190.7 -89.1 213 0 11.5 10.2 17.5 3.5 2 0 5 4 4
-4641.4 -1541.5 -114.1 341 0 8.6 14.0 10.5 3.5 2 1 3 2 2
-4647.1 -1534.1 -112.7 341 0 6.8 10.1 10.5 0.0 0 0 3 4 4
-4647.8 -1527.3 -111.6 341 0 6.6 10.3 10.5 3.5 2 0 3 5 5
-4649.0 -1520.8 -111.0 341 0 6.6 9.9 10.5 3.5 2 0 3 5 5
-4649.3 -1513.7 -110.4 341 0 6.9 10.2 10.5 3.5 2 0 3 2 2
-4697.8 -1499.7 -113.8 279 0 6.4 10.5 10.5 3.5 2 0 3 4 4
-4704.3 -1498.6 -114.4 279 0 6.6 10.5 10.5 3.5 2 0 3 4 4
-4717.9 -1499.9 -115.2 189 0 14.5 8.2 10.5 3.5 2 0 3 0 0
-4648.6 -1505.1 -109.4 341 0 6.5 11.0 10.5 3.5 2 0 3 1 1
-4650.7 -1498.9 -109.2 341 0 6.5 11.0 10.5 3.5 2 0 3 4 4
-4686.3 -1494.8 -110.8 99 0 4.7 11.0 10.5 3.5 2 0 3 5 5
-4688.0 -1494.6 -111.2 99 0 6.5 11.0 10.5 3.5 2 0 3 2 2
-4664.9 -1489.7 -109.3 9 0 11.0 6.5 10.5 3.5 2 0 3 2 2
-4673.2 -1494.6 -109.7 99 0 6.5 11.0 10.5 3.5 2 0 3 0 0
-4216.0 -1380.9 -118.1 288 0 4.5 15.4 10.5 3.5 2 0 3 1 1
-4332.8 -1386.3 -122.0 42 0 7.8 8.5 10.5 3.5 2 0 3 2 2
-4327.6 -1380.5 -121.9 42 0 7.7 8.5 10.5 0.0 0 0 3 0 0
-4322.7 -1375.0 -121.4 42 0 7.0 10.9 10.5 3.5 2 0 3 2 2
-4344.6 -1394.6 -120.4 67 0 10.1 11.6 14.0 3.5 2 1 4 3 3
-4200.8 -1385.9 -119.5 288 0 4.6 9.7 10.5 3.5 4 0 3 5 5
-4205.6 -1384.3 -119.0 289 0 5.6 9.7 10.5 3.5 2 0 3 4 4
-4200.2 -1365.4 -117.5 285 0 4.4 8.6 10.5 3.5 2 0 3 1 1
-4204.6 -1381.5 -118.1 105 0 4.4 8.1 10.5 3.5 4 0 3 4 4
-4197.8 -1364.9 -118.5 195 0 16.8 3.8 10.5 3.5 2 0 3 4 4
-4191.4 -1367.6 -118.5 195 0 5.0 6.6 10.5 3.5 2 1 3 3 3
-4189.3 -1379.5 -119.3 15 0 12.0 8.2 10.5 3.5 2 0 3 1 1
-4223.4 -1372.5 -115.9 103 0 10.2 12.0 14.0 3.5 2 1 4 4 4
-4208.1 -1362.4 -117.1 288 0 9.4 14.0 10.5 3.5 2 1 3 0 0
-4211.9 -1382.3 -118.5 289 0 4.3 15.4 10.5 3.5 2 0 3 2 2
-4225.0 -1386.5 -117.4 288 0 5.8 8.0 10.5 3.5 2 0 3 5 5
-4222.4 -1378.5 -116.9 289 0 5.8 8.5 10.5 3.5 4 0 3 2 2
-4227.7 -1376.7 -116.8 288 0 5.5 16.5 10.5 3.5 2 0 3 5 5
-4243.5 -1381.9 -115.2 289 0 4.6 5.5 10.5 3.5 2 0 3 0 0
-4245.1 -1372.8 -114.8 198 0 6.3 6.6 10.5 3.5 2 0 3 2 2
-4233.5 -1374.7 -116.0 288 0 4.5 15.6 10.5 3.5 2 0 3 3 3
-4228.6 -1355.9 -113.5 359 0 3.6 9.7 10.5 3.5 2 0 3 0 0
-4228.5 -1359.7 -113.9 359 0 4.0 9.7 10.5 3.5 2 0 3 3 3
-4228.5 -1363.8 -114.3 359 0 4.2 9.7 10.5 3.5 2 0 3 1 1
-4202.2 -1412.2 -121.3 103 0 5.8 12.6 10.5 3.5 2 1 3 2 2
-4266.3 -1367.9 -115.3 88 0 4.1 15.2 10.5 3.5 2 0 3 3 3
-4270.9 -1352.8 -115.7 268 0 4.2 15.2 10.5 3.5 2 0 3 2 2
-4279.5 -1368.1 -116.5 88 0 4.1 15.2 10.5 3.5 2 0 3 1 1
-4283.7 -1368.2 -116.9 88 0 4.2 15.2 10.5 3.5 2 0 3 4 4
-4293.5 -1368.8 -117.8 88 0 4.1 15.2 10.5 3.5 2 0 3 2 2
-4297.7 -1368.9 -118.2 88 0 4.2 15.2 10.5 3.5 2 0 3 1 1
-4311.0 -1356.4 -119.5 269 0 4.6 13.0 10.5 3.5 2 0 3 0 0
-4306.0 -1369.3 -119.1 89 0 4.6 13.0 10.5 3.5 2 0 3 2 2
-4309.2 -1375.4 -121.2 269 0 4.6 13.0 10.5 3.5 2 0 3 0 0
-4304.6 -1375.3 -120.7 269 0 4.6 13.0 10.5 0.0 0 0 3 1 1
-4292.4 -1375.0 -119.8 268 0 4.1 15.2 10.5 3.5 2 0 3 0 0
-4296.5 -1375.1 -120.2 268 0 4.2 15.2 10.5 3.5 2 0 3 3 3
-4279.3 -1374.3 -118.5 268 0 4.1 15.2 10.5 3.5 2 0 3 4 4
-4283.5 -1374.4 -118.9 268 0 4.2 15.2 10.5 3.5 2 0 3 0 0
-4270.7 -1374.2 -117.7 268 0 4.2 15.2 10.5 0.0 0 0 3 3 3
-4266.6 -1374.1 -117.3 268 0 4.1 15.2 10.5 3.5 2 0 3 4 4
-4181.7 -1389.5 -121.7 285 0 13.8 6.5 10.5 3.5 2 0 3 1 1
-4190.5 -1393.9 -122.4 284 0 16.5 13.5 14.0 3.5 2 0 4 1 1
-4170.1 -1392.4 -122.5 283 0 4.4 15.8 10.5 3.5 2 0 3 2 2
-4166.3 -1393.3 -122.8 283 0 3.3 18.6 10.5 3.5 2 0 3 3 3
-4160.9 -1395.0 -123.0 13 0 18.6 4.1 10.5 3.5 2 0 3 5 5
-4143.8 -1401.5 -124.2 286 0 3.3 19.2 10.5 3.5 2 0 3 4 4
-4147.5 -1400.4 -123.9 286 0 4.3 16.5 10.5 3.5 4 0 3 2 2
-4151.4 -1399.3 -123.9 286 0 3.9 22.6 10.5 3.5 2 0 3 2 2
-4155.2 -1398.1 -123.7 286 0 4.2 22.6 10.5 3.5 2 0 3 1 1
-4140.1 -1402.6 -124.4 286 0 4.4 19.2 10.5 3.5 4 0 3 0 0
-6855.9 3071.3 -86.4 87 0 22.9 23.8 17.5 3.5 2 0 5 4 4
