-763.7 -12491.2 -61.5 192 0 17.8 37.2 10.0 2.5 2 1 4 3 3
-778.0 -12440.8 -61.6 191 0 19.6 34.8 7.5 2.5 2 1 3 4 4
-666.3 -12529.2 -61.3 336 0 33.7 14.9 5.0 2.5 2 0 2 5 5
-288.9 -12542.1 -61.2 156 0 31.3 54.3 7.5 0.0 0 1 3 3 3
-137.3 -12556.1 -61.2 116 0 58.4 27.0 12.5 2.5 2 0 5 4 4
-556.2 -12648.3 -61.0 145 0 15.8 33.0 10.0 2.5 2 0 4 0 0
-521.1 -12653.8 -60.9 62 0 8.7 14.8 2.5 2.5 2 0 1 0 0
-524.8 -12601.6 -61.0 241 0 17.2 23.6 7.5 2.5 2 1 3 0 0
-498.7 -12645.7 -61.0 59 0 23.8 22.0 10.0 2.5 4 0 4 5 5
-463.6 -12615.0 -61.1 35 0 20.1 24.4 10.0 2.5 2 1 4 1 1
-420.2 -12440.4 -61.0 50 0 28.8 36.2 7.5 0.0 0 0 3 4 4
-488.5 -12409.7 -60.9 190 0 11.8 20.1 2.5 2.5 2 0 1 0 0
-384.0 -12409.6 -60.8 58 0 56.8 35.8 10.0 0.0 0 0 4 2 2
-689.3 -12398.8 -61.4 154 0 120.4 60.7 10.0 0.0 0 0 4 4 4
-634.0 -12310.0 -60.7 333 0 50.8 17.4 7.5 2.5 2 0 3 4 4
-558.6 -12285.6 -60.5 241 0 30.7 76.4 5.0 0.0 0 1 2 1 1
-508.1 -12281.9 -60.4 248 0 43.9 53.5 7.5 0.0 0 1 3 3 3
-471.5 -12282.4 -60.2 242 0 15.0 14.6 5.0 0.0 0 0 2 1 1
-440.7 -12282.5 -60.2 289 0 21.0 17.6 7.5 2.5 2 0 3 0 0
-626.3 -12345.5 -60.9 243 0 15.0 58.0 10.0 2.5 2 1 4 2 2
-282.7 -12694.5 -60.7 360 0 9.9 8.6 5.0 2.5 2 0 2 2 2
-436.5 -12681.1 -60.7 270 0 15.5 21.2 10.0 2.5 2 1 4 0 0
-391.4 -12702.5 -60.8 91 0 5.4 20.1 5.0 2.5 2 1 2 2 2
5819.5 -8500.3 -51.7 302 0 17.3 12.3 10.0 2.5 2 0 4 1 1
5540.6 -7420.4 -49.1 91 0 15.1 11.0 2.5 2.5 2 0 1 5 5
5733.8 -7497.8 -53.0 149 0 11.7 10.6 7.5 2.5 2 0 3 1 1
6186.0 -7201.9 -48.1 344 0 11.6 11.7 7.5 2.5 2 1 3 5 5
6057.0 -7297.3 -45.4 223 0 10.6 48.3 7.5 2.5 2 1 3 0 0
6452.4 -8448.3 -52.0 45 0 7.1 8.1 5.0 2.5 2 1 2 2 2
4691.1 -11915.4 -53.9 303 0 12.3 10.0 5.0 2.5 2 0 2 4 4
-6241.7 -11998.2 -40.9 339 0 18.5 12.5 5.0 2.5 2 0 2 3 3
-4965.4 -10540.5 -16.2 275 0 9.1 12.7 7.5 2.5 4 1 3 4 4
-5126.0 -10701.0 -21.4 105 0 12.4 10.1 5.0 2.5 2 0 2 5 5
6169.6 3241.9 38.4 33 0 16.0 23.0 12.5 2.5 2 1 5 1 1
6137.7 3186.2 45.6 33 0 29.9 27.6 12.5 0.0 0 0 5 1 1
