6615.2 -7105.9 -44.7 37 0 83.6 16.4 7.5 2.5 2 0 3 2 2
684.4 5376.3 -43.6 19 0 42.0 21.3 10.0 0.0 0 0 4 3 3
3349.0 10962.6 -63.0 47 0 35.8 6.9 5.0 2.5 2 0 2 3 3
3324.2 10930.8 -64.4 40 0 21.7 7.3 7.5 2.5 2 0 3 0 0
-2921.2 -11484.9 -33.4 225 0 32.5 65.9 12.5 0.0 0 1 5 3 3
-2479.5 -12331.9 -43.3 227 0 59.6 40.3 12.5 0.0 0 0 5 2 2
-4666.1 -11768.9 40.5 349 0 54.3 16.4 10.0 2.5 4 0 4 5 5
-3827.9 -10656.0 -22.4 322 0 27.9 20.4 10.0 2.5 2 0 4 5 5
-4709.0 -11581.5 43.8 134 0 9.3 30.4 7.5 2.5 2 1 3 3 3
-4636.2 -11537.1 45.0 274 0 13.0 83.1 10.0 2.5 2 1 4 5 5
-4724.9 -11744.8 38.7 258 0 14.4 65.1 10.0 2.5 2 1 4 1 1
-4763.4 -10033.8 -22.5 310 0 15.2 36.1 7.5 2.5 2 1 3 3 3
-5940.8 -7871.0 -21.4 219 0 34.0 39.4 7.5 0.0 0 1 3 1 1
-4788.6 -10237.9 -18.8 41 0 22.9 39.6 7.5 0.0 0 1 3 4 4
-5284.9 -10134.7 -23.6 130 0 74.4 94.9 10.0 0.0 0 1 4 4 4
-5949.7 -9092.8 -27.4 135 0 61.3 112.9 10.0 0.0 0 1 4 0 0
-4588.8 -10618.4 -7.0 42 0 57.7 114.9 12.5 0.0 0 1 5 3 3
-4609.3 -11338.1 33.6 278 0 13.7 42.6 15.0 0.0 0 1 6 4 4
-3909.9 -10690.1 -20.4 143 0 51.4 16.4 10.0 2.5 2 0 4 4 4
-4811.6 -11754.3 35.1 257 0 14.9 66.4 10.0 2.5 2 1 4 5 5
-3942.0 -10648.0 -19.1 141 0 46.4 16.3 12.5 2.5 2 0 5 0 0
-4670.8 -11498.3 41.0 13 0 32.9 16.3 10.0 2.5 2 0 4 0 0
-4675.5 -10134.5 -21.0 222 0 28.5 40.5 12.5 0.0 0 1 5 5 5
-4658.0 -11330.0 38.1 272 0 15.1 65.9 12.5 2.5 2 1 5 3 3
-5332.5 -9863.2 -26.3 220 0 43.0 61.6 10.0 0.0 0 1 4 1 1
-4459.6 -10972.9 -0.1 310 0 94.9 69.6 12.5 0.0 0 0 5 3 3
-4811.1 -10079.8 -21.8 221 0 46.7 14.9 12.5 2.5 2 0 5 1 1
-4746.5 -11744.6 37.7 259 0 14.9 69.7 10.0 2.5 2 1 4 0 0
-3305.7 -11394.2 -25.9 144 0 74.7 59.3 15.0 0.0 0 0 6 2 2
-2955.2 -11511.6 -31.3 227 0 33.6 68.4 12.5 0.0 0 1 5 3 3
-5243.9 -8778.3 -11.7 314 0 10.3 27.9 10.0 2.5 2 1 4 2 2
-4589.1 -11539.2 46.3 274 0 16.6 74.2 10.0 2.5 2 1 4 1 1
-5303.5 -8958.0 -14.9 43 0 13.6 38.0 12.5 2.5 4 1 5 3 3
-3898.6 -10576.4 -22.4 231 0 19.6 86.5 10.0 0.0 0 1 4 2 2
-2024.1 -12455.0 -32.9 203 0 15.7 88.2 12.5 0.0 0 1 5 2 2
-5384.3 -9025.0 -15.2 43 0 61.2 50.1 12.5 0.0 0 0 5 3 3
-4723.5 -11563.6 44.2 136 0 9.0 26.7 5.0 2.5 2 1 2 2 2
-4774.9 -10710.8 -1.2 222 0 22.5 82.3 12.5 0.0 0 1 5 3 3
-4702.2 -11741.3 39.6 258 0 13.4 65.6 12.5 2.5 4 1 5 2 2
-5454.0 -10164.8 -22.6 39 0 53.0 177.8 10.0 0.0 0 1 4 0 0
-3342.3 -11153.1 -20.6 234 0 41.8 18.6 10.0 2.5 2 0 4 3 3
-3815.6 -10704.0 -21.7 321 0 50.6 37.6 10.0 0.0 0 0 4 0 0
-4766.5 -11745.8 36.9 259 0 14.1 71.9 10.0 2.5 2 1 4 5 5
-4883.6 -10125.8 -20.2 310 0 73.5 21.2 10.0 2.5 2 0 4 4 4
-4514.7 -10468.5 -13.7 314 0 94.0 43.3 12.5 0.0 0 0 5 0 0
-5303.1 -8894.1 -13.5 313 0 33.7 18.7 10.0 0.0 0 0 4 2 2
-3410.6 -11201.3 -20.2 233 0 30.2 18.0 10.0 2.5 2 0 4 1 1
-2409.6 -12364.1 -43.6 316 0 43.8 57.0 10.0 0.0 0 1 4 5 5
-4774.9 -10165.2 -20.4 131 0 57.8 19.4 10.0 2.5 2 0 4 0 0
-4737.6 -10124.5 -21.0 311 0 60.1 22.1 17.5 2.5 2 0 7 5 5
-5822.1 -9126.9 -23.2 46 0 46.4 61.3 10.0 0.0 0 1 4 0 0
-4612.4 -11536.2 46.2 273 0 14.7 84.1 12.5 2.5 2 1 5 0 0
-5264.0 -9929.6 -25.2 310 0 23.8 60.1 7.5 2.5 2 1 3 1 1
-3253.8 -11025.2 -25.4 132 0 50.8 88.0 12.5 0.0 0 1 5 1 1
-4648.9 -10464.9 -10.9 222 0 63.3 147.6 12.5 0.0 0 1 5 0 0
-4671.2 -10247.6 -20.4 132 0 32.8 89.5 12.5 0.0 0 1 5 4 4
-5124.5 -10087.3 -24.4 41 0 74.0 121.4 10.0 0.0 0 1 4 1 1
-5382.7 -9916.4 -25.7 220 0 53.1 80.0 7.5 0.0 0 1 3 1 1
-4637.1 -11332.0 36.2 271 0 13.9 67.3 12.5 2.5 4 1 5 1 1
-3816.6 -10643.2 -23.2 60 0 13.0 37.6 10.0 2.5 2 1 4 3 3
-2886.8 -11611.0 -31.4 132 0 72.7 37.5 10.0 0.0 0 0 4 5 5
-5267.7 -8937.8 -15.2 44 0 45.9 11.1 7.5 2.5 2 0 3 0 0
-4782.7 -10377.9 -18.2 41 0 27.6 282.4 10.0 0.0 0 1 4 4 4
-3265.5 -11248.5 -29.0 233 0 82.8 128.6 12.5 0.0 0 1 5 1 1
-4843.3 -11757.1 33.8 253 0 13.3 68.9 10.0 2.5 4 1 4 3 3
-5815.1 -9295.6 -19.8 48 0 47.6 99.8 12.5 0.0 0 1 5 5 5
-4631.9 -11929.9 42.6 87 0 11.5 26.2 10.0 2.5 2 1 4 2 2
-2800.5 -11608.8 -33.4 45 0 28.8 96.3 12.5 0.0 0 1 5 2 2
-3445.6 -11034.2 -24.8 331 0 55.4 21.6 10.0 2.5 2 0 4 1 1
-3920.3 -10793.8 -18.2 241 0 30.6 67.1 10.0 0.0 0 1 4 4 4
-1904.4 -12508.7 -28.3 25 0 15.6 39.6 12.5 2.5 2 1 5 4 4
-3839.9 -10578.2 -23.6 322 0 48.6 26.3 12.5 0.0 0 0 5 5 5
-4785.3 -10934.8 0.2 100 0 31.6 124.5 12.5 0.0 0 1 5 5 5
-5688.0 -8893.4 -24.7 43 0 25.5 36.4 12.5 0.0 0 1 5 0 0
-5373.3 -10098.3 -23.5 130 0 42.6 30.0 12.5 0.0 0 0 5 1 1
-4662.8 -11451.0 36.0 131 0 7.5 45.1 7.5 2.5 2 1 3 2 2
-4636.0 -10672.7 -3.6 43 0 59.6 107.2 17.5 0.0 0 1 7 0 0
-5280.6 -8796.8 -12.4 135 0 10.9 26.9 10.0 2.5 2 1 4 4 4
-3338.2 -11223.2 -20.2 57 0 19.2 37.8 7.5 0.0 0 1 3 0 0
-2397.3 -12493.5 -43.1 46 0 36.9 173.5 10.0 0.0 0 1 4 2 2
-4788.8 -11753.1 36.1 258 0 12.9 70.0 10.0 2.5 2 1 4 4 4
-4672.5 -11620.6 43.0 102 0 11.2 70.2 10.0 2.5 2 1 4 5 5
-5474.7 -9982.1 -24.8 220 0 40.0 48.9 7.5 0.0 0 1 3 3 3
-3397.2 -11287.1 -29.4 53 0 22.4 40.0 12.5 0.0 0 1 5 3 3
-4682.1 -10728.7 -1.8 43 0 61.3 109.9 10.0 0.0 0 1 4 5 5
-5324.0 -8982.4 -15.2 42 0 19.6 46.3 15.0 2.5 2 1 6 1 1
-4558.8 -10269.0 -19.7 44 0 94.8 31.5 10.0 0.0 0 0 4 0 0
-5402.4 -10054.4 -24.1 130 0 37.3 33.4 5.0 0.0 0 0 2 4 4
-4785.0 -11912.1 35.8 16 0 68.3 14.0 10.0 2.5 2 0 4 5 5
3778.2 1350.7 -35.7 309 0 46.8 19.8 12.5 2.5 4 0 5 5 5
1358.8 11179.6 -63.3 205 0 16.9 11.3 10.0 2.5 2 0 4 1 1
1654.9 1952.2 -11.8 129 0 32.1 25.4 10.0 0.0 0 0 4 0 0
1680.6 2009.5 -15.1 221 0 27.3 35.0 12.5 0.0 0 1 5 5 5
2088.3 6538.0 -62.1 66 0 13.8 78.5 15.0 2.5 2 1 6 2 2
-5036.9 -9112.0 -13.6 237 0 18.7 17.9 10.0 2.5 2 0 4 5 5
-5043.8 -9078.1 -13.2 114 0 12.6 20.0 10.0 2.5 4 1 4 4 4
-3817.8 -10886.7 -18.8 313 0 14.1 32.7 12.5 2.5 2 1 5 0 0
