6654.2 -5007.1 19.1 50 0 20.5 80.6 12.5 0.0 0 1 5 3 3
-5626.9 6872.5 -21.8 38 0 44.4 13.9 14.0 0.0 0 0 4 5 5
-5764.8 7123.1 -22.1 238 0 10.6 53.0 10.5 3.5 2 1 3 1 1
-5707.1 7097.3 -23.1 58 0 9.1 41.8 10.5 3.5 2 1 3 2 2
-5776.1 7129.9 -23.5 146 0 10.0 45.9 10.5 3.5 2 1 3 3 3
-5902.0 11974.3 -33.5 216 0 12.0 44.7 7.5 2.5 2 1 3 0 0
-5887.0 11988.7 -33.9 214 0 11.1 36.2 7.5 2.5 2 0 3 5 5
-5885.2 12172.1 -35.7 55 0 9.5 4.5 7.5 2.5 4 0 3 2 2
-5818.3 6967.6 -17.8 76 0 9.7 76.1 10.5 3.5 4 1 3 1 1
-5868.5 7042.8 -17.2 255 0 9.8 67.0 10.5 3.5 2 1 3 2 2
-5869.5 6964.4 -16.1 164 0 9.3 36.6 10.5 3.5 2 1 3 2 2
-5877.2 6969.6 -16.6 75 0 9.0 63.1 10.5 3.5 2 1 3 2 2
-5927.1 7076.8 -17.9 230 0 9.0 34.5 10.5 3.5 2 1 3 4 4
-5940.6 7042.7 -16.7 232 0 10.4 24.5 10.5 3.5 2 1 3 0 0
-5999.8 11994.7 -38.6 0 0 18.0 11.4 7.5 2.5 2 0 3 1 1
-5965.3 12094.9 -34.8 106 0 17.8 14.1 5.0 2.5 2 0 2 1 1
-5952.7 12109.7 -35.0 150 0 17.4 17.4 7.5 2.5 2 1 3 1 1
-5929.2 12100.1 -34.8 148 0 7.4 11.8 7.5 2.5 2 1 3 3 3
-5933.2 12087.3 -34.6 147 0 7.8 15.6 5.0 0.0 0 1 2 5 5
-5907.4 12109.1 -34.8 263 0 8.0 7.0 7.5 2.5 2 0 3 1 1
-5893.5 12132.5 -35.1 260 0 8.8 12.1 7.5 2.5 2 1 3 5 5
-5979.8 12071.1 -35.0 190 0 12.2 12.0 7.5 2.5 2 0 3 1 1
-5978.1 12059.0 -35.4 190 0 9.5 5.8 2.5 2.5 2 0 1 0 0
-5976.8 12030.2 -36.3 91 0 6.1 11.9 5.0 2.5 2 0 2 3 3
-5959.5 12066.6 -35.1 261 0 9.4 13.4 5.0 2.5 2 1 2 3 3
-5965.0 12041.0 -35.6 102 0 8.1 10.6 7.5 2.5 2 1 3 2 2
-5967.5 12030.0 -36.1 99 0 7.0 10.1 2.5 2.5 2 0 1 4 4
-5954.3 12035.5 -35.8 180 0 10.8 9.4 7.5 2.5 2 0 3 3 3
-5909.7 12047.2 -34.4 37 0 13.2 17.3 5.0 0.0 0 1 2 3 3
-5887.3 12015.9 -33.9 39 0 7.4 10.9 7.5 2.5 2 1 3 0 0
-5901.2 12054.8 -34.2 40 0 8.1 18.1 7.5 2.5 2 1 3 1 1
-5926.4 12080.6 -34.4 231 0 7.6 11.3 5.0 2.5 2 1 2 3 3
-5895.5 12085.4 -34.6 46 0 7.5 4.6 5.0 2.5 2 0 2 3 3
-5872.0 12066.3 -34.8 41 0 8.3 9.4 7.5 2.5 4 1 3 4 4
-5866.9 12080.9 -35.0 44 0 14.7 16.9 5.0 2.5 2 1 2 5 5
-5850.1 12082.6 -35.2 17 0 11.6 10.9 10.0 2.5 2 0 4 0 0
-5849.3 12093.0 -35.4 91 0 9.0 20.2 7.5 2.5 2 1 3 4 4
-5829.1 12118.6 -35.8 2 0 10.5 8.7 5.0 0.0 0 0 2 3 3
-5822.8 12126.5 -35.9 5 0 5.7 9.1 5.0 0.0 0 1 2 3 3
-5807.5 12106.4 -36.1 24 0 9.4 7.3 5.0 2.5 4 0 2 0 0
-5803.4 12116.5 -36.2 28 0 6.0 6.9 7.5 0.0 0 1 3 2 2
-5802.5 12146.5 -36.4 18 0 7.2 7.0 5.0 0.0 0 0 2 2 2
-5812.0 12147.8 -36.2 14 0 7.2 9.6 5.0 2.5 2 1 2 3 3
-5807.8 12164.6 -36.3 14 0 16.8 11.8 7.5 2.5 4 0 3 3 3
-5801.5 12188.9 -36.5 339 0 10.1 22.7 2.5 2.5 4 1 1 4 4
-6022.4 12313.0 -37.4 236 0 6.8 11.4 5.0 2.5 2 1 2 5 5
-6001.9 12322.1 -37.6 252 0 12.9 8.0 7.5 2.5 2 0 3 5 5
-5835.7 11884.1 -34.0 122 0 30.3 54.6 12.5 0.0 0 1 5 4 4
-5874.6 11917.7 -33.0 139 0 12.8 13.6 2.5 0.0 0 1 1 4 4
-5811.4 11821.7 -32.5 0 0 15.6 13.1 5.0 2.5 2 0 2 1 1
-5812.4 11801.1 -32.3 0 0 16.7 14.0 10.0 2.5 2 0 4 3 3
-5813.4 11781.9 -32.0 360 0 16.0 13.7 5.0 2.5 2 0 2 1 1
-5814.5 11760.6 -31.7 0 0 15.2 14.0 7.5 2.5 2 0 3 2 2
-5840.7 11735.1 -31.1 101 0 13.4 15.9 10.0 2.5 2 1 4 3 3
-5845.9 11832.2 -32.2 269 0 14.1 15.6 7.5 2.5 2 1 3 3 3
-5838.9 11795.6 -31.8 1 0 15.8 13.7 7.5 0.0 0 0 3 0 0
-5853.5 11774.2 -31.5 180 0 15.6 14.0 7.5 2.5 2 0 3 3 3
-5867.3 11837.6 -31.9 284 0 14.5 17.1 7.5 2.5 2 1 3 2 2
-5879.2 11801.5 -31.4 179 0 15.6 14.0 5.0 0.0 0 0 2 5 5
-5878.9 11782.4 -31.2 181 0 16.1 13.6 7.5 2.5 2 0 3 5 5
-5902.1 11846.0 -31.6 290 0 14.3 16.2 2.5 0.0 0 1 1 3 3
-5932.1 11859.6 -33.9 295 0 13.8 18.2 15.0 0.0 0 1 6 5 5
-5952.9 11813.6 -34.3 101 0 13.3 17.5 5.0 2.5 2 1 2 1 1
-5989.6 11841.8 -37.0 216 0 18.4 12.3 2.5 2.5 2 0 1 3 3
-5839.9 11871.2 -32.7 308 0 9.5 8.4 5.0 2.5 2 0 2 1 1
-5849.9 11881.0 -32.7 306 0 15.9 11.5 2.5 2.5 4 0 1 4 4
-5873.5 11897.9 -32.5 305 0 12.3 16.1 5.0 2.5 2 1 2 4 4
-5886.9 11908.0 -32.5 306 0 18.0 10.8 5.0 2.5 2 0 2 0 0
