-4805.0 -10032.5 -149.0 48 0 50.4 16.3 7.5 0.0 0 0 3 3 3
-4773.7 -10004.4 -148.9 47 0 23.8 15.6 10.0 2.5 2 0 4 4 4
-990.6 -12517.4 -137.6 218 0 36.6 10.9 10.5 0.0 0 0 3 0 0
-3103.8 1489.4 -139.6 359 0 130.7 60.3 12.5 0.0 0 0 5 2 2
-3353.2 1489.5 -137.3 179 0 145.8 52.2 15.0 0.0 0 0 6 2 2
-3540.1 1569.8 -136.3 179 0 204.7 86.4 12.5 0.0 0 0 5 1 1
-3210.5 1411.4 -138.4 89 0 52.2 145.8 12.5 0.0 0 1 5 3 3
-2573.2 -5438.4 -116.7 167 0 436.4 93.9 14.0 0.0 0 0 4 4 4
-3871.9 -12829.3 -154.8 46 0 22.8 39.0 17.5 0.0 0 1 5 4 4
-3919.1 -12744.7 -150.4 226 0 17.9 55.9 17.5 3.5 2 1 5 5 5
-4187.6 -12670.9 -155.0 306 0 148.7 18.7 14.0 0.0 0 0 4 2 2
-4057.8 -12818.9 -155.2 33 0 19.4 44.3 14.0 3.5 2 1 4 3 3
-4102.9 -12736.1 -150.8 306 0 50.0 14.7 14.0 3.5 2 0 4 3 3
-3984.2 -12780.9 -151.0 38 0 19.1 55.5 17.5 3.5 2 1 5 3 3
-4057.7 -12734.3 -147.8 129 0 51.6 19.4 17.5 3.5 2 0 5 5 5
624.8 -1057.0 -112.1 239 0 84.0 379.1 10.0 0.0 0 1 4 1 1
671.7 -1473.1 -126.4 58 0 239.4 378.8 10.0 0.0 0 1 4 4 4
937.2 -1193.9 -122.4 329 0 551.0 117.7 14.0 0.0 0 0 4 3 3
746.4 -1983.4 -127.3 47 0 38.6 42.4 12.5 0.0 0 1 5 5 5
1438.4 -1583.5 -118.5 59 0 21.7 196.4 14.0 0.0 0 0 4 1 1
1053.3 -1761.0 -124.9 238 0 81.2 162.2 10.0 0.0 0 1 4 5 5
1239.6 -2063.2 -128.3 59 0 73.7 151.1 17.5 0.0 0 1 7 0 0
931.7 -1833.2 -132.4 239 0 167.2 168.9 12.5 0.0 0 1 5 2 2
1446.8 -1659.7 -118.6 329 0 50.9 144.1 14.0 0.0 0 1 4 4 4
1363.3 -1976.6 -126.4 59 0 143.0 521.6 14.0 0.0 0 1 4 5 5
354.2 -458.3 -116.1 151 0 217.8 95.6 14.0 0.0 0 0 4 5 5
688.9 -632.7 -124.5 328 0 373.7 73.4 14.0 0.0 0 0 4 4 4
520.1 -731.0 -126.2 149 0 375.5 95.9 14.0 0.0 0 0 4 2 2
622.2 -2130.9 -129.5 255 0 25.9 66.9 14.0 0.0 0 1 4 0 0
-4835.6 -3224.3 -118.9 23 0 25.7 114.7 12.5 0.0 0 1 5 1 1
-3711.1 -8127.1 -142.2 220 0 13.5 47.0 10.0 2.5 2 1 4 5 5
-3275.4 -1287.9 -133.3 162 0 161.9 348.3 10.5 0.0 0 1 3 2 2
-3372.5 -1345.7 -129.5 341 0 48.2 167.8 10.5 0.0 0 1 3 1 1
-3753.1 -1339.4 -136.6 161 0 116.8 168.8 10.5 0.0 0 1 3 1 1
-3784.3 -1246.6 -135.5 162 0 49.9 106.2 10.5 0.0 0 1 3 1 1
-3413.0 -1222.0 -129.4 341 0 180.7 168.6 10.5 0.0 0 0 3 0 0
-3387.3 -1515.6 -127.0 251 0 277.3 120.0 14.0 0.0 0 0 4 0 0
-3712.4 -1439.7 -136.5 161 0 69.0 162.3 10.5 0.0 0 1 3 1 1
-3465.8 -1065.6 -127.5 341 0 120.5 168.8 10.5 0.0 0 1 3 3 3
-3804.4 -1188.4 -135.0 161 0 48.5 168.7 10.5 0.0 0 1 3 4 4
1062.9 -2941.9 -121.2 74 0 102.3 390.5 10.0 0.0 0 1 4 0 0
1890.4 -2498.3 -123.0 314 0 175.4 125.7 10.0 0.0 0 0 4 3 3
6587.7 3782.3 -144.3 239 0 106.1 96.6 12.5 0.0 0 0 5 3 3
-3233.4 -793.3 -127.5 342 0 24.2 22.6 14.0 3.5 2 0 4 5 5
-3266.3 -1073.4 -126.3 72 0 36.5 111.7 14.0 0.0 0 1 4 4 4
-3192.2 -1046.9 -127.4 71 0 17.6 37.3 14.0 0.0 0 1 4 1 1
-3200.7 -950.8 -126.7 342 0 38.0 76.2 14.0 0.0 0 1 4 5 5
740.3 -2117.7 -123.9 74 0 63.0 23.8 10.0 2.5 4 0 4 5 5
945.5 -1004.5 -112.8 329 0 226.1 74.4 10.0 0.0 0 0 4 3 3
731.5 -974.5 -126.2 59 0 93.4 111.8 14.0 0.0 0 1 4 3 3
822.7 -917.8 -124.5 60 0 71.9 111.6 14.0 0.0 0 1 4 3 3
890.8 -878.0 -118.6 60 0 42.2 110.5 14.0 0.0 0 1 4 1 1
961.1 -1611.2 -122.6 239 0 84.5 150.8 12.5 0.0 0 1 5 1 1
864.8 -1665.6 -128.6 239 0 106.0 156.7 12.5 0.0 0 1 5 5 5
808.5 -1790.0 -131.5 149 0 155.5 39.9 12.5 0.0 0 0 5 5 5
4936.2 2991.2 -103.3 193 0 37.7 28.1 15.0 0.0 0 0 6 0 0
2429.9 12792.7 -84.5 40 0 9.1 15.9 5.0 2.5 2 1 2 0 0
5828.0 -10414.5 135.4 82 0 35.5 86.8 17.5 0.0 0 1 7 3 3
-6914.0 10023.0 -158.2 179 0 57.0 19.4 10.0 2.5 2 0 4 1 1
-2659.7 -3018.8 -120.8 16 0 47.1 26.3 14.0 0.0 0 0 4 1 1
-2677.9 -2929.2 -120.9 285 0 29.3 129.4 14.0 0.0 0 0 4 5 5
-2672.8 -3076.5 -121.3 105 0 57.7 35.6 14.0 0.0 0 0 4 4 4
