4974.7 -5527.0 -216.9 101 0 34.9 8.1 10.5 3.5 2 0 3 3 3
4979.9 -8283.4 -184.4 126 0 19.5 17.0 14.0 3.5 2 0 4 3 3
6142.9 -10603.7 -226.8 310 0 17.6 40.1 14.0 3.5 2 1 4 2 2
6087.6 -10678.1 -225.8 177 0 17.0 26.7 14.0 0.0 0 0 4 0 0
6161.0 -10539.3 -227.3 311 0 41.1 56.5 14.0 0.0 0 0 4 3 3
6695.7 -11315.7 -216.9 310 0 16.7 31.3 15.0 0.0 0 1 6 2 2
6430.9 -11098.8 -229.3 321 0 84.8 29.6 12.5 0.0 0 0 5 4 4
6288.8 -10816.1 -233.1 156 0 13.8 17.9 10.5 3.5 2 1 3 1 1
6061.4 -10721.4 -225.8 249 0 23.1 9.1 10.5 3.5 2 0 3 0 0
6030.0 -10739.1 -226.4 160 0 13.3 19.2 14.0 3.5 2 1 4 4 4
5911.5 -10722.7 -233.6 273 0 21.0 14.1 14.0 3.5 2 0 4 2 2
6087.2 -10878.1 -217.7 21 0 25.9 14.0 14.0 3.5 2 0 4 1 1
5981.9 -10729.6 -229.8 272 0 22.0 12.5 14.0 3.5 2 0 4 3 3
6010.5 -10741.5 -228.1 42 0 12.1 10.3 14.0 3.5 2 0 4 4 4
6018.4 -10739.6 -226.3 234 0 9.9 14.8 10.5 3.5 2 1 3 3 3
5953.9 -10726.3 -231.1 273 0 13.9 6.5 10.5 0.0 0 0 3 3 3
5932.0 -10724.0 -232.7 273 0 20.1 14.1 14.0 3.5 2 0 4 1 1
6718.7 -11199.5 -211.0 326 0 34.4 27.0 12.5 0.0 0 0 5 1 1
6525.6 -11238.7 -228.1 128 0 26.6 16.1 10.5 3.5 2 0 3 5 5
6011.3 -10312.2 -239.9 40 0 20.4 13.6 14.0 3.5 2 0 4 5 5
5783.6 -10293.7 -239.2 39 0 34.2 17.4 14.0 3.5 2 0 4 5 5
3192.4 -10132.4 -222.5 4 0 13.9 19.0 10.0 0.0 0 1 4 3 3
47.1 -4191.7 -208.9 2 0 13.0 8.0 7.0 2.5 2 0 2 3 3
1766.4 -1968.4 -213.5 195 0 15.6 19.8 12.5 2.5 2 1 5 1 1
4120.7 -10728.7 22.4 173 0 16.6 50.2 15.0 2.5 2 1 6 2 2
4445.9 -5681.0 -216.8 315 0 4.9 7.4 10.5 3.5 2 1 3 0 0
6219.5 -10419.2 -234.0 41 0 12.0 12.7 14.0 3.5 2 1 4 3 3
5426.5 -7879.5 -223.3 184 0 13.0 18.8 14.0 3.5 2 1 4 5 5
5484.7 -7796.2 -222.8 274 0 6.8 20.1 10.5 3.5 4 1 3 1 1
5636.3 -7747.7 -216.2 68 0 12.5 10.3 14.0 3.5 2 0 4 4 4
5436.6 -7826.0 -217.5 119 0 10.5 15.6 14.0 3.5 4 1 4 4 4
5506.8 -7770.7 -217.9 70 0 25.4 12.9 14.0 3.5 4 0 4 5 5
6090.3 -10373.4 -234.9 308 0 23.8 8.9 10.5 3.5 4 0 3 5 5
6106.8 -10386.5 -234.2 38 0 15.9 7.5 10.5 3.5 2 0 3 2 2
4498.4 -407.1 -226.3 219 0 4.9 7.9 5.0 0.0 0 1 2 2 2
4548.9 -455.0 -225.4 130 0 10.7 12.6 7.5 2.5 2 1 3 5 5
4436.6 -416.0 -226.9 260 0 8.5 6.6 5.0 2.5 2 0 2 5 5
4559.8 -462.8 -223.0 134 0 6.6 5.1 7.5 0.0 0 0 3 4 4
4554.8 -470.4 -220.9 329 0 10.2 16.5 5.0 2.5 2 1 2 2 2
4521.8 -495.4 -220.9 157 0 10.2 9.1 5.0 2.5 2 0 2 3 3
2886.9 109.1 -221.4 352 0 11.7 8.8 7.5 2.5 4 0 3 1 1
2821.7 80.6 -219.9 74 0 9.4 8.9 5.0 2.5 2 0 2 0 0
4448.2 -412.6 -226.6 252 0 6.9 6.3 5.0 2.5 2 0 2 1 1
4453.0 -405.4 -227.5 72 0 7.8 16.1 5.0 2.5 2 1 2 1 1
4445.0 -407.7 -227.3 71 0 4.0 9.7 5.0 2.5 2 1 2 2 2
5396.4 -10190.9 -230.7 4 0 11.4 24.4 10.0 2.5 2 1 4 0 0
-1541.1 -1402.8 -219.0 336 0 71.5 22.8 17.5 2.5 4 0 7 5 5
-1423.5 -1622.9 -190.3 89 0 20.4 14.6 10.0 2.5 2 0 4 3 3
-1419.6 -1585.4 -189.0 270 0 11.2 20.7 5.0 2.5 2 1 2 4 4
6432.3 -4136.9 -216.8 140 0 55.9 26.0 14.0 3.5 2 0 4 3 3
4569.2 -457.3 -227.0 140 0 5.9 9.5 7.5 2.5 4 1 3 2 2
1457.0 -2141.9 -219.9 216 0 10.5 11.6 2.5 2.5 4 1 1 5 5
-1644.2 -1279.6 -230.3 89 0 10.6 15.4 5.0 2.5 2 1 2 4 4
-1524.8 -1441.3 -210.8 289 0 10.7 19.9 7.5 0.0 0 1 3 3 3
6719.4 -36.2 -218.3 112 0 20.2 11.6 12.5 0.0 0 0 5 1 1
6757.1 -52.9 -218.4 110 0 6.8 7.8 2.5 0.0 0 1 1 2 2
5491.7 -7458.7 -224.3 150 0 27.7 42.0 14.0 0.0 0 1 4 0 0
5182.7 -8037.9 -221.4 153 0 9.9 31.3 7.5 0.0 0 1 3 1 1
5561.3 -7747.2 -218.8 213 0 5.7 11.9 10.5 3.5 2 1 3 0 0
5368.9 -7912.4 -217.2 270 0 9.3 20.2 10.5 3.5 2 1 3 4 4
-2539.3 -4807.0 -223.5 180 0 6.6 14.9 7.5 2.5 2 1 3 0 0
5690.1 -10779.0 -230.0 300 0 5.6 9.9 10.5 3.5 2 1 3 1 1
6252.3 -11087.6 -213.7 48 0 14.5 18.9 10.5 3.5 2 1 3 0 0
6379.3 -11416.2 -188.2 54 0 3.8 9.5 10.5 3.5 2 1 3 2 2
5755.4 -10850.4 -227.4 286 0 6.2 15.5 10.5 3.5 2 1 3 2 2
6552.7 -10915.3 -234.5 137 0 5.9 23.8 10.5 3.5 2 1 3 1 1
5710.0 -10903.7 -226.8 92 0 8.2 12.5 10.5 3.5 4 1 3 5 5
6194.7 -10873.2 -227.5 174 0 27.4 10.0 10.5 3.5 2 0 3 3 3
6221.8 -11344.2 -161.2 70 0 4.9 9.8 10.5 0.0 0 1 3 5 5
6280.2 -11566.6 -183.2 281 0 6.3 70.9 7.5 0.0 0 1 3 0 0
5815.1 -11469.0 -166.9 142 0 5.3 17.3 10.5 3.5 2 1 3 1 1
5910.7 -11252.3 -184.5 86 0 4.8 10.3 2.5 0.0 0 1 1 0 0
6110.3 -10862.3 -220.1 183 0 12.2 8.0 10.5 3.5 2 0 3 1 1
6272.1 -11545.6 -179.2 281 0 4.8 76.5 7.5 0.0 0 1 3 0 0
5632.4 -10803.1 -229.5 284 0 8.7 7.8 10.5 3.5 2 0 3 3 3
6163.3 -11389.3 -156.0 141 0 7.1 5.4 10.5 3.5 2 0 3 1 1
5785.3 -10944.1 -217.8 337 0 8.2 15.2 10.5 0.0 0 1 3 2 2
6357.4 -11471.5 -177.1 209 0 5.1 8.2 5.0 0.0 0 1 2 3 3
5744.8 -11631.0 -128.8 211 0 8.2 14.8 7.5 2.5 2 1 3 2 2
5930.2 -11035.1 -194.9 78 0 5.6 12.9 10.5 3.5 2 1 3 3 3
5800.3 -11505.0 -164.7 328 0 4.6 7.5 10.5 3.5 2 1 3 2 2
6102.4 -11555.7 -152.7 162 0 11.4 9.2 5.0 0.0 0 0 2 3 3
6057.5 -10919.2 -214.1 197 0 12.1 10.3 10.5 3.5 2 0 3 5 5
6320.5 -11403.3 -174.1 13 0 4.1 7.5 10.5 3.5 2 1 3 0 0
5745.0 -11276.5 -200.9 23 0 7.0 5.3 10.5 3.5 2 0 3 2 2
6546.6 -10918.4 -233.6 226 0 10.7 5.0 10.5 3.5 2 0 3 0 0
6481.6 -11250.0 -222.4 306 0 7.2 11.4 10.5 3.5 2 1 3 1 1
5648.2 -10783.6 -230.5 92 0 6.8 8.2 10.5 3.5 4 1 3 0 0
6098.7 -10806.7 -220.6 286 0 5.4 40.5 10.5 3.5 2 1 3 2 2
6086.4 -10741.0 -222.8 290 0 9.9 6.1 10.5 3.5 2 0 3 3 3
5691.2 -10938.0 -225.8 177 0 6.7 5.3 10.5 3.5 2 0 3 0 0
6397.8 -11508.1 -181.6 30 0 7.6 7.0 5.0 2.5 2 0 2 4 4
6223.2 -11619.1 -175.0 149 0 6.0 7.9 2.5 2.5 2 1 1 3 3
6453.8 -11373.7 -204.1 69 0 8.0 14.7 10.5 3.5 2 1 3 1 1
5768.5 -11682.3 -113.3 32 0 8.8 12.9 5.0 2.5 2 1 2 1 1
5753.9 -11470.9 -177.9 157 0 4.5 7.3 10.5 3.5 2 1 3 2 2
6129.1 -10878.4 -221.1 360 0 25.8 7.6 10.5 3.5 2 0 3 3 3
6109.0 -11082.7 -198.9 32 0 6.4 17.5 10.5 3.5 4 1 3 0 0
6074.3 -11434.0 -148.5 179 0 5.1 11.9 5.0 2.5 2 1 2 0 0
5825.1 -10652.7 -232.8 267 0 9.9 4.4 10.5 3.5 2 0 3 5 5
6406.8 -11188.4 -222.1 322 0 11.6 8.5 10.5 0.0 0 0 3 1 1
6025.3 -11000.2 -202.3 20 0 10.7 4.0 10.5 3.5 2 0 3 3 3
6646.8 -11611.9 -219.5 329 0 12.8 19.7 12.5 2.5 2 1 5 3 3
5979.0 -10800.8 -222.1 342 0 9.3 6.4 10.5 3.5 2 0 3 1 1
6465.0 -11416.2 -198.7 223 0 10.5 4.5 7.5 0.0 0 0 3 5 5
6441.0 -11225.2 -222.3 217 0 4.8 16.2 10.5 3.5 2 1 3 0 0
5658.8 -10800.1 -229.8 182 0 5.5 10.4 10.5 3.5 2 1 3 1 1
5985.5 -10998.9 -198.9 205 0 4.1 7.9 10.5 3.5 2 1 3 3 3
5736.6 -11646.5 -122.8 211 0 8.6 13.6 7.5 2.5 2 1 3 5 5
6247.4 -11529.1 -171.0 282 0 6.8 58.4 7.5 2.5 2 1 3 0 0
6176.5 -11004.9 -215.9 280 0 31.5 11.7 14.0 3.5 2 0 4 4 4
5775.0 -10921.8 -220.3 250 0 7.4 8.2 10.5 3.5 4 1 3 5 5
6434.1 -11312.5 -208.8 339 0 14.5 7.7 10.5 3.5 4 0 3 1 1
5720.9 -10723.9 -231.3 57 0 8.8 7.6 10.5 3.5 2 0 3 3 3
5864.9 -10244.1 -240.2 123 0 11.1 6.2 10.5 3.5 2 0 3 3 3
5746.8 -10782.2 -229.3 308 0 6.9 4.8 10.5 3.5 2 0 3 5 5
6091.5 -10899.9 -218.8 211 0 10.9 15.1 10.5 3.5 4 1 3 2 2
6066.4 -11096.5 -194.7 137 0 12.0 10.0 5.0 2.5 2 0 2 2 2
6087.3 -11469.6 -148.7 359 0 5.1 12.6 7.5 2.5 2 1 3 1 1
6424.3 -11300.1 -208.9 329 0 8.9 6.4 10.5 3.5 2 0 3 5 5
6062.9 -10903.6 -216.0 202 0 11.7 10.0 10.5 3.5 2 0 3 5 5
6584.2 -10870.7 -235.6 246 0 4.2 7.3 10.5 3.5 4 1 3 0 0
5815.3 -11685.2 -115.5 213 0 14.6 8.1 2.5 2.5 2 0 1 5 5
6126.5 -11379.6 -152.6 122 0 5.7 7.0 10.5 0.0 0 1 3 4 4
5775.3 -11013.9 -209.6 270 0 6.1 9.7 10.5 3.5 4 1 3 4 4
6471.0 -10850.6 -235.3 261 0 5.6 6.0 10.5 3.5 2 1 3 0 0
6193.8 -10993.2 -219.2 46 0 10.1 17.1 10.5 3.5 4 1 3 2 2
5648.3 -10831.2 -229.3 126 0 5.4 10.6 10.5 3.5 2 1 3 3 3
6125.3 -11451.6 -152.6 106 0 6.5 9.4 5.0 2.5 2 1 2 5 5
5721.2 -11336.9 -195.4 339 0 5.8 5.3 10.5 3.5 4 0 3 2 2
5738.8 -10841.4 -228.0 122 0 6.2 8.4 10.5 3.5 2 1 3 1 1
5957.7 -11030.2 -194.6 69 0 4.5 12.2 10.5 3.5 2 1 3 2 2
6210.5 -10933.1 -225.8 345 0 27.1 9.9 10.5 3.5 2 0 3 0 0
5626.9 -10834.4 -228.7 284 0 8.1 12.8 10.5 3.5 2 1 3 5 5
5677.2 -10794.9 -229.8 210 0 9.5 6.5 10.5 3.5 2 0 3 1 1
6286.0 -11499.2 -167.2 345 0 15.1 4.3 7.5 2.5 2 0 3 0 0
6105.6 -11408.5 -150.7 292 0 10.8 10.7 7.5 2.5 4 0 3 1 1
5738.7 -11371.0 -191.6 316 0 6.6 7.7 10.5 3.5 2 1 3 5 5
6407.3 -11356.9 -199.8 160 0 7.3 5.0 10.5 3.5 2 0 3 3 3
6128.4 -11547.3 -154.0 342 0 11.4 9.2 5.0 2.5 2 0 2 2 2
5715.8 -11122.7 -213.9 58 0 6.8 5.4 10.5 0.0 0 0 3 0 0
5800.4 -10829.5 -227.7 59 0 6.8 9.9 10.5 3.5 2 1 3 1 1
6311.7 -11383.3 -177.6 199 0 6.3 13.0 10.5 3.5 2 1 3 2 2
6081.0 -11050.3 -203.2 140 0 12.5 10.7 5.0 2.5 2 0 2 4 4
5822.2 -10956.4 -210.0 147 0 6.2 7.2 10.5 3.5 2 1 3 0 0
5701.7 -10928.1 -225.9 264 0 8.1 7.5 10.5 3.5 2 0 3 3 3
6222.6 -10897.8 -228.5 335 0 18.2 12.2 10.5 3.5 2 0 3 1 1
6121.2 -11414.2 -152.1 292 0 10.2 10.8 5.0 2.5 2 1 2 0 0
5762.0 -10960.2 -219.2 71 0 15.3 8.3 10.5 3.5 2 0 3 0 0
6362.9 -10906.7 -233.1 334 0 5.9 10.0 10.5 3.5 2 0 3 4 4
5755.4 -11672.6 -114.3 34 0 9.2 6.6 2.5 2.5 2 0 1 5 5
6445.4 -11307.4 -210.8 335 0 15.2 6.9 10.5 0.0 0 0 3 3 3
6109.2 -10885.4 -220.3 180 0 12.0 9.3 10.5 3.5 4 0 3 5 5
6108.2 -11092.4 -197.0 213 0 7.2 17.4 2.5 2.5 2 1 1 4 4
6075.0 -11441.0 -148.4 179 0 5.5 10.5 5.0 2.5 2 1 2 1 1
6061.8 -10954.1 -211.1 207 0 10.5 28.9 10.5 3.5 2 1 3 2 2
6464.3 -11582.0 -203.0 27 0 7.0 6.0 7.5 0.0 0 0 3 0 0
6449.3 -11489.5 -194.5 215 0 4.5 16.0 5.0 2.5 2 1 2 1 1
6462.7 -11237.4 -222.4 314 0 9.8 4.5 10.5 3.5 2 0 3 1 1
5657.5 -10792.2 -230.0 181 0 6.1 9.8 10.5 3.5 2 1 3 3 3
6206.4 -11388.8 -160.1 219 0 4.7 7.1 10.5 3.5 2 1 3 0 0
5880.2 -10814.5 -225.3 6 0 8.6 8.1 10.5 3.5 2 0 3 5 5
6201.1 -10842.0 -227.6 179 0 6.4 7.3 10.5 3.5 2 1 3 4 4
6524.2 -11317.6 -218.5 30 0 7.7 10.8 10.5 3.5 2 1 3 2 2
6441.2 -11329.3 -207.3 335 0 15.0 7.9 10.5 3.5 2 0 3 5 5
6375.7 -11170.3 -219.5 322 0 6.2 8.9 10.5 3.5 2 1 3 0 0
6113.5 -10904.9 -219.2 302 0 9.0 10.5 10.5 3.5 2 1 3 0 0
6123.2 -11060.6 -203.5 23 0 6.5 18.1 10.5 3.5 2 1 3 2 2
6379.7 -11349.2 -196.8 340 0 12.8 8.2 10.5 3.5 2 0 3 5 5
6072.7 -11041.8 -203.5 121 0 5.0 11.3 5.0 0.0 0 1 2 1 1
5874.2 -10879.9 -214.2 261 0 9.7 12.5 10.5 3.5 2 1 3 5 5
6059.0 -11507.8 -146.2 9 0 14.1 8.7 5.0 2.5 2 0 2 4 4
6048.3 -10975.3 -207.5 195 0 11.5 11.4 10.5 3.5 2 0 3 0 0
5779.8 -10843.7 -227.6 61 0 6.5 10.0 10.5 3.5 2 1 3 1 1
5726.0 -10846.7 -227.9 313 0 7.1 6.0 10.5 3.5 2 0 3 3 3
5956.9 -11466.7 -143.6 323 0 3.5 16.4 7.5 2.5 2 1 3 1 1
5829.6 -11476.8 -163.4 151 0 8.9 9.2 10.5 0.0 0 1 3 2 2
5910.5 -11018.9 -195.5 79 0 5.1 7.8 10.5 3.5 2 1 3 4 4
6199.0 -11097.2 -206.9 126 0 11.4 9.0 10.5 3.5 2 0 3 5 5
6263.3 -10801.3 -230.2 341 0 8.1 7.9 10.5 3.5 2 0 3 2 2
6180.0 -10853.8 -225.4 360 0 6.0 10.5 10.5 3.5 2 1 3 3 3
5816.0 -11635.4 -128.9 36 0 8.6 13.9 7.5 2.5 2 1 3 5 5
6419.0 -11350.2 -203.0 162 0 13.7 8.3 10.5 3.5 2 0 3 1 1
6278.3 -11100.1 -205.3 313 0 15.7 13.5 14.0 3.5 2 0 4 0 0
5778.2 -11115.0 -207.2 258 0 7.1 6.9 10.5 3.5 2 0 3 5 5
6075.0 -11455.8 -148.6 180 0 4.6 12.1 7.5 2.5 2 1 3 3 3
6020.3 -11477.1 -142.9 316 0 12.5 9.9 5.0 2.5 2 0 2 2 2
6253.7 -11467.0 -164.2 295 0 6.0 9.2 2.5 2.5 2 1 1 5 5
6571.4 -10894.3 -234.7 223 0 5.7 6.7 10.5 3.5 2 1 3 1 1
6277.6 -11395.6 -166.3 286 0 5.8 5.7 10.5 3.5 2 0 3 2 2
5764.1 -11264.4 -200.9 305 0 5.5 9.9 10.5 3.5 4 1 3 0 0
5830.0 -11061.0 -202.7 67 0 4.1 8.0 10.5 3.5 2 1 3 3 3
5628.6 -10781.3 -230.0 20 0 7.5 8.6 10.5 3.5 4 1 3 5 5
6182.6 -10799.0 -226.3 254 0 10.2 6.1 10.5 3.5 2 0 3 3 3
5742.6 -11668.0 -116.1 123 0 8.2 6.9 2.5 2.5 2 0 1 4 4
5901.6 -11033.9 -196.0 89 0 4.9 5.7 10.5 3.5 2 1 3 2 2
5686.1 -10749.5 -231.0 5 0 5.9 8.6 10.5 0.0 0 1 3 4 4
6111.0 -11439.0 -151.6 112 0 10.3 12.0 10.0 0.0 0 1 4 5 5
5805.7 -10670.2 -232.0 269 0 8.2 4.5 10.5 3.5 2 0 3 3 3
6133.8 -11563.0 -156.1 342 0 11.4 9.2 7.5 2.5 2 0 3 1 1
6087.5 -11511.3 -149.8 165 0 5.0 10.7 2.5 2.5 2 1 1 4 4
5788.3 -10837.0 -227.6 57 0 5.4 9.9 10.5 0.0 0 1 3 1 1
6132.5 -11284.0 -155.1 173 0 6.9 29.6 10.5 3.5 2 1 3 4 4
6058.2 -11016.8 -203.8 184 0 9.6 6.0 10.5 3.5 2 0 3 2 2
6349.4 -11207.8 -210.8 198 0 6.5 6.4 10.5 0.0 0 0 3 2 2
6541.0 -10944.0 -232.8 225 0 9.6 9.4 10.5 0.0 0 0 3 5 5
6041.4 -10933.1 -210.4 8 0 8.3 6.9 10.5 3.5 2 0 3 3 3
6416.6 -11205.2 -222.0 44 0 7.1 7.1 10.5 3.5 2 0 3 2 2
6152.4 -10951.8 -217.9 314 0 28.5 8.6 10.5 3.5 2 0 3 4 4
5773.2 -10969.8 -216.6 71 0 15.7 8.3 10.5 3.5 2 0 3 4 4
6366.0 -10929.9 -232.5 357 0 7.6 5.2 10.5 3.5 2 0 3 1 1
6312.8 -11509.3 -170.6 146 0 6.6 6.4 5.0 2.5 2 0 2 0 0
6074.5 -11448.3 -148.4 181 0 5.4 10.8 5.0 2.5 2 1 2 4 4
6414.0 -11388.0 -197.3 157 0 14.5 8.9 10.5 3.5 2 0 3 1 1
6098.1 -11539.1 -150.8 162 0 11.4 9.2 5.0 2.5 2 0 2 3 3
6088.9 -10912.9 -216.4 294 0 11.0 29.9 12.5 2.5 2 1 5 2 2
6276.8 -11378.0 -166.7 201 0 5.2 6.7 10.5 3.5 2 1 3 2 2
5890.9 -10893.3 -213.8 83 0 9.5 12.2 10.5 3.5 2 1 3 4 4
6552.1 -10923.4 -233.5 223 0 5.5 6.0 10.5 0.0 0 1 3 2 2
6473.3 -11244.4 -222.3 308 0 7.3 11.0 10.5 3.5 2 1 3 3 3
5632.9 -10886.5 -227.6 345 0 7.4 5.0 10.5 0.0 0 0 3 0 0
5683.5 -10930.0 -226.1 179 0 6.5 9.3 10.5 3.5 2 1 3 5 5
6195.6 -10897.1 -227.1 175 0 16.4 6.4 10.5 3.5 2 0 3 4 4
6217.1 -10953.4 -223.9 340 0 9.8 9.6 10.5 3.5 2 0 3 3 3
5760.5 -11692.8 -112.5 34 0 10.7 11.1 7.5 2.5 4 1 3 5 5
5736.2 -10747.4 -230.6 41 0 7.4 8.6 10.5 3.5 2 1 3 1 1
5890.3 -11004.4 -196.7 131 0 4.0 8.8 10.5 3.5 2 1 3 0 0
6270.7 -11140.0 -196.0 316 0 7.6 7.7 10.5 3.5 2 1 3 4 4
6462.4 -11344.1 -207.8 335 0 13.6 7.6 10.5 3.5 2 0 3 2 2
5761.4 -10840.1 -227.8 92 0 7.5 7.7 10.5 3.5 2 1 3 4 4
6126.0 -10919.4 -219.6 31 0 12.0 13.0 10.5 3.5 2 1 3 1 1
5773.5 -10764.6 -229.7 95 0 4.7 11.4 10.5 3.5 2 1 3 2 2
5824.8 -10758.9 -230.0 106 0 9.7 5.6 10.5 3.5 2 0 3 5 5
6063.4 -10991.8 -206.6 168 0 6.7 5.3 10.5 3.5 4 0 3 0 0
6381.9 -11576.0 -191.3 203 0 3.5 8.7 7.5 2.5 2 1 3 5 5
6182.1 -10939.4 -223.0 168 0 12.5 8.3 10.5 3.5 2 0 3 4 4
5694.9 -10903.4 -226.7 299 0 6.3 6.4 10.5 3.5 2 1 3 3 3
6148.5 -10992.4 -214.1 286 0 7.8 7.0 10.5 3.5 2 0 3 1 1
5682.6 -10762.7 -230.7 86 0 7.5 7.6 10.5 3.5 2 1 3 4 4
6233.5 -11382.5 -163.1 223 0 4.7 16.3 10.5 3.5 2 1 3 5 5
5824.1 -11652.4 -118.9 318 0 6.5 5.8 7.5 2.5 2 0 3 3 3
6112.2 -11471.6 -151.8 113 0 10.2 12.0 7.5 2.5 2 1 3 4 4
5765.7 -10929.9 -220.8 249 0 11.9 10.1 14.0 3.5 4 0 4 1 1
5792.9 -11657.3 -122.0 34 0 10.5 11.9 5.0 2.5 2 1 2 4 4
5756.8 -10722.1 -230.8 30 0 6.5 8.8 10.5 3.5 2 1 3 2 2
5829.3 -10314.4 -238.9 216 0 35.0 5.8 10.5 3.5 2 0 3 2 2
5745.0 -11379.3 -190.5 305 0 6.6 5.6 10.5 3.5 2 0 3 3 3
6314.0 -11428.6 -169.7 69 0 5.6 9.3 10.5 3.5 2 1 3 5 5
5822.6 -10811.8 -228.2 58 0 6.0 10.2 10.5 3.5 2 1 3 2 2
6232.6 -11309.1 -162.9 60 0 9.3 4.6 10.5 3.5 2 0 3 0 0
5690.1 -11123.6 -216.0 304 0 3.9 9.4 10.5 3.5 4 1 3 0 0
6435.4 -11550.4 -195.2 270 0 4.7 8.8 7.5 2.5 2 1 3 4 4
5795.6 -11215.3 -204.3 320 0 6.0 6.2 10.5 3.5 2 1 3 5 5
6448.8 -11452.5 -191.5 228 0 9.6 3.6 5.0 2.5 2 0 2 0 0
5731.0 -10855.8 -227.5 300 0 5.0 11.4 10.5 3.5 2 1 3 0 0
6495.2 -11260.6 -222.5 302 0 15.0 12.8 10.5 0.0 0 0 3 1 1
5647.7 -10798.4 -230.0 323 0 8.1 7.0 10.5 3.5 2 0 3 1 1
5970.3 -11039.6 -193.5 344 0 5.6 5.4 10.5 3.5 2 0 3 0 0
5723.5 -10953.7 -224.2 151 0 10.7 5.7 10.5 3.5 2 0 3 1 1
5739.4 -11684.2 -113.1 124 0 11.1 10.7 5.0 2.5 2 0 2 0 0
6121.9 -10836.4 -221.0 119 0 5.0 7.1 10.5 3.5 4 1 3 3 3
6437.3 -11387.0 -200.1 72 0 6.4 14.3 10.5 3.5 2 1 3 1 1
5824.5 -10768.8 -229.7 115 0 10.7 5.8 10.5 3.5 2 0 3 0 0
6112.7 -10965.0 -213.3 19 0 6.7 9.2 10.5 3.5 2 1 3 0 0
6089.4 -11518.0 -150.0 165 0 5.0 10.7 5.0 2.5 2 1 2 4 4
5781.0 -10863.7 -226.8 326 0 9.2 3.9 10.5 3.5 2 0 3 5 5
6066.7 -11133.1 -189.1 136 0 19.8 9.6 10.5 3.5 2 0 3 3 3
5722.8 -10834.3 -228.4 129 0 4.3 12.3 10.5 3.5 2 1 3 5 5
5819.9 -11319.4 -189.3 313 0 5.6 10.1 10.5 3.5 2 1 3 3 3
6144.2 -10984.9 -214.0 12 0 7.4 8.1 10.5 0.0 0 1 3 4 4
5784.6 -10765.7 -229.4 92 0 7.7 5.4 10.5 3.5 2 0 3 4 4
5718.7 -10747.3 -230.5 206 0 7.9 5.5 10.5 3.5 2 0 3 5 5
5696.1 -10892.5 -227.0 163 0 6.3 9.1 10.5 3.5 2 1 3 4 4
6470.1 -10802.9 -236.9 211 0 20.9 17.2 10.5 0.0 0 0 3 2 2
6431.1 -10886.0 -234.1 212 0 20.9 17.7 10.5 0.0 0 0 3 0 0
6317.9 -11517.8 -172.0 152 0 7.1 5.8 5.0 2.5 4 0 2 2 2
6378.0 -11256.1 -210.8 84 0 3.4 10.2 10.5 3.5 2 1 3 1 1
5646.7 -10767.4 -231.0 107 0 6.7 10.8 10.5 3.5 2 1 3 4 4
5700.0 -11328.1 -197.1 175 0 7.4 11.3 10.5 3.5 2 1 3 5 5
6266.0 -11455.1 -166.1 129 0 17.0 7.0 10.5 3.5 2 0 3 0 0
5938.9 -11015.9 -194.7 78 0 6.8 9.1 10.5 3.5 2 1 3 0 0
6336.4 -11181.3 -210.3 150 0 3.8 6.2 10.5 3.5 4 1 3 1 1
5702.1 -11271.8 -202.4 163 0 5.7 10.7 10.5 3.5 4 1 3 5 5
6031.1 -11027.0 -200.0 193 0 3.9 7.8 10.5 3.5 2 1 3 3 3
6452.6 -11516.1 -195.1 181 0 4.1 10.5 2.5 2.5 4 1 1 0 0
6214.9 -11350.9 -160.4 26 0 12.9 8.5 10.5 3.5 4 0 3 3 3
6193.2 -10805.6 -226.5 259 0 13.0 14.2 10.5 3.5 2 1 3 5 5
6165.8 -11367.4 -155.8 78 0 5.9 6.0 10.5 3.5 2 1 3 0 0
6296.4 -11473.3 -168.8 248 0 4.6 17.7 2.5 2.5 2 1 1 2 2
5813.2 -10753.4 -229.9 89 0 6.5 10.7 10.5 3.5 2 1 3 4 4
6404.6 -11266.7 -211.1 18 0 7.0 11.4 10.5 3.5 2 1 3 5 5
5776.3 -11001.2 -211.5 114 0 6.2 6.8 10.5 3.5 4 1 3 3 3
6530.2 -10944.0 -232.7 226 0 3.2 11.3 10.5 3.5 2 1 3 2 2
5803.5 -11071.3 -205.3 55 0 5.1 7.9 10.5 3.5 2 1 3 5 5
6326.0 -11457.2 -171.1 257 0 8.1 5.6 7.5 2.5 2 0 3 0 0
6453.2 -11508.0 -194.0 189 0 7.1 5.9 5.0 2.5 4 0 2 4 4
6154.0 -11366.1 -155.1 128 0 5.3 6.9 10.5 3.5 2 1 3 2 2
5938.1 -11459.4 -145.8 229 0 16.9 4.4 5.0 2.5 4 0 2 4 4
6379.4 -11464.7 -180.9 201 0 4.3 7.1 5.0 2.5 2 1 2 0 0
6247.4 -11330.7 -163.4 33 0 4.0 5.8 10.5 3.5 2 1 3 5 5
6294.5 -11366.1 -174.3 107 0 4.6 11.9 10.5 3.5 2 1 3 0 0
5947.7 -10799.2 -223.3 282 0 7.6 7.9 10.5 3.5 2 1 3 2 2
6358.5 -11441.6 -180.4 261 0 6.5 7.7 7.5 2.5 2 1 3 0 0
6270.0 -10758.2 -231.0 284 0 7.3 35.0 10.5 3.5 2 1 3 1 1
5905.9 -10824.9 -222.3 203 0 4.8 6.2 10.5 0.0 0 1 3 4 4
6264.0 -10719.7 -232.1 327 0 12.3 22.3 14.0 3.5 2 0 4 0 0
6459.6 -11288.1 -215.7 162 0 5.2 5.8 10.5 3.5 2 1 3 0 0
5758.8 -11108.5 -209.2 235 0 6.6 10.1 10.5 3.5 2 1 3 5 5
6018.7 -10546.9 -228.7 309 0 6.1 21.6 10.5 3.5 2 1 3 1 1
5831.2 -11388.1 -175.7 243 0 5.9 10.3 7.5 2.5 2 1 3 4 4
5970.1 -11480.9 -141.0 325 0 3.7 17.1 5.0 2.5 2 1 2 3 3
5823.5 -11428.8 -172.4 326 0 5.8 14.2 10.5 3.5 2 1 3 1 1
5744.5 -11428.5 -186.2 350 0 5.6 5.5 10.5 3.5 2 0 3 1 1
6349.1 -11106.8 -221.4 317 0 24.0 12.9 14.0 3.5 2 0 4 4 4
6267.0 -11026.2 -222.6 233 0 9.1 30.8 10.5 3.5 2 1 3 5 5
5829.7 -11233.3 -201.2 321 0 8.2 10.9 10.5 3.5 2 1 3 1 1
6311.6 -11460.9 -169.7 244 0 3.1 9.3 5.0 2.5 2 1 2 4 4
5731.6 -10713.0 -231.2 197 0 10.1 9.5 10.5 3.5 2 0 3 5 5
6295.6 -11379.6 -171.9 197 0 5.0 8.5 10.5 3.5 2 1 3 1 1
6020.1 -10915.3 -210.9 180 0 8.9 6.2 10.5 3.5 2 0 3 4 4
6225.8 -11427.8 -161.9 133 0 7.3 5.4 10.5 3.5 2 0 3 5 5
6339.3 -11449.1 -173.6 259 0 5.1 6.7 7.5 2.5 2 1 3 4 4
5840.3 -11301.8 -188.6 88 0 5.7 6.9 10.5 3.5 2 1 3 3 3
6256.6 -11555.5 -175.4 283 0 4.5 52.7 7.5 2.5 2 1 3 5 5
5925.6 -11018.0 -194.9 79 0 5.1 12.7 10.5 3.5 2 1 3 0 0
6590.8 -10849.9 -236.5 191 0 5.1 7.6 10.5 0.0 0 1 3 5 5
6360.6 -10597.0 -234.7 310 0 13.1 11.8 10.5 3.5 2 0 3 4 4
6348.4 -10613.4 -234.4 310 0 9.6 10.7 10.5 3.5 4 1 3 2 2
6339.0 -10615.0 -234.0 48 0 7.4 7.0 10.5 3.5 2 0 3 5 5
6462.2 -10948.9 -233.2 32 0 20.9 17.7 10.5 0.0 0 0 3 3 3
6495.0 -10891.6 -235.1 32 0 20.9 17.7 10.5 0.0 0 0 3 5 5
6362.4 -10857.4 -234.7 16 0 9.4 3.7 10.5 3.5 2 0 3 5 5
6343.3 -10846.7 -234.6 16 0 4.6 14.9 10.5 3.5 2 0 3 3 3
6322.3 -10775.2 -233.1 157 0 8.3 4.0 10.5 3.5 2 0 3 0 0
6331.2 -10857.3 -234.3 105 0 17.1 4.8 10.5 3.5 2 0 3 1 1
6331.2 -10857.3 -234.1 285 0 17.1 4.9 10.5 3.5 2 0 3 1 1
6337.6 -10866.6 -234.0 15 0 4.8 17.1 10.5 3.5 2 0 3 4 4
6432.8 -10752.3 -238.3 99 0 6.7 18.6 10.5 3.5 2 0 3 3 3
6426.7 -10687.2 -237.7 190 0 4.8 14.4 10.5 3.5 2 0 3 4 4
6459.6 -10684.9 -238.4 311 0 6.8 8.7 10.5 3.5 2 0 3 2 2
6391.4 -10560.9 -236.7 310 0 7.4 7.8 10.5 3.5 2 0 3 5 5
6344.7 -10640.5 -234.8 217 0 15.0 3.5 10.5 3.5 2 0 3 1 1
6397.9 -10665.7 -237.2 197 0 6.5 6.0 10.5 3.5 2 0 3 4 4
6402.5 -10714.9 -236.1 185 0 6.1 3.9 10.5 3.5 2 0 3 4 4
6277.2 -10694.8 -233.0 290 0 5.6 11.4 10.5 3.5 2 1 3 3 3
6470.9 -10674.7 -238.9 279 0 4.4 12.4 10.5 3.5 2 1 3 2 2
6268.4 -10661.7 -232.2 311 0 6.0 10.9 7.0 3.5 2 1 2 2 2
6447.3 -10723.9 -238.5 10 0 8.1 5.5 10.5 3.5 2 0 3 4 4
6417.4 -10613.0 -237.2 152 0 4.1 9.2 10.5 3.5 2 0 3 2 2
6288.8 -10708.3 -233.1 22 0 6.4 10.0 10.5 3.5 2 0 3 2 2
6391.6 -10572.3 -237.1 141 0 5.5 15.6 10.5 3.5 2 0 3 3 3
6397.1 -10690.0 -236.8 197 0 4.5 14.6 10.5 3.5 2 0 3 5 5
6328.9 -10824.5 -234.5 294 0 6.8 8.4 10.5 3.5 2 1 3 3 3
6392.1 -10704.5 -235.9 255 0 4.6 17.0 10.5 3.5 2 0 3 5 5
6426.2 -10681.5 -237.9 191 0 5.1 16.8 10.5 3.5 2 0 3 2 2
6452.9 -10724.8 -238.8 10 0 8.1 5.6 10.5 3.5 2 0 3 4 4
6454.4 -10715.8 -238.8 10 1 10.1 11.1 14.0 3.5 2 0 4 1 1
6451.8 -10692.1 -238.4 101 0 8.0 4.4 10.5 3.5 2 0 3 4 4
6450.0 -10701.3 -238.6 101 0 7.9 4.9 10.5 3.5 2 0 3 4 4
6424.1 -10747.6 -237.8 98 0 4.1 15.2 10.5 3.5 2 0 3 1 1
6124.0 -10725.3 -226.2 287 0 23.4 11.9 14.0 3.5 2 0 4 3 3
6345.4 -10822.2 -235.1 102 0 9.4 3.8 10.5 3.5 2 0 3 4 4
6343.2 -10828.2 -235.0 102 0 11.3 3.6 10.5 3.5 2 0 3 5 5
6342.3 -10836.5 -234.8 102 0 9.5 4.4 10.5 3.5 2 0 3 2 2
6338.1 -10819.6 -234.8 12 0 5.6 8.0 10.5 0.0 0 0 3 2 2
6342.3 -10836.5 -234.7 282 0 9.5 4.2 10.5 3.5 2 0 3 3 3
6368.8 -10831.1 -235.3 15 0 4.2 15.7 10.5 3.5 2 0 3 3 3
6351.8 -10814.8 -235.2 12 0 4.0 15.0 10.5 3.5 2 0 3 3 3
6353.2 -10813.1 -235.3 102 0 16.9 4.0 10.5 3.5 2 0 3 0 0
6361.0 -10845.3 -234.9 195 0 7.8 4.9 10.5 3.5 2 0 3 5 5
6343.2 -10832.3 -234.9 102 0 11.3 4.0 10.5 3.5 2 0 3 0 0
6346.6 -10792.7 -235.5 192 0 4.2 13.4 10.5 3.5 2 0 3 2 2
6357.5 -10835.3 -235.1 105 0 11.8 4.9 10.5 3.5 2 0 3 4 4
6425.9 -10691.8 -237.5 190 0 4.5 14.4 10.5 3.5 2 0 3 0 0
6423.4 -10711.0 -237.4 190 0 3.7 8.4 10.5 3.5 2 0 3 4 4
6424.1 -10707.3 -237.3 190 0 4.0 8.4 10.5 3.5 2 0 3 1 1
6424.8 -10703.2 -237.2 190 0 4.2 8.4 10.5 3.5 2 0 3 2 2
6425.1 -10696.5 -237.4 190 0 4.9 14.4 10.5 3.5 2 0 3 0 0
6262.3 -10508.8 -232.0 40 0 5.1 18.2 10.5 3.5 2 0 3 2 2
6266.0 -10481.0 -232.8 311 0 18.2 5.0 10.5 3.5 2 0 3 1 1
6153.2 -10615.4 -227.6 220 0 4.9 15.3 10.5 3.5 2 0 3 1 1
6242.9 -10507.9 -231.5 220 0 4.9 15.3 10.5 3.5 2 0 3 2 2
6151.7 -10617.1 -227.6 220 0 3.2 15.3 10.5 3.5 2 0 3 0 0
6189.7 -10639.1 -228.8 40 0 3.2 15.3 10.5 3.5 2 0 3 5 5
6234.7 -10517.6 -230.9 221 0 3.1 15.3 10.5 3.5 2 0 3 2 2
6146.5 -10623.3 -227.5 220 0 4.9 15.3 10.5 3.5 2 0 3 4 4
6192.8 -10687.7 -230.0 130 0 3.1 15.3 10.5 3.5 2 0 3 4 4
6169.5 -10679.6 -228.7 310 0 3.1 15.3 10.5 3.5 2 0 3 4 4
6268.8 -10477.8 -233.0 220 0 3.2 15.1 10.5 3.5 2 0 3 4 4
6319.1 -10541.9 -234.6 130 0 5.3 18.2 10.5 3.5 2 0 3 4 4
6318.6 -10517.8 -234.2 310 0 5.5 18.2 10.5 3.5 2 0 3 1 1
6327.1 -10548.6 -234.8 130 0 5.4 18.2 10.5 3.5 2 0 3 0 0
6315.1 -10538.6 -234.5 130 0 5.2 18.2 10.5 3.5 2 0 3 0 0
6294.6 -10509.6 -233.7 219 0 18.2 5.4 10.5 3.5 2 0 3 3 3
6314.5 -10514.4 -234.1 310 0 5.2 18.2 10.5 3.5 2 0 3 2 2
6331.2 -10552.0 -234.9 130 0 5.3 18.2 10.5 3.5 2 0 3 1 1
6343.0 -10550.0 -235.1 219 0 18.2 5.1 10.5 3.5 2 0 3 1 1
6299.0 -10525.1 -234.0 130 0 5.2 18.2 10.5 3.5 2 0 3 2 2
6280.2 -10615.5 -231.8 40 0 3.1 15.2 10.5 3.5 2 0 3 2 2
6266.1 -10647.0 -232.3 220 0 3.1 15.4 10.5 3.5 2 0 3 4 4
6278.7 -10617.3 -231.7 39 0 5.0 15.2 10.5 3.5 2 0 3 1 1
6266.9 -10631.6 -231.5 39 0 3.2 15.2 10.5 3.5 2 0 3 1 1
6281.0 -10629.2 -232.6 220 0 4.9 15.3 10.5 3.5 2 0 3 2 2
6258.8 -10641.5 -231.4 39 0 4.9 15.3 10.5 3.5 2 0 3 2 2
6260.3 -10639.7 -231.4 39 0 3.1 15.3 10.5 3.5 2 0 3 0 0
6280.0 -10850.9 -232.6 81 0 3.5 13.0 10.5 3.5 2 0 3 4 4
6306.3 -10847.4 -233.7 49 0 3.5 11.6 10.5 3.5 2 0 3 3 3
6348.7 -10922.5 -232.6 335 0 10.7 6.2 10.5 3.5 2 0 3 4 4
6322.2 -10934.8 -232.3 155 0 10.7 6.3 10.5 3.5 2 0 3 1 1
6309.9 -10923.4 -232.5 155 0 10.7 6.2 10.5 3.5 2 0 3 5 5
6323.8 -10911.0 -232.8 245 0 6.2 10.7 10.5 3.5 2 0 3 0 0
6337.4 -10904.9 -233.0 245 0 6.2 10.7 10.5 3.5 2 0 3 5 5
6341.0 -10925.8 -232.5 335 0 10.7 6.3 10.5 3.5 2 0 3 2 2
6315.5 -10920.8 -232.6 155 0 10.7 6.3 10.5 3.5 2 0 3 3 3
6374.7 -10800.6 -236.1 285 0 22.1 4.0 10.5 3.5 2 0 3 1 1
6378.0 -10799.3 -236.0 15 0 4.2 13.9 10.5 3.5 2 0 3 3 3
6378.0 -10799.3 -236.2 195 0 4.2 8.1 10.5 3.5 2 0 3 5 5
6369.9 -10631.7 -235.4 307 0 5.0 10.8 10.5 3.5 2 0 3 5 5
6365.9 -10628.7 -235.2 307 0 5.0 10.8 10.5 3.5 2 0 3 4 4
6358.0 -10622.6 -234.8 307 0 5.0 10.8 10.5 3.5 2 0 3 0 0
6359.6 -10642.3 -235.2 307 0 4.1 15.0 10.5 3.5 2 0 3 4 4
6381.4 -10785.6 -236.3 90 0 19.9 4.2 10.5 3.5 2 0 3 5 5
6377.0 -10779.1 -236.3 90 0 11.7 3.2 10.5 3.5 2 0 3 2 2
6387.5 -10759.9 -236.7 167 0 23.6 4.3 10.5 3.5 2 0 3 0 0
6397.0 -10766.8 -237.1 168 0 6.1 8.2 10.5 3.5 2 0 3 5 5
6405.9 -10748.4 -237.2 168 0 9.3 3.8 10.5 3.5 2 0 3 4 4
6406.1 -10717.8 -236.3 185 0 11.2 3.6 10.5 3.5 2 0 3 3 3
6412.1 -10712.7 -236.6 275 0 4.0 11.2 10.5 3.5 2 0 3 0 0
6339.0 -10671.7 -235.1 78 0 9.7 3.3 10.5 3.5 2 0 3 0 0
6344.8 -10687.6 -235.2 50 0 8.8 3.9 10.5 3.5 2 0 3 2 2
6304.7 -10722.5 -233.1 287 0 4.4 15.6 10.5 3.5 2 0 3 2 2
6336.0 -10679.2 -235.1 230 0 8.8 4.4 10.5 3.5 2 0 3 3 3
6291.4 -10718.0 -232.9 282 0 7.4 17.1 10.5 3.5 2 0 3 3 3
6371.9 -10755.4 -235.2 351 0 3.6 11.2 10.5 3.5 2 0 3 0 0
6395.1 -10576.7 -237.2 141 0 5.9 15.6 10.5 3.5 2 0 3 1 1
6407.2 -10593.4 -237.4 151 0 5.3 15.6 10.5 3.5 2 0 3 5 5
6390.2 -10549.9 -236.8 310 0 7.8 7.6 10.5 3.5 2 0 3 5 5
6421.0 -10660.5 -237.7 16 0 5.1 13.9 10.5 3.5 2 0 3 4 4
6386.3 -10598.8 -236.4 160 0 4.0 14.7 10.5 3.5 2 0 3 0 0
6407.3 -10613.3 -236.5 340 0 4.2 14.7 10.5 3.5 2 0 3 5 5
6391.1 -10585.3 -236.2 317 0 4.8 13.8 10.5 3.5 2 0 3 5 5
6408.7 -10617.2 -236.6 340 0 4.2 14.7 10.5 3.5 2 0 3 3 3
6405.8 -10609.3 -236.4 340 0 4.4 14.7 10.5 3.5 2 0 3 0 0
6414.2 -10684.3 -237.2 17 0 4.6 11.1 10.5 3.5 2 0 3 2 2
6419.2 -10616.4 -237.2 152 0 3.3 9.1 10.5 3.5 2 0 3 4 4
6428.6 -10636.5 -238.2 157 0 4.4 17.7 10.5 3.5 2 0 3 0 0
6432.3 -10612.1 -237.7 244 0 9.2 3.7 10.5 3.5 2 0 3 2 2
6435.8 -10619.0 -237.7 67 0 9.5 4.1 10.5 3.5 2 0 3 4 4
6397.5 -10651.3 -236.9 106 0 12.3 4.3 10.5 3.5 2 0 3 4 4
6048.7 -10582.9 -226.3 220 0 11.3 18.4 14.0 0.0 0 1 4 1 1
6069.3 -10561.5 -225.3 261 0 12.5 21.8 14.0 0.0 0 1 4 2 2
6085.1 -10622.7 -225.6 40 0 11.8 18.3 14.0 0.0 0 1 4 4 4
6225.2 -10438.2 -233.0 130 0 12.7 14.6 14.0 0.0 0 0 4 5 5
6370.6 -10722.4 -235.3 98 0 4.3 14.5 10.5 3.5 2 0 3 1 1
6339.9 -10719.9 -234.1 24 0 4.9 7.4 10.5 3.5 2 0 3 1 1
6366.7 -10721.8 -235.2 99 0 3.6 14.5 10.5 3.5 2 0 3 0 0
6358.5 -10720.6 -235.1 99 0 4.5 16.5 10.5 3.5 2 0 3 5 5
6362.8 -10721.2 -235.3 99 0 4.3 17.9 10.5 3.5 2 0 3 5 5
6339.9 -10741.4 -233.4 263 0 11.9 3.8 10.5 3.5 2 0 3 3 3
6339.9 -10719.9 -234.2 204 0 4.9 8.8 10.5 3.5 2 0 3 3 3
6247.8 -10605.3 -230.5 40 0 14.9 16.5 14.0 3.5 2 1 4 4 4
6266.6 -10570.0 -232.0 129 0 27.3 18.0 14.0 3.5 2 0 4 4 4
6262.0 -10542.9 -231.4 309 0 14.0 18.0 14.0 3.5 2 0 4 4 4
6146.9 -10513.6 -227.4 40 0 11.8 12.9 10.5 0.0 0 1 3 0 0
6098.1 -10556.4 -225.0 83 0 16.2 24.7 10.5 0.0 0 0 3 1 1
6155.8 -10503.0 -228.1 40 0 11.8 12.9 10.5 0.0 0 1 3 3 3
6138.9 -10478.3 -229.3 130 0 7.5 11.8 10.5 0.0 0 1 3 2 2
6164.8 -10492.5 -228.9 40 0 11.8 12.9 10.5 0.0 0 1 3 3 3
6167.9 -10484.2 -229.6 130 0 12.9 11.8 10.5 0.0 0 0 3 1 1
6161.8 -10497.2 -229.9 40 0 57.8 15.4 10.5 3.5 2 0 3 1 1
6135.8 -10475.4 -230.3 220 0 57.6 15.4 14.0 3.5 2 0 4 2 2
6168.7 -10460.0 -230.8 40 0 8.3 15.4 10.5 3.5 2 0 3 0 0
6183.0 -10471.9 -230.3 40 0 8.1 15.4 10.5 3.5 2 0 3 3 3
6245.2 -10817.5 -230.0 169 0 5.3 8.9 10.5 3.5 2 0 3 4 4
6126.2 -10514.7 -226.6 310 0 12.5 27.9 10.5 0.0 0 0 3 5 5
6139.7 -11006.7 -212.2 286 0 7.8 7.0 10.5 3.5 2 0 3 0 0
6114.9 -11005.5 -210.2 196 0 7.0 7.8 10.5 0.0 0 1 3 4 4
6117.6 -10992.8 -211.3 196 0 7.0 7.8 10.5 3.5 2 1 3 3 3
6125.9 -10995.5 -212.0 196 0 7.0 7.8 10.5 3.5 4 1 3 2 2
6147.6 -11009.1 -212.5 286 0 7.8 7.0 10.5 3.5 2 0 3 0 0
6130.4 -10656.8 -226.6 351 0 17.9 25.6 14.0 0.0 0 0 4 3 3
6418.2 -10648.7 -237.4 16 0 5.2 11.9 10.5 3.5 2 0 3 4 4
6418.1 -10670.8 -237.7 16 0 5.3 13.9 10.5 3.5 2 0 3 3 3
6309.3 -10682.6 -234.0 38 0 4.0 13.6 10.5 3.5 2 0 3 5 5
6290.9 -10703.3 -233.3 22 0 4.4 10.0 10.5 3.5 2 0 3 1 1
6306.7 -10685.9 -233.9 38 0 4.4 14.3 10.5 3.5 2 0 3 1 1
6294.8 -10695.4 -233.6 39 0 4.7 14.7 10.5 3.5 2 0 3 3 3
6292.8 -10697.4 -233.4 293 0 9.8 4.0 10.5 3.5 2 0 3 4 4
6360.3 -10901.2 -233.3 334 0 6.3 10.0 10.5 3.5 2 0 3 1 1
6362.3 -10741.0 -234.1 7 0 8.0 4.6 10.5 3.5 2 0 3 3 3
6375.2 -10741.1 -234.9 7 0 7.3 5.0 10.5 3.5 2 0 3 3 3
6366.6 -10741.1 -234.4 7 0 7.6 4.3 10.5 3.5 2 0 3 5 5
6297.5 -10692.1 -233.7 39 0 3.9 14.7 10.5 3.5 2 0 3 4 4
6090.5 -10657.3 -225.9 40 0 39.1 3.4 10.5 3.5 2 0 3 1 1
6322.3 -10668.4 -234.2 37 0 9.7 3.8 10.5 3.5 2 0 3 4 4
6300.1 -10689.0 -233.7 39 0 4.3 14.8 10.5 3.5 2 0 3 4 4
6334.4 -10691.4 -234.9 215 0 4.2 11.9 10.5 3.5 2 0 3 5 5
6319.9 -10686.1 -234.6 215 0 3.9 12.5 10.5 3.5 2 0 3 4 4
6309.7 -10693.0 -234.2 215 0 3.8 15.9 10.5 3.5 2 0 3 1 1
6307.6 -10693.8 -234.0 305 0 16.0 4.1 10.5 3.5 2 0 3 1 1
6307.9 -10715.3 -233.5 35 0 8.9 6.9 10.5 3.5 2 0 3 0 0
6332.8 -10714.3 -234.1 35 0 4.1 17.7 10.5 3.5 2 0 3 2 2
6338.0 -10696.6 -234.7 306 0 11.9 3.9 10.5 3.5 2 0 3 3 3
6320.0 -10719.0 -233.8 126 0 15.6 4.7 10.5 3.5 2 0 3 2 2
6357.2 -10729.8 -234.2 293 0 12.1 4.0 10.5 3.5 2 0 3 5 5
6358.6 -10726.7 -234.3 293 0 12.1 3.4 10.5 3.5 2 0 3 4 4
6464.0 -10647.6 -239.4 281 0 12.3 16.9 14.0 3.5 2 0 4 0 0
6422.3 -10717.0 -237.2 190 0 8.3 3.8 10.5 3.5 2 0 3 0 0
6410.7 -10703.7 -236.5 345 0 8.1 8.5 10.5 3.5 2 0 3 5 5
6350.8 -10702.9 -235.1 133 0 5.6 5.9 10.5 3.5 2 0 3 3 3
6347.9 -10691.3 -235.4 50 0 6.1 4.8 10.5 3.5 2 0 3 3 3
6280.9 -10751.9 -231.7 105 0 6.1 5.2 10.5 3.5 2 0 3 2 2
6360.2 -10840.3 -234.9 285 0 4.1 8.5 10.5 3.5 2 0 3 2 2
6371.6 -10829.7 -235.6 105 0 4.9 9.9 10.5 3.5 2 0 3 1 1
6371.6 -10752.4 -235.6 180 0 8.3 5.3 10.5 3.5 2 0 3 2 2
6352.4 -10752.8 -234.0 353 0 9.9 3.8 10.5 3.5 2 0 3 2 2
6345.8 -10772.3 -235.1 266 0 16.4 5.3 10.5 3.5 2 0 3 4 4
6380.0 -10789.0 -236.2 360 0 6.9 6.8 10.5 3.5 2 0 3 5 5
6341.9 -10766.1 -234.0 152 0 5.0 7.2 10.5 3.5 2 0 3 0 0
6354.8 -10756.5 -234.4 242 0 6.7 3.8 10.5 3.5 2 0 3 2 2
5302.3 -10274.2 -210.4 130 0 9.2 13.5 5.0 2.5 2 1 2 1 1
5177.0 -10372.1 -181.5 271 0 7.9 32.8 7.5 2.5 2 1 3 2 2
5057.4 -10421.8 -172.5 273 0 49.1 23.6 12.5 2.5 2 0 5 4 4
4254.7 -10085.8 -176.5 252 0 7.0 13.0 5.0 2.5 2 1 2 3 3
4232.9 -9560.6 -211.2 165 0 12.9 18.1 8.0 0.0 0 1 2 4 4
4286.5 -5554.7 -222.5 335 0 12.0 28.9 17.5 3.5 2 1 5 1 1
3817.4 -5341.1 -221.9 135 0 13.1 19.0 20.0 3.5 2 1 5 3 3
1746.4 -4384.9 -85.1 90 0 13.2 12.3 14.0 3.5 2 0 4 0 0
-1441.0 -1586.7 -190.7 270 0 11.0 19.0 5.0 2.5 4 1 2 1 1
-3667.1 -10515.8 -237.3 124 0 31.4 10.7 10.0 0.0 0 0 4 1 1
5583.4 -5999.5 -225.0 176 0 12.4 7.3 10.5 3.5 2 0 3 5 5
5797.8 -6111.7 -235.5 270 0 12.5 10.2 14.0 3.5 2 0 4 2 2
5854.7 -10520.7 -235.4 127 0 29.4 11.4 14.0 0.0 0 0 4 1 1
5858.4 -6085.3 -235.5 211 0 8.4 6.7 10.5 3.5 2 0 3 5 5
5809.0 -6112.1 -235.5 269 0 7.4 10.2 10.5 3.5 2 1 3 0 0
5836.2 -6132.8 -235.6 87 0 12.6 7.1 10.5 3.5 2 0 3 0 0
5847.5 -6111.7 -235.6 271 0 7.1 12.5 10.5 3.5 2 1 3 5 5
5775.8 -6049.6 -235.0 48 0 29.7 18.8 14.0 3.5 2 0 4 0 0
5750.5 -6092.0 -235.2 300 0 6.2 11.5 10.5 0.0 0 1 3 1 1
5744.0 -6105.1 -235.3 273 0 6.3 10.9 10.5 3.5 2 1 3 4 4
5750.9 -6125.8 -235.4 109 0 12.2 6.7 10.5 3.5 4 0 3 1 1
5767.4 -6113.9 -235.4 298 0 7.0 10.4 10.5 3.5 2 1 3 2 2
197.5 -7078.4 225.9 335 0 11.8 4.2 5.0 2.5 2 0 2 0 0
6685.9 -4047.7 -231.3 273 0 25.6 16.4 12.5 2.5 2 0 5 2 2
181.3 -7063.5 226.1 245 0 6.5 21.8 5.0 2.5 2 1 2 5 5
-3114.2 -3667.7 -212.4 188 0 17.5 29.3 12.5 0.0 0 1 5 0 0
4816.6 -10146.6 -192.9 288 0 15.1 10.9 7.5 0.0 0 0 3 2 2
4747.8 -10138.1 -191.7 109 0 15.6 12.0 7.5 2.5 2 0 3 3 3
5149.8 -5826.6 -228.5 271 0 16.5 28.3 14.0 3.5 2 1 4 3 3
5131.8 -5845.5 -227.3 355 0 6.1 13.0 10.5 3.5 2 1 3 0 0
5109.3 -5849.2 -227.3 93 0 13.0 6.1 10.5 3.5 2 0 3 2 2
5094.1 -5844.1 -226.8 124 0 13.0 6.1 10.5 3.5 2 0 3 1 1
5122.3 -5858.2 -229.5 270 0 13.0 6.1 10.5 3.5 2 0 3 5 5
5154.6 -5812.2 -223.6 3 0 17.5 14.1 14.0 3.5 2 0 4 4 4
5178.9 -5911.2 -232.9 203 0 16.1 8.3 10.5 3.5 4 0 3 1 1
4395.8 -5697.1 -214.8 289 0 22.1 20.0 14.0 3.5 4 0 4 1 1
1900.0 -4422.3 -89.2 216 0 6.2 10.7 10.5 3.5 2 0 3 4 4
5384.8 -10451.5 -220.9 346 0 21.7 14.0 14.0 3.5 2 0 4 4 4
5053.8 -10167.7 -216.0 198 0 12.3 21.3 15.0 0.0 0 1 6 2 2
5789.2 -4023.1 -162.4 69 0 8.6 13.8 10.5 3.5 2 1 3 4 4
4734.2 -9564.4 -222.3 300 0 17.0 17.3 10.0 2.5 2 1 4 3 3
4647.5 -9525.6 -222.2 67 0 18.6 21.9 7.5 2.5 2 1 3 4 4
4671.1 -9062.0 -225.3 275 0 9.1 21.9 10.5 3.5 2 1 3 5 5
5740.0 -6656.1 -232.9 222 0 3.4 10.0 10.5 3.5 2 1 3 1 1
5743.3 -6799.6 -226.8 59 0 14.4 7.3 10.5 3.5 2 0 3 5 5
5624.0 -6851.9 -227.6 69 0 20.0 11.4 14.0 3.5 2 0 4 5 5
