124.9 894.5 -11.5 220 0 40.4 98.3 17.5 0.0 0 1 5 5 5
5100.7 -8157.6 -7.0 271 0 127.7 22.8 12.5 0.0 0 0 5 2 2
4844.0 -8197.3 -12.5 200 0 108.2 20.9 14.0 0.0 0 0 4 4 4
3528.5 -8030.0 -9.4 27 0 115.7 17.2 17.5 0.0 0 0 5 5 5
5560.7 4932.0 -18.5 344 0 108.0 43.7 14.0 0.0 0 0 4 0 0
6151.2 4072.4 -18.7 280 0 49.0 31.6 10.0 0.0 0 0 4 2 2
49.3 8677.7 -26.5 131 0 24.3 49.7 63.0 0.0 0 1 18 0 0
4583.2 -12835.0 -14.4 149 0 171.8 98.2 12.5 0.0 0 0 5 5 5
-4084.4 7935.7 -28.1 181 0 41.7 55.8 14.0 0.0 0 1 4 4 4
-4072.1 8017.3 -24.2 272 0 18.1 46.2 14.0 3.5 2 1 4 3 3
-4038.5 8019.4 -22.6 271 0 23.8 44.0 14.0 0.0 0 1 4 2 2
-2398.2 9213.0 -45.4 90 0 44.7 100.3 10.5 0.0 0 0 3 5 5
-2023.8 8017.9 -26.2 89 0 15.3 61.8 14.0 3.5 4 1 4 5 5
-955.8 9758.7 -33.5 130 0 35.1 26.1 10.0 0.0 0 0 4 4 4
-1619.6 8414.0 -26.4 359 0 138.0 87.1 14.0 0.0 0 0 4 1 1
-1639.4 8057.9 -21.4 269 0 131.3 51.2 14.0 0.0 0 0 4 1 1
-1854.2 8091.1 -25.1 269 0 153.1 89.0 14.0 0.0 0 0 4 0 0
-1805.2 7916.9 -21.0 3 0 32.6 29.1 14.0 0.0 0 0 4 5 5
-1961.5 8080.5 -25.4 269 0 14.3 62.1 14.0 3.5 2 1 4 2 2
-2061.6 8046.7 -26.6 180 0 61.0 13.7 14.0 3.5 2 0 4 2 2
-1990.8 8018.2 -25.7 89 0 13.3 58.8 14.0 3.5 2 1 4 0 0
-2363.6 7721.9 -19.1 34 0 21.1 26.7 10.5 0.0 0 1 3 5 5
-2634.5 7868.7 -11.3 215 0 17.1 58.4 10.5 3.5 2 1 3 0 0
-2001.1 9627.4 -32.9 311 0 40.0 38.3 14.0 0.0 0 0 4 4 4
-1597.1 9388.1 -32.3 75 0 22.7 13.8 14.0 3.5 2 0 4 4 4
-1573.0 9397.1 -32.0 69 0 18.9 14.5 14.0 3.5 2 0 4 3 3
-1547.8 9405.1 -31.9 76 0 18.3 15.5 14.0 3.5 2 0 4 0 0
-1595.7 9727.3 -34.1 55 0 33.7 22.1 14.0 0.0 0 0 4 3 3
-1605.4 9995.0 -37.9 330 0 85.8 12.8 14.0 3.5 2 0 4 2 2
-1679.3 10103.8 -38.0 230 0 12.4 83.3 14.0 3.5 2 1 4 1 1
-1632.5 9801.7 -35.5 314 0 46.0 39.7 14.0 0.0 0 0 4 1 1
-1556.7 9737.5 -34.2 37 0 14.9 21.6 14.0 3.5 4 1 4 3 3
-1524.6 9714.8 -33.6 327 0 20.3 16.2 14.0 3.5 2 0 4 0 0
-1578.3 9691.7 -34.3 323 0 27.7 13.5 14.0 3.5 2 0 4 0 0
-1565.3 9716.1 -34.1 235 0 33.0 10.7 14.0 3.5 2 0 4 1 1
-1549.5 9663.2 -33.4 148 0 28.4 49.1 14.0 0.0 0 1 4 1 1
-1486.2 9680.6 -32.7 315 0 20.0 10.9 14.0 3.5 2 0 4 3 3
-1338.9 9499.7 -31.6 65 0 38.5 17.1 14.0 3.5 4 0 4 3 3
-1357.5 9549.6 -31.8 312 0 48.2 23.1 14.0 3.5 2 0 4 2 2
-1440.8 9447.6 -31.2 63 0 54.4 18.7 14.0 0.0 0 0 4 5 5
-1500.0 9425.5 -32.0 55 0 13.1 51.1 14.0 0.0 0 1 4 5 5
-1479.8 9439.1 -31.9 54 0 11.7 40.6 14.0 3.5 2 1 4 1 1
-1552.8 9439.4 -32.1 329 0 20.1 17.5 14.0 0.0 0 0 4 0 0
-1851.6 9717.7 -34.4 53 0 16.1 47.9 10.5 3.5 2 1 3 2 2
-1893.0 9785.5 -34.8 324 0 47.8 15.4 10.5 3.5 2 0 3 3 3
-1725.7 9660.4 -34.0 128 0 17.2 21.6 14.0 3.5 2 1 4 3 3
-1705.8 9638.6 -35.0 134 0 27.2 21.3 14.0 3.5 2 0 4 5 5
-1597.4 9707.4 -34.5 60 0 13.0 12.2 14.0 3.5 2 0 4 2 2
-1584.4 9716.1 -34.4 59 0 11.3 12.2 14.0 3.5 2 1 4 5 5
-1566.1 9721.5 -34.3 55 0 7.4 13.4 10.5 3.5 2 1 3 4 4
-1624.0 10203.2 -35.5 218 0 46.6 88.4 14.0 0.0 0 1 4 1 1
-1812.7 9751.9 -34.8 48 0 14.4 53.0 14.0 3.5 2 1 4 2 2
-1875.3 9813.6 -35.1 140 0 28.9 13.9 14.0 3.5 2 0 4 5 5
-1546.6 9868.3 -36.7 132 0 52.3 17.3 14.0 3.5 2 0 4 0 0
-1590.9 9908.0 -36.8 133 0 52.7 15.9 14.0 3.5 2 0 4 2 2
-984.6 9905.5 -33.8 151 0 29.5 16.1 14.0 3.5 2 0 4 4 4
-42.2 8627.2 -25.7 44 0 110.0 48.0 10.5 0.0 0 0 3 1 1
-221.3 8730.6 -15.5 132 0 27.1 72.8 10.5 0.0 0 1 3 3 3
-3539.0 11990.6 -48.1 316 0 212.1 78.9 14.0 0.0 0 0 4 3 3
-3707.8 11849.7 -47.8 135 0 68.9 32.7 17.5 0.0 0 0 5 3 3
-3748.3 11930.4 -46.9 46 0 23.0 98.8 17.5 0.0 0 1 5 3 3
-4190.2 12359.6 -48.8 44 0 57.0 37.7 17.5 0.0 0 0 5 2 2
-4242.1 12339.3 -49.3 46 0 24.7 123.3 17.5 0.0 0 1 5 4 4
-4309.9 12513.6 -49.5 269 0 19.3 44.5 17.5 3.5 2 1 5 4 4
-4506.9 12480.5 -48.1 181 0 61.3 22.5 17.5 3.5 2 0 5 3 3
-3522.8 11677.5 -41.9 225 0 38.7 117.8 14.0 0.0 0 1 4 0 0
-3753.3 11675.7 -40.9 358 0 59.6 58.1 17.5 0.0 0 0 5 3 3
-4152.7 12214.4 -45.4 43 0 37.2 35.9 17.5 0.0 0 0 5 2 2
-4270.8 12255.7 -48.7 42 0 27.4 39.1 14.0 0.0 0 1 4 4 4
-4474.6 12060.8 -34.4 259 0 10.8 52.7 17.5 0.0 0 1 5 1 1
-4272.2 11968.4 -31.8 316 0 55.3 12.3 17.5 3.5 2 0 5 3 3
-4227.2 11868.7 -32.0 46 0 10.3 37.7 17.5 3.5 2 1 5 5 5
-4238.9 11840.0 -32.5 48 0 11.3 54.6 17.5 3.5 2 1 5 3 3
-4270.9 11825.3 -31.9 47 0 10.4 37.4 17.5 3.5 4 1 5 0 0
-4475.0 11830.2 -26.2 179 0 56.7 9.1 10.5 3.5 2 0 3 0 0
-4404.0 11814.7 -27.3 87 0 10.3 28.0 17.5 3.5 2 1 5 4 4
-4375.0 11838.5 -28.3 86 0 9.6 32.1 10.5 3.5 2 1 3 2 2
-3911.8 10838.8 -26.3 90 0 15.6 83.6 14.0 3.5 2 1 4 3 3
-3910.2 10817.1 -26.7 270 0 18.6 125.6 17.5 0.0 0 1 5 5 5
-3921.3 10977.6 -25.0 268 0 10.4 35.6 14.0 0.0 0 1 4 1 1
-3963.8 10907.4 -23.4 129 0 10.3 22.6 14.0 3.5 2 0 4 5 5
-3949.8 10950.5 -23.4 272 0 8.9 22.2 10.5 3.5 2 0 3 5 5
-3964.1 10971.5 -23.2 229 0 12.5 22.4 14.0 3.5 2 0 4 5 5
4268.1 6418.7 -7.3 325 0 31.5 32.6 10.5 0.0 0 1 3 1 1
4694.6 6837.9 -9.2 75 0 70.9 84.1 10.5 0.0 0 1 3 3 3
-3163.1 8882.5 -29.2 89 0 10.1 95.9 14.0 3.5 2 1 4 4 4
-3206.6 8979.5 -28.3 269 0 10.9 93.4 14.0 3.5 2 1 4 5 5
-3254.6 8977.0 -28.2 269 0 11.5 92.6 14.0 3.5 2 1 4 5 5
-3293.3 8977.7 -29.2 270 0 14.2 85.3 14.0 3.5 2 1 4 4 4
-3291.0 8746.7 -26.8 88 0 14.2 102.0 14.0 3.5 2 1 4 0 0
-3250.3 8745.0 -27.8 90 0 15.2 89.8 14.0 3.5 2 1 4 2 2
-3209.7 8753.0 -28.7 90 0 11.7 60.7 14.0 3.5 2 1 4 3 3
-3171.9 8749.4 -29.6 90 0 12.1 80.2 14.0 3.5 2 1 4 3 3
-3048.0 8837.6 -32.2 90 0 15.3 88.7 14.0 3.5 2 1 4 0 0
-2954.9 8883.6 -33.9 359 0 79.8 17.2 14.0 3.5 2 0 4 3 3
-3006.7 8983.1 -32.9 179 0 43.7 14.2 14.0 3.5 2 0 4 2 2
-3027.9 8982.4 -32.0 359 0 40.0 12.9 14.0 3.5 2 0 4 1 1
-2954.9 8976.6 -34.0 355 0 59.5 14.3 14.0 3.5 4 0 4 1 1
-3000.5 8843.8 -33.0 90 0 14.5 70.4 14.0 0.0 0 1 4 5 5
-3313.5 9004.7 -30.9 178 0 39.5 61.8 10.5 0.0 0 1 3 2 2
187.0 8703.3 -27.8 268 0 44.2 22.8 14.0 0.0 0 0 4 1 1
258.0 8705.1 -28.7 269 0 42.6 21.5 14.0 0.0 0 0 4 4 4
4375.4 6272.8 -3.2 54 0 13.0 121.6 10.5 3.5 4 1 3 3 3
4308.9 6115.2 -0.7 236 0 92.9 17.3 14.0 0.0 0 0 4 2 2
4088.4 6492.8 -11.2 145 0 102.8 13.0 10.5 3.5 4 0 3 4 4
4172.7 6708.4 -8.7 237 0 23.4 37.8 10.5 0.0 0 1 3 0 0
4520.2 6790.9 -15.0 57 0 22.0 65.4 14.0 0.0 0 1 4 4 4
4445.2 6768.4 -11.7 69 0 15.3 71.2 14.0 3.5 2 1 4 0 0
2130.2 -1068.8 15.6 104 0 22.5 64.8 12.5 2.5 2 1 5 0 0
5051.7 -167.3 -16.8 231 0 52.1 16.8 10.0 2.5 2 0 4 4 4
6122.7 -3943.5 32.3 1 0 108.5 15.1 10.0 0.0 0 0 4 0 0
6533.5 -4329.8 34.7 283 0 27.8 17.4 17.5 3.5 2 0 5 4 4
-3293.8 11204.8 -39.4 89 0 10.4 96.7 14.0 3.5 2 1 4 3 3
-3270.8 11204.6 -38.4 90 0 9.0 59.1 10.5 3.5 2 1 3 3 3
-271.7 9570.3 -34.1 312 0 35.4 147.5 14.0 0.0 0 1 4 0 0
-307.5 9185.9 -28.5 268 0 21.0 66.3 14.0 3.5 2 1 4 3 3
-2309.8 8644.5 -31.0 358 0 17.9 47.2 14.0 3.5 2 1 4 5 5
-2402.2 8649.5 -32.8 268 0 59.8 14.9 14.0 3.5 2 0 4 5 5
-2498.2 8640.0 -35.1 179 0 14.0 51.7 14.0 3.5 2 1 4 4 4
-2611.3 8906.6 -36.4 269 0 17.1 65.5 14.0 3.5 2 1 4 2 2
-2651.6 8910.2 -36.7 270 0 29.3 71.2 14.0 0.0 0 1 4 2 2
-2525.5 7963.4 -11.8 312 0 12.0 59.0 10.5 3.5 2 1 3 2 2
-2610.6 7949.2 -13.6 219 0 68.0 15.7 10.5 3.5 2 0 3 4 4
-2433.2 7923.8 -17.9 309 0 17.2 44.4 10.5 3.5 2 1 3 0 0
-2658.4 8032.8 -24.6 312 0 18.6 39.8 14.0 3.5 2 1 4 4 4
-2596.2 8036.5 -19.3 311 0 20.0 41.7 14.0 3.5 2 1 4 0 0
-2591.2 10744.7 -45.7 225 0 27.7 149.8 17.5 0.0 0 1 5 0 0
5010.6 6502.6 -10.0 240 0 35.5 110.3 17.5 0.0 0 1 5 5 5
3744.0 480.9 -4.1 85 0 59.5 14.8 14.0 3.5 2 0 4 5 5
3664.2 569.8 -3.9 264 0 92.1 17.2 14.0 3.5 2 0 4 3 3
3738.2 538.7 -4.0 264 0 59.8 18.5 14.0 3.5 2 0 4 1 1
3690.1 475.5 -4.2 84 0 48.8 14.8 14.0 3.5 2 0 4 1 1
3677.7 398.1 -5.0 354 0 25.4 88.8 14.0 0.0 0 1 4 3 3
3699.2 544.2 -4.0 354 0 23.4 78.3 14.0 0.0 0 0 4 0 0
1395.7 -411.0 5.3 359 0 190.4 161.4 17.5 0.0 0 0 5 0 0
3213.4 51.1 -5.4 7 0 105.3 42.4 17.5 0.0 0 0 5 3 3
1307.7 -195.1 3.8 89 0 157.3 170.7 17.5 0.0 0 1 5 5 5
3198.3 -72.8 -4.7 7 0 105.5 42.4 17.5 0.0 0 0 5 2 2
432.8 -124.1 -0.7 179 0 171.6 219.4 17.5 0.0 0 1 5 2 2
741.1 -204.5 10.7 89 0 137.8 172.5 14.0 0.0 0 1 4 4 4
3183.3 -194.0 -2.0 7 0 105.1 42.4 17.5 0.0 0 0 5 5 5
571.0 -332.3 -0.0 269 0 166.4 193.3 17.5 0.0 0 1 5 3 3
1142.6 -198.1 8.4 89 0 166.9 171.1 14.0 0.0 0 1 4 5 5
3129.3 236.5 -1.8 90 0 109.0 34.4 17.5 0.0 0 0 5 3 3
496.5 -673.2 -1.0 179 0 160.9 335.2 17.5 0.0 0 1 5 4 4
3075.1 334.8 7.1 180 0 34.3 109.0 17.5 0.0 0 1 5 2 2
3104.1 112.9 -5.3 272 0 42.2 105.2 17.5 0.0 0 1 5 2 2
673.4 -427.4 3.2 179 0 193.4 166.5 14.0 0.0 0 0 4 1 1
-1791.6 -3675.8 -12.9 25 0 23.9 19.2 14.0 3.5 2 0 4 1 1
-5393.3 12683.0 -51.1 180 0 61.5 132.7 14.0 0.0 0 1 4 1 1
-5418.0 12678.0 -51.1 360 0 66.5 106.4 14.0 0.0 0 1 4 0 0
-5213.9 11905.3 -27.9 178 0 145.9 131.9 10.0 0.0 0 0 4 5 5
-5153.8 12041.8 -29.1 270 0 99.7 52.9 10.0 0.0 0 0 4 4 4
-4169.0 11101.5 -21.5 180 0 11.0 110.7 17.5 3.5 2 1 5 2 2
-3969.8 11102.0 -24.2 359 0 8.2 77.6 10.5 3.5 2 0 3 5 5
-3875.1 12734.5 -53.9 179 0 70.2 35.2 17.5 0.0 0 0 5 0 0
-3826.0 12816.0 -50.2 233 0 28.3 29.1 17.5 0.0 0 1 5 3 3
-3703.5 12765.4 -55.8 339 0 95.5 36.0 17.5 0.0 0 0 5 4 4
-4596.6 10610.7 -22.7 178 0 69.8 13.3 17.5 3.5 2 0 5 0 0
-4334.0 10680.0 -16.4 320 0 76.6 14.5 17.5 3.5 2 0 5 0 0
-4390.6 10751.0 -15.2 322 0 76.4 20.4 17.5 3.5 2 0 5 3 3
-4449.8 10820.5 -10.3 318 0 73.3 20.5 17.5 0.0 0 0 5 0 0
-4497.2 10850.5 -20.2 49 0 27.2 63.0 17.5 0.0 0 1 5 0 0
-4417.7 10838.8 -15.5 138 0 82.0 29.2 17.5 0.0 0 0 5 1 1
-4692.8 10646.7 -27.6 359 0 252.7 17.2 10.5 0.0 0 0 3 5 5
-5010.4 10375.7 -33.5 268 0 63.4 167.8 14.0 0.0 0 1 4 3 3
-1145.6 -8982.8 -27.0 315 0 16.1 94.4 10.0 0.0 0 1 4 3 3
-1277.6 -9033.9 -26.3 133 0 42.0 116.3 10.0 0.0 0 1 4 5 5
1027.6 -65.6 12.9 360 0 76.6 58.0 17.5 0.0 0 0 5 3 3
837.5 -155.8 15.0 360 0 71.4 20.2 14.0 3.5 2 0 4 5 5
888.8 -29.6 14.0 269 0 54.5 71.3 17.5 0.0 0 1 5 5 5
1045.2 -153.2 12.4 179 0 70.8 20.4 14.0 3.5 4 0 4 4 4
6351.3 -2634.3 -17.8 51 0 123.6 224.0 14.0 0.0 0 1 4 5 5
5873.6 -2542.0 -3.4 336 0 25.7 99.1 17.5 0.0 0 1 5 3 3
6853.6 -4270.4 33.0 359 0 22.8 40.3 17.5 0.0 0 0 5 2 2
6852.1 -4152.5 33.4 359 0 213.0 40.3 17.5 0.0 0 0 5 4 4
5421.2 -2814.7 -3.4 90 0 12.6 44.1 17.5 3.5 2 0 5 4 4
4339.6 -10523.8 -15.5 350 0 49.0 179.7 14.0 0.0 0 1 4 2 2
4330.4 -10164.1 -8.7 71 0 53.6 101.7 17.5 0.0 0 1 5 5 5
5096.4 -9810.0 -6.9 269 0 145.8 137.8 17.5 0.0 0 0 5 5 5
-5340.0 -12601.8 -26.5 93 0 59.8 128.8 10.5 0.0 0 1 3 5 5
-5539.9 -12522.4 -31.9 93 0 78.9 93.6 10.5 0.0 0 1 3 5 5
-5327.1 -12334.1 -37.7 272 0 61.0 119.5 10.5 0.0 0 1 3 3 3
-5404.7 -12331.6 -37.4 272 0 61.0 119.4 10.5 0.0 0 1 3 2 2
-5409.2 -12231.2 -35.3 91 0 139.9 56.0 10.0 0.0 0 0 4 0 0
-5415.9 -12597.7 -22.9 93 0 60.0 128.9 10.5 0.0 0 1 3 1 1
-5527.8 -12318.0 -35.7 273 0 78.9 93.6 10.5 0.0 0 1 3 1 1
-1302.1 -3387.7 -3.4 41 1 16.9 13.0 14.0 3.5 2 0 4 0 0
700.3 8156.7 -13.5 185 0 157.8 21.1 14.0 0.0 0 0 4 1 1
2335.4 8154.2 -16.8 189 0 23.8 96.9 14.0 0.0 0 1 4 0 0
692.5 8269.0 -15.0 186 0 51.8 19.1 14.0 3.5 4 0 4 0 0
5009.1 2703.4 -6.3 112 0 19.7 70.2 12.5 2.5 4 1 5 5 5
2758.6 7945.6 -14.4 55 0 133.2 266.7 14.0 0.0 0 1 4 1 1
2559.0 7805.4 -20.3 55 0 80.2 132.9 14.0 0.0 0 1 4 0 0
2449.4 7937.9 -19.7 235 0 69.0 28.9 14.0 0.0 0 0 4 1 1
2642.1 7863.3 -19.8 55 0 102.8 247.6 14.0 0.0 0 1 4 3 3
-2421.9 -3884.0 -15.8 121 0 93.2 236.8 14.0 0.0 0 1 4 5 5
-2709.6 -3202.5 -14.8 227 0 77.4 150.5 10.5 0.0 0 1 3 1 1
-2691.3 -3426.7 -15.2 226 0 92.9 192.3 14.0 0.0 0 1 4 5 5
-2812.4 -3302.2 -17.6 227 0 77.2 150.4 14.0 0.0 0 1 4 1 1
-2589.6 -3328.9 -14.5 226 0 93.7 178.7 14.0 0.0 0 1 4 3 3
-2629.9 -3691.0 -14.5 220 0 93.6 192.5 10.5 0.0 0 1 3 5 5
-1275.3 -4441.2 -1.6 215 0 172.3 86.6 14.0 0.0 0 0 4 4 4
3153.2 1977.7 -6.7 48 0 69.1 15.7 10.0 2.5 2 0 4 1 1
2057.5 1515.4 -5.1 209 0 18.5 13.7 14.0 3.5 4 0 4 0 0
903.6 -316.4 13.1 268 0 22.7 15.1 17.5 3.5 2 0 5 2 2
6360.9 -908.3 -5.2 178 0 9.6 10.1 10.5 3.5 2 1 3 3 3
6360.6 -894.0 -4.3 181 0 9.9 10.9 10.5 3.5 2 1 3 1 1
6377.1 -894.0 -6.5 179 1 10.7 11.2 17.5 3.5 2 1 5 3 3
6363.6 -934.2 -7.9 179 0 11.2 8.5 10.5 3.5 2 0 3 3 3
5335.4 6025.4 -6.2 58 0 25.8 47.2 14.0 0.0 0 1 4 0 0
-309.7 8291.7 -6.2 225 0 29.3 55.1 14.0 0.0 0 1 4 0 0
-234.4 8343.2 -14.1 313 0 23.5 58.3 14.0 3.5 2 1 4 1 1
-271.5 8337.5 -15.5 45 0 60.0 26.0 14.0 3.5 2 0 4 1 1
-154.0 8203.5 -21.2 249 0 81.2 89.0 14.0 0.0 0 1 4 5 5
-214.4 8539.1 -26.4 312 0 25.6 19.5 14.0 3.5 2 0 4 5 5
-995.4 8085.9 -2.0 182 0 18.8 9.9 10.5 3.5 4 0 3 3 3
4573.1 10813.5 -19.7 48 0 160.4 66.0 10.0 0.0 0 0 4 3 3
3429.6 -1510.3 11.8 268 0 13.5 68.3 17.5 3.5 2 1 5 3 3
3441.6 -1629.0 20.5 359 0 64.4 17.5 17.5 3.5 2 0 5 0 0
3406.1 -1511.7 13.3 268 0 18.0 67.5 17.5 0.0 0 1 5 3 3
3377.2 -1513.1 15.3 269 0 16.3 64.5 17.5 3.5 2 1 5 4 4
3338.4 -1540.6 19.4 268 0 19.7 69.7 17.5 3.5 2 1 5 1 1
3342.6 -1681.3 30.3 88 0 18.7 56.1 17.5 3.5 2 1 5 1 1
3305.5 -1543.3 18.3 268 0 19.8 68.6 17.5 0.0 0 1 5 2 2
3305.8 -1681.5 32.9 87 0 16.8 54.7 17.5 3.5 2 1 5 4 4
3269.8 -1685.7 33.0 88 0 17.3 57.6 17.5 3.5 2 1 5 3 3
6705.8 -6867.7 1.3 125 0 8.5 9.9 10.5 3.5 2 1 3 0 0
6551.3 -6849.0 4.7 359 0 9.0 9.8 10.5 3.5 2 1 3 2 2
6606.9 -6876.8 3.2 179 0 22.2 12.2 14.0 3.5 4 0 4 0 0
6639.2 -7102.0 -2.4 90 0 43.7 14.9 17.5 3.5 2 0 5 0 0
6798.4 -6797.1 2.0 41 0 10.1 11.4 14.0 3.5 2 1 4 5 5
6844.9 -7035.0 -2.4 86 0 20.4 14.0 17.5 3.5 2 0 5 5 5
6522.5 -6890.5 5.3 89 0 9.7 11.0 10.5 3.5 4 1 3 3 3
6634.2 -6678.1 10.5 269 0 15.7 32.2 14.0 3.5 2 1 4 3 3
6744.9 -7028.5 -2.5 179 0 57.0 8.7 10.5 3.5 4 0 3 3 3
6825.9 -7030.4 -2.6 360 0 10.5 22.9 17.5 3.5 2 1 5 5 5
6749.0 -6729.6 6.1 310 0 12.2 22.6 14.0 3.5 2 1 4 4 4
6671.0 -6961.2 -0.1 269 0 12.8 21.3 17.5 3.5 2 1 5 4 4
6521.1 -6924.4 4.6 93 0 6.7 12.1 10.5 3.5 4 1 3 5 5
6591.1 -6869.9 3.8 356 0 22.3 13.9 14.0 3.5 2 0 4 4 4
6511.4 -6941.3 4.6 89 0 10.4 10.9 14.0 3.5 2 1 4 2 2
6730.7 -7092.6 -2.5 359 0 12.0 43.6 17.5 3.5 2 1 5 0 0
6508.0 -6812.5 6.1 172 0 19.2 29.5 14.0 3.5 2 1 4 3 3
6536.0 -6941.3 3.7 89 0 34.5 12.4 14.0 3.5 2 0 4 3 3
6600.1 -6679.4 11.2 269 0 14.7 29.3 14.0 0.0 0 1 4 3 3
6730.3 -6980.1 -1.5 131 0 9.6 23.0 10.5 3.5 2 1 3 4 4
6869.5 -7029.9 -2.3 94 0 12.5 20.1 17.5 3.5 2 1 5 4 4
6708.9 -6793.9 3.4 221 0 9.4 11.7 10.5 3.5 2 1 3 5 5
6831.2 -6784.8 2.1 41 0 8.8 8.1 10.5 3.5 2 0 3 4 4
6638.0 -6651.1 12.7 269 0 42.7 14.5 14.0 3.5 2 0 4 5 5
6794.3 -6884.6 -1.0 41 0 9.6 9.2 10.5 0.0 0 0 3 3 3
6850.5 -7073.6 -2.0 360 0 9.4 21.8 10.5 3.5 2 1 3 1 1
6652.1 -6842.6 2.4 131 0 11.5 13.7 14.0 3.5 2 1 4 5 5
6807.6 -6896.8 -1.6 41 0 9.4 9.3 10.5 3.5 2 0 3 0 0
6724.7 -6749.4 5.7 221 0 10.0 11.8 14.0 3.5 2 1 4 4 4
6875.6 -6787.6 1.2 43 0 8.8 8.0 10.5 3.5 2 0 3 0 0
6565.2 -6744.0 9.8 106 0 14.0 28.1 14.0 3.5 2 1 4 3 3
6755.0 -7029.2 -2.8 180 0 13.0 20.1 17.5 3.5 2 1 5 4 4
6742.4 -6798.9 3.1 41 0 9.7 12.1 10.5 0.0 0 1 3 2 2
6610.9 -6964.6 0.8 181 0 8.0 39.8 10.5 3.5 2 1 3 4 4
6788.2 -6788.9 2.3 41 0 36.1 16.7 14.0 3.5 2 0 4 0 0
6675.1 -6833.4 1.9 221 0 9.6 11.7 10.5 3.5 2 1 3 2 2
6626.3 -6880.0 2.6 179 0 28.8 12.5 14.0 3.5 2 0 4 5 5
6796.1 -6701.5 6.8 311 0 12.1 23.2 14.0 3.5 2 1 4 3 3
6898.9 -6949.3 -2.9 4 0 20.6 14.2 17.5 3.5 4 0 5 3 3
6895.6 -6997.0 -2.5 4 0 19.5 13.4 17.5 3.5 2 0 5 0 0
6779.0 -6721.6 6.4 311 0 9.7 9.2 10.5 3.5 4 0 3 3 3
6665.2 -6985.0 -0.3 269 0 19.0 9.8 10.5 3.5 2 0 3 4 4
6695.8 -6694.9 9.3 312 0 15.6 16.9 14.0 3.5 2 1 4 5 5
6675.1 -6932.9 0.7 131 0 11.4 9.5 10.5 0.0 0 0 3 2 2
6631.0 -6780.7 5.7 134 0 31.8 13.7 14.0 3.5 2 0 4 3 3
6767.8 -6913.9 -1.0 41 0 8.6 9.0 10.5 3.5 2 1 3 5 5
6815.4 -7078.9 -2.1 89 0 20.5 9.8 10.5 3.5 2 0 3 3 3
6777.8 -7029.3 -2.7 180 0 13.5 21.4 17.5 3.5 4 1 5 0 0
6677.3 -6856.1 1.8 221 0 10.3 11.8 14.0 3.5 2 1 4 1 1
6761.5 -6840.3 0.3 41 0 10.7 8.3 10.5 3.5 2 0 3 2 2
6894.8 -7021.3 -2.3 4 0 19.3 13.7 17.5 0.0 0 0 5 5 5
6683.9 -6712.4 8.5 312 0 16.6 15.8 14.0 0.0 0 0 4 1 1
6745.9 -6826.7 1.4 41 0 9.5 10.1 10.5 3.5 2 1 3 3 3
6815.9 -6886.4 -1.6 41 0 9.4 8.6 10.5 3.5 2 0 3 2 2
6754.6 -7074.5 -2.4 180 0 14.0 22.9 17.5 3.5 2 1 5 3 3
6847.8 -6764.7 3.1 41 0 8.8 8.6 10.5 3.5 2 0 3 1 1
6873.5 -6878.3 -3.1 221 0 20.5 9.9 10.5 3.5 2 0 3 4 4
6788.1 -6838.5 -0.2 41 0 9.4 10.5 10.5 0.0 0 1 3 1 1
6905.6 -6873.0 -3.3 0 0 23.3 14.2 17.5 3.5 4 0 5 4 4
6811.8 -6985.4 -2.9 179 0 8.6 39.8 10.5 3.5 2 1 3 5 5
6840.3 -6858.0 -1.8 41 0 22.5 9.9 10.5 3.5 2 0 3 2 2
6510.7 -6924.3 4.9 89 0 10.7 10.8 14.0 3.5 2 1 4 4 4
6485.0 -6782.2 8.3 179 0 17.4 35.1 14.0 3.5 2 1 4 5 5
6754.7 -7092.5 -2.3 179 0 14.4 21.5 17.5 3.5 2 1 5 5 5
6803.8 -6817.9 0.7 41 0 9.8 9.5 10.5 0.0 0 0 3 3 3
6801.6 -6936.0 -2.6 221 0 19.5 13.0 17.5 3.5 2 0 5 1 1
6877.4 -6972.1 -2.7 4 0 18.7 10.5 17.5 3.5 2 0 5 2 2
6701.3 -6837.9 1.6 131 0 9.4 16.8 10.5 3.5 2 1 3 5 5
6666.9 -7082.7 -2.4 89 0 44.5 11.8 17.5 3.5 2 0 5 5 5
6592.1 -6903.5 3.3 359 0 24.5 12.7 14.0 3.5 2 0 4 3 3
6895.3 -6972.5 -2.6 4 0 19.5 9.3 10.5 3.5 2 0 3 3 3
6768.3 -7012.8 -2.8 175 0 15.2 82.1 17.5 3.5 2 1 5 5 5
6714.8 -6822.4 2.2 131 0 8.9 10.1 10.5 3.5 2 1 3 5 5
6551.0 -6814.9 5.8 359 0 13.5 9.9 10.5 3.5 2 0 3 5 5
6853.8 -6786.5 1.5 41 0 9.3 9.0 10.5 3.5 2 0 3 2 2
6647.9 -6864.8 2.5 221 0 9.2 11.7 10.5 3.5 2 1 3 3 3
6783.5 -6984.5 -2.9 221 0 23.1 13.2 17.5 3.5 2 0 5 1 1
6535.5 -6906.2 4.7 89 0 10.6 10.3 14.0 3.5 2 0 4 4 4
6773.9 -6968.5 -2.5 221 0 19.2 11.3 17.5 3.5 4 0 5 1 1
6660.4 -6875.7 2.0 221 0 9.6 12.4 10.5 0.0 0 1 3 2 2
6546.8 -6651.1 14.1 269 0 45.4 15.7 14.0 3.5 2 0 4 5 5
6591.2 -6849.9 3.8 359 0 11.1 13.3 14.0 3.5 2 1 4 5 5
6846.3 -6884.3 -2.6 221 0 18.4 12.3 17.5 3.5 2 0 5 0 0
6925.1 -6806.6 -2.1 41 0 24.4 12.0 14.0 3.5 2 0 4 5 5
6663.4 -6829.7 2.7 131 0 12.1 22.8 14.0 3.5 2 1 4 3 3
6833.9 -6747.5 3.9 311 0 9.5 9.0 10.5 3.5 2 0 3 1 1
6688.8 -6855.3 1.6 131 0 4.7 6.5 10.5 3.5 2 1 3 1 1
6617.1 -7076.4 -1.1 179 0 11.7 19.8 17.5 3.5 4 1 5 1 1
6778.1 -7047.6 -2.5 179 0 13.3 23.1 17.5 3.5 2 1 5 1 1
6693.7 -6820.9 2.6 131 0 11.9 22.2 14.0 0.0 0 1 4 4 4
6493.0 -6657.7 13.4 269 0 12.6 24.2 14.0 3.5 2 1 4 3 3
6652.7 -6886.5 2.0 221 0 11.0 11.5 14.0 0.0 0 1 4 0 0
6790.3 -7099.5 -2.1 90 0 19.5 12.6 17.5 3.5 2 0 5 3 3
6894.7 -6747.4 2.0 311 0 23.8 29.4 14.0 0.0 0 1 4 3 3
6755.4 -7047.5 -2.6 180 0 14.2 20.8 17.5 3.5 2 1 5 2 2
6882.9 -6810.5 -0.9 41 0 34.8 10.7 14.0 3.5 2 0 4 1 1
6567.1 -6784.4 7.4 40 0 16.0 33.1 14.0 3.5 4 1 4 1 1
6788.2 -6863.4 -0.5 49 0 10.0 8.9 10.5 3.5 4 0 3 4 4
6573.0 -6676.6 11.9 269 0 10.5 31.1 14.0 3.5 2 1 4 0 0
6862.1 -6867.0 -2.6 221 0 20.7 9.4 10.5 3.5 2 0 3 0 0
6608.4 -6784.4 6.6 42 0 15.6 33.5 14.0 3.5 2 1 4 2 2
6665.9 -6998.6 -0.5 269 0 16.4 9.3 10.5 3.5 2 0 3 2 2
6923.2 -6753.9 1.8 311 0 9.0 25.5 10.5 3.5 2 1 3 2 2
6785.3 -6894.7 -1.0 41 0 9.3 8.8 10.5 3.5 2 0 3 5 5
6504.9 -6885.0 5.6 179 0 11.8 9.7 10.5 3.5 2 0 3 1 1
6567.9 -6938.5 3.2 89 0 14.1 69.4 14.0 3.5 2 1 4 1 1
6503.4 -6841.6 5.7 179 0 27.9 10.6 14.0 0.0 0 0 4 4 4
6597.7 -6991.2 1.3 359 0 38.0 24.5 17.5 0.0 0 0 5 0 0
6497.6 -6924.1 5.2 89 0 11.6 10.5 14.0 3.5 2 0 4 0 0
6535.8 -6923.7 4.3 89 0 9.9 10.6 10.5 3.5 2 1 3 2 2
6693.8 -6659.9 10.2 222 0 16.9 35.5 14.0 3.5 2 1 4 3 3
6814.8 -6947.8 -3.0 221 0 19.6 12.7 17.5 3.5 2 0 5 0 0
6551.6 -6968.4 2.6 269 0 25.0 12.3 17.5 3.5 2 0 5 4 4
6730.4 -7075.3 -2.6 359 0 14.3 18.1 17.5 3.5 2 1 5 1 1
6790.7 -7081.0 -2.3 90 0 22.7 13.1 17.5 3.5 2 0 5 0 0
6554.0 -6866.5 4.8 359 0 12.2 11.1 14.0 3.5 2 0 4 4 4
6592.3 -6929.4 2.8 359 0 20.5 11.6 14.0 3.5 2 0 4 1 1
6748.9 -6938.6 -1.0 41 0 9.8 9.7 10.5 3.5 2 0 3 3 3
6598.6 -7041.5 0.5 359 0 12.4 6.7 10.5 3.5 2 0 3 2 2
6591.4 -6815.5 4.5 359 0 29.1 13.9 14.0 3.5 2 0 4 2 2
6839.7 -6774.3 2.5 41 0 9.5 7.8 10.5 3.5 2 0 3 2 2
6608.0 -6843.7 3.3 179 0 23.3 13.9 14.0 3.5 2 0 4 0 0
6722.9 -6905.5 0.1 131 0 11.3 10.0 14.0 3.5 4 0 4 4 4
6625.9 -6843.8 2.9 179 0 22.5 12.9 14.0 3.5 2 0 4 2 2
6829.9 -6904.0 -2.6 220 0 18.3 11.5 17.5 3.5 2 0 5 1 1
6850.1 -7045.7 -2.3 359 0 13.4 20.9 17.5 3.5 2 1 5 5 5
6881.0 -6924.3 -3.2 4 0 19.9 11.7 17.5 3.5 2 0 5 4 4
6573.0 -6831.8 4.3 359 0 47.6 13.7 14.0 3.5 2 0 4 4 4
6722.1 -6805.7 2.5 221 0 10.1 10.8 14.0 3.5 2 1 4 5 5
6688.8 -6945.1 0.2 131 0 9.2 9.9 10.5 3.5 2 1 3 0 0
6825.6 -7046.8 -2.4 359 0 13.4 22.7 17.5 3.5 2 1 5 5 5
6775.7 -6699.3 7.4 312 0 10.5 22.6 14.0 3.5 2 1 4 0 0
6787.1 -6952.6 -2.5 221 0 19.5 11.6 17.5 3.5 4 0 5 3 3
6543.3 -6714.9 10.4 285 0 14.9 29.6 14.0 3.5 2 1 4 3 3
6482.7 -6717.0 10.8 179 0 57.8 15.3 14.0 0.0 0 0 4 0 0
6879.2 -6946.5 -3.0 4 0 19.3 9.0 10.5 3.5 2 0 3 0 0
6593.0 -6650.9 13.6 269 0 43.1 14.7 14.0 3.5 4 0 4 4 4
6714.0 -6764.8 5.5 131 0 7.2 10.1 10.5 3.5 4 1 3 4 4
6811.6 -6924.4 -2.6 216 0 10.4 12.8 17.5 3.5 2 1 5 0 0
6736.1 -6869.8 0.7 41 0 9.1 11.6 10.5 3.5 2 1 3 4 4
6789.7 -6918.4 -1.6 37 0 5.3 9.4 10.5 3.5 2 1 3 0 0
6782.9 -6743.7 4.6 308 0 12.0 22.3 14.0 3.5 2 1 4 4 4
6653.9 -6923.7 1.4 109 0 15.5 15.8 14.0 3.5 2 1 4 0 0
6727.4 -6848.1 0.8 41 0 4.9 9.7 10.5 3.5 2 1 3 1 1
6854.3 -6725.0 4.4 310 0 16.2 23.2 14.0 3.5 2 1 4 5 5
6802.0 -6848.6 -0.8 41 0 8.5 10.5 10.5 3.5 2 1 3 0 0
6711.5 -6946.3 -0.4 129 0 8.4 9.0 10.5 3.5 4 1 3 1 1
6751.4 -6851.9 0.2 40 0 5.3 9.1 10.5 3.5 2 1 3 2 2
6862.0 -6776.3 2.1 38 0 8.9 8.1 10.5 3.5 2 0 3 1 1
6780.2 -6929.0 -1.6 45 0 5.7 9.7 10.5 3.5 2 1 3 5 5
6801.5 -6963.1 -2.9 221 0 14.0 12.4 17.5 3.5 2 0 5 2 2
6765.8 -6890.5 -0.5 42 0 9.5 9.9 10.5 3.5 2 1 3 5 5
6696.6 -6934.8 0.2 131 0 8.6 10.0 10.5 3.5 4 1 3 3 3
6741.3 -6919.3 -0.4 42 0 4.9 10.2 10.5 3.5 2 1 3 4 4
6708.3 -6893.3 0.7 130 0 8.2 9.6 10.5 3.5 2 1 3 3 3
6727.8 -6926.3 -0.4 135 0 8.9 9.2 10.5 3.5 2 1 3 5 5
6697.4 -6914.3 0.7 68 0 7.4 11.3 10.5 3.5 4 1 3 0 0
6822.6 -6795.8 1.6 40 0 9.3 9.3 10.5 3.5 2 0 3 1 1
6759.0 -6869.5 0.1 44 0 9.7 8.6 10.5 3.5 2 0 3 5 5
6807.1 -6787.3 2.4 41 0 10.2 11.5 14.0 3.5 2 1 4 2 2
6762.2 -6740.5 5.2 308 0 11.7 23.2 14.0 3.5 2 1 4 2 2
6900.2 -6902.4 -3.2 0 0 20.2 9.9 10.5 3.5 2 0 3 1 1
6538.6 -6849.7 5.0 359 0 11.8 9.8 10.5 3.5 2 0 3 0 0
6489.7 -7032.1 2.9 89 0 12.6 29.3 17.5 3.5 2 1 5 1 1
6765.0 -6864.1 -0.0 44 0 5.9 10.4 10.5 3.5 2 1 3 3 3
6745.5 -6760.1 4.4 310 0 11.6 23.2 14.0 3.5 2 1 4 3 3
6744.0 -6686.3 8.5 311 0 14.6 28.1 14.0 3.5 4 1 4 0 0
6656.6 -6863.8 2.0 133 0 12.1 23.8 14.0 3.5 2 1 4 1 1
6516.5 -6854.1 5.3 179 0 10.6 10.4 14.0 3.5 2 0 4 3 3
6491.6 -6902.1 5.6 179 0 10.7 11.3 14.0 3.5 2 1 4 2 2
6860.8 -6807.7 0.2 39 0 9.0 9.8 10.5 3.5 2 1 3 2 2
6542.6 -6677.7 12.5 269 0 11.4 29.5 14.0 0.0 0 1 4 4 4
6725.5 -6958.2 -1.0 134 0 10.3 10.1 14.0 3.5 4 0 4 1 1
6763.8 -6948.4 -1.5 40 0 8.2 10.4 10.5 3.5 2 1 3 0 0
6833.2 -6716.8 5.5 311 0 10.3 19.8 14.0 3.5 2 1 4 2 2
6654.0 -7021.0 -1.0 179 0 11.0 28.0 17.5 0.0 0 1 5 2 2
6689.1 -6977.2 -0.9 272 0 19.6 17.7 17.5 3.5 2 0 5 5 5
6646.0 -6748.6 7.7 141 0 13.5 30.7 14.0 3.5 4 1 4 3 3
6510.5 -6907.2 5.3 89 0 11.5 11.5 14.0 3.5 2 1 4 2 2
-1313.6 7889.4 -13.7 358 0 47.7 26.1 14.0 0.0 0 0 4 5 5
-1920.4 7723.4 -20.2 90 0 31.6 75.8 14.0 0.0 0 1 4 5 5
-2168.3 7918.0 -25.9 190 0 41.6 16.5 14.0 3.5 4 0 4 1 1
-6050.7 5896.1 3.7 308 0 23.1 19.6 14.0 3.5 2 0 4 1 1
-5462.9 4067.7 -30.6 92 0 38.7 16.6 14.0 3.5 2 0 4 4 4
-6541.4 4596.6 -28.8 271 0 60.6 178.2 14.0 0.0 0 1 4 3 3
-6907.8 4220.7 -30.9 184 0 19.1 38.3 14.0 3.5 2 1 4 1 1
-4686.2 4446.8 -35.5 97 0 60.6 37.7 10.0 0.0 0 0 4 1 1
-6385.6 4633.0 -25.2 91 0 30.6 95.8 14.0 0.0 0 1 4 3 3
-5914.3 2453.9 -37.1 54 0 27.3 12.2 14.0 3.5 2 0 4 3 3
-6096.7 6165.1 -13.7 167 0 16.4 29.1 14.0 3.5 2 1 4 3 3
-5431.8 4099.3 -23.6 273 0 19.1 8.4 10.5 3.5 2 0 3 3 3
-6862.3 4426.5 -28.5 271 0 24.1 77.5 14.0 0.0 0 1 4 4 4
-6076.8 5983.8 -10.8 270 0 14.8 27.9 14.0 3.5 2 1 4 5 5
-4103.2 2743.8 -21.4 97 0 63.6 41.6 10.5 0.0 0 0 3 2 2
-6741.3 4234.8 -28.9 182 0 19.2 33.9 14.0 0.0 0 1 4 0 0
-5557.1 5395.3 14.9 141 0 18.9 9.5 7.5 2.5 4 0 3 3 3
-6626.7 3972.8 -23.1 129 0 25.9 56.0 14.0 3.5 4 1 4 1 1
-6740.1 4178.7 -28.4 94 0 41.5 33.9 14.0 0.0 0 0 4 0 0
-6763.9 5528.5 17.3 49 0 17.3 12.5 5.0 2.5 2 0 2 5 5
-6650.2 3991.0 -22.5 129 0 27.3 57.7 14.0 3.5 2 1 4 4 4
-6289.9 4702.7 -25.0 180 0 37.6 11.9 14.0 3.5 2 0 4 0 0
-5864.1 6352.0 -2.9 122 0 9.3 20.1 7.5 2.5 2 1 3 0 0
-4658.3 5452.9 -28.5 341 0 42.8 13.6 10.5 3.5 2 0 3 2 2
-6056.1 6032.3 -13.6 210 0 6.5 14.1 10.5 3.5 2 1 3 2 2
-6264.1 4657.1 -25.4 359 0 27.4 9.8 10.5 3.5 2 0 3 3 3
-5851.7 6210.9 -15.2 21 0 34.7 8.7 10.5 3.5 2 0 3 1 1
-6252.4 4519.6 -27.2 269 0 31.7 51.6 14.0 0.0 0 1 4 3 3
-5789.5 3373.6 -42.5 39 0 10.1 109.8 10.5 3.5 2 1 3 0 0
-5465.5 4097.9 -27.9 273 0 27.3 10.7 14.0 3.5 2 0 4 3 3
-6005.5 3997.3 -33.2 91 0 56.2 99.7 10.5 0.0 0 1 3 0 0
-5646.0 3995.7 -28.2 91 0 6.3 48.5 10.5 3.5 2 1 3 5 5
-5922.2 3994.3 -32.5 90 0 56.2 102.2 10.5 0.0 0 1 3 5 5
-6643.9 4366.0 -29.2 89 0 60.7 38.0 14.0 0.0 0 0 4 1 1
-6114.6 5887.9 6.1 188 0 16.0 21.3 14.0 3.5 2 1 4 4 4
-5563.2 6517.0 -2.1 200 0 18.8 31.1 14.0 3.5 2 1 4 0 0
-6646.2 4472.4 -27.7 269 0 59.9 27.5 14.0 0.0 0 0 4 5 5
-6658.3 4631.3 -24.0 89 0 40.1 66.9 14.0 0.0 0 1 4 5 5
-5538.0 5826.9 -11.9 315 0 68.5 10.3 10.5 3.5 2 0 3 5 5
-6898.8 4389.7 -28.3 182 0 77.8 15.1 14.0 0.0 0 0 4 4 4
-5947.0 4290.7 -29.6 271 0 31.3 66.4 10.5 0.0 0 1 3 2 2
-6056.3 6045.2 -13.5 203 0 13.9 4.4 10.5 3.5 2 0 3 3 3
-6284.2 4620.9 -25.8 90 0 11.7 48.4 14.0 3.5 2 1 4 3 3
-5979.9 6029.1 -15.7 247 0 14.3 8.6 10.5 3.5 2 0 3 5 5
-4713.4 5630.9 -24.9 255 0 14.1 34.3 10.5 3.5 2 1 3 5 5
-6342.7 4631.9 -25.3 90 0 16.9 22.1 14.0 3.5 2 1 4 4 4
-5233.0 2540.5 -32.2 261 0 31.2 9.9 7.5 0.0 0 0 3 2 2
-6096.8 3997.2 -33.4 91 0 55.7 101.6 10.5 0.0 0 1 3 5 5
-4684.5 5523.7 -31.3 73 0 12.4 35.3 10.5 3.5 2 1 3 5 5
-6557.9 3990.2 -28.6 311 0 27.1 58.9 14.0 3.5 2 1 4 2 2
-4777.9 5312.4 -13.1 73 0 19.1 40.9 12.5 2.5 2 1 5 2 2
-5648.1 3962.4 -25.1 269 0 30.4 61.3 14.0 0.0 0 1 4 0 0
-6743.8 4382.3 -29.0 181 0 33.6 57.1 14.0 0.0 0 1 4 2 2
-5695.2 3911.3 -28.4 86 0 31.5 17.4 14.0 3.5 2 0 4 4 4
-5282.9 5032.2 -10.0 99 0 61.0 125.9 12.5 0.0 0 1 5 4 4
-6134.2 6253.4 -1.5 196 0 14.0 38.4 14.0 3.5 2 1 4 1 1
-5774.4 3619.4 -40.7 226 0 57.5 23.8 10.0 2.5 2 0 4 5 5
-5593.4 6552.5 12.0 352 0 7.1 17.0 10.5 3.5 2 1 3 3 3
-6067.8 2971.3 -48.1 51 0 67.1 26.2 14.0 0.0 0 0 4 3 3
-5445.5 4989.7 -15.0 97 0 53.8 108.5 10.0 0.0 0 1 4 5 5
-6625.0 4636.0 -24.0 90 0 10.8 47.8 14.0 3.5 2 1 4 1 1
-4642.0 5367.7 -25.3 74 0 16.0 45.0 10.5 3.5 2 1 3 4 4
-6331.9 4689.4 -24.8 1 0 57.0 19.9 14.0 3.5 2 0 4 4 4
-6156.3 4033.0 -34.2 92 0 29.4 90.3 10.5 0.0 0 1 3 4 4
-6058.8 6116.4 -13.8 254 0 11.3 14.3 10.5 3.5 4 1 3 5 5
-4706.5 5575.6 -29.8 165 0 35.1 11.7 10.5 3.5 2 0 3 3 3
-6745.3 4446.5 -27.6 181 0 20.4 58.1 14.0 3.5 2 1 4 5 5
-6573.5 3906.3 -34.2 40 0 15.5 22.5 14.0 0.0 0 1 4 2 2
-4799.0 5409.8 -19.1 343 0 39.8 17.9 12.5 2.5 2 0 5 5 5
-5699.6 3986.7 -29.3 83 0 27.1 17.0 14.0 3.5 2 0 4 3 3
-5989.5 4289.2 -31.2 270 0 28.0 67.9 10.5 0.0 0 1 3 1 1
-6335.1 2759.5 -43.6 3 0 51.0 19.0 14.0 3.5 2 0 4 2 2
-6745.2 4420.0 -28.1 179 0 17.8 58.8 14.0 3.5 4 1 4 0 0
-5343.2 5165.6 -11.0 278 0 58.0 124.4 10.0 0.0 0 1 4 0 0
-5936.3 3594.1 -39.1 129 0 29.8 57.9 10.5 0.0 0 1 3 4 4
-5990.5 4326.1 -30.2 91 0 101.3 76.2 14.0 0.0 0 0 4 2 2
-6120.5 4167.9 -31.7 271 0 98.2 40.3 10.5 0.0 0 0 3 3 3
-5179.0 2521.5 -37.5 5 0 50.8 20.1 12.5 2.5 2 0 5 5 5
-5812.1 2497.3 -39.4 285 0 23.5 40.4 14.0 0.0 0 1 4 5 5
-6109.7 6120.7 -12.1 347 0 8.8 21.8 10.5 0.0 0 1 3 5 5
-6132.6 4543.5 -28.1 271 0 60.9 103.0 14.0 0.0 0 1 4 1 1
-6660.9 4197.2 -27.4 5 0 16.5 52.1 14.0 3.5 2 1 4 4 4
-5619.7 6554.5 14.1 173 0 15.0 6.2 10.5 3.5 2 0 3 4 4
-6104.0 3706.8 -31.6 39 0 117.1 59.7 7.5 0.0 0 0 3 2 2
-5667.7 2428.8 -38.5 15 0 18.2 73.6 14.0 3.5 2 1 4 1 1
-5725.2 2706.5 -39.8 129 0 6.4 24.2 5.0 2.5 2 1 2 0 0
-6716.1 4490.5 -27.0 270 0 57.7 26.4 14.0 3.5 2 0 4 4 4
-5255.8 2277.6 -28.0 23 0 17.1 57.7 12.5 2.5 2 1 5 4 4
-6003.0 4485.5 -28.7 271 0 69.4 69.9 14.0 0.0 0 1 4 2 2
-5184.9 2470.3 -37.3 5 0 31.9 11.6 7.5 2.5 2 0 3 4 4
-5577.7 5430.9 10.7 232 0 10.5 28.8 7.5 2.5 2 1 3 2 2
-4454.6 4430.6 -38.7 110 0 73.0 54.0 14.0 0.0 0 0 4 5 5
-5861.2 2506.8 -39.5 282 0 33.6 18.4 14.0 0.0 0 0 4 1 1
-6202.4 6028.2 -9.5 67 0 25.9 27.0 10.5 0.0 0 1 3 0 0
-6103.1 6091.5 -12.6 239 0 11.9 21.8 10.5 3.5 2 1 3 0 0
-6118.2 4360.6 -29.3 180 0 32.6 31.4 14.0 0.0 0 0 4 4 4
-5653.8 6511.4 11.4 339 0 12.4 4.4 10.5 3.5 2 0 3 4 4
-4802.8 4470.0 -29.6 179 0 35.0 66.5 10.0 0.0 0 1 4 2 2
-6090.2 4289.6 -30.2 270 0 11.5 39.1 10.5 3.5 2 1 3 1 1
-6629.4 4234.9 -28.1 360 0 19.6 72.7 14.0 3.5 2 1 4 2 2
-6673.5 4011.8 -22.3 129 0 23.9 55.0 14.0 3.5 4 1 4 5 5
-5773.4 2446.7 -39.0 105 0 44.3 20.5 14.0 3.5 2 0 4 3 3
-6729.6 4283.2 -30.2 270 0 48.0 30.3 14.0 0.0 0 0 4 4 4
-6818.3 4223.6 -30.7 275 0 83.6 21.8 14.0 0.0 0 0 4 0 0
-6040.7 6014.8 -13.9 176 0 21.6 13.2 14.0 3.5 2 0 4 5 5
-4236.8 4838.2 -38.2 353 0 16.6 77.6 7.5 0.0 0 1 3 0 0
-6109.1 2801.4 -50.0 246 0 52.6 36.2 14.0 0.0 0 0 4 2 2
-5898.5 3457.2 -39.1 133 0 31.0 10.6 10.5 3.5 4 0 3 2 2
-5521.3 5394.8 17.7 326 0 12.7 33.2 10.0 2.5 4 1 4 5 5
-6380.4 6046.2 13.7 91 0 19.0 26.1 10.0 2.5 2 1 4 4 4
-6265.9 4816.5 -25.1 270 0 10.6 27.5 14.0 3.5 2 1 4 2 2
-6072.3 4289.9 -30.6 271 0 12.5 40.0 10.5 3.5 2 1 3 0 0
-5874.4 6459.7 6.8 342 0 32.9 14.6 10.0 2.5 4 0 4 0 0
-5540.1 5411.3 13.5 323 0 22.8 6.5 7.5 2.5 2 0 3 5 5
-5393.8 4021.6 -35.2 90 0 83.1 30.0 14.0 0.0 0 0 4 0 0
-6752.9 4757.4 -21.1 91 0 29.5 27.0 7.5 0.0 0 0 3 3 3
-6264.2 4688.8 -25.1 359 0 26.1 10.5 14.0 3.5 2 0 4 2 2
-5825.3 6291.0 -10.7 323 0 8.2 31.7 10.5 3.5 4 1 3 4 4
-6641.4 4298.6 -28.7 270 0 24.1 47.3 14.0 0.0 0 1 4 5 5
-5317.8 2324.0 -29.7 293 0 11.8 48.5 10.0 0.0 0 1 4 0 0
-5295.1 5584.1 4.1 332 0 68.0 37.6 12.5 0.0 0 0 5 3 3
-5940.4 4500.5 -23.8 316 0 38.8 10.8 14.0 3.5 4 0 4 2 2
-5908.0 3526.2 -38.5 345 0 12.0 18.3 10.5 3.5 2 1 3 1 1
-6113.3 6198.0 -9.5 191 0 15.1 25.2 14.0 3.5 2 1 4 5 5
-5330.8 4676.3 -28.5 175 0 41.8 52.5 12.5 0.0 0 1 5 4 4
-6104.5 6117.3 -12.5 78 0 5.7 14.5 10.5 3.5 2 1 3 4 4
-5988.6 6212.9 -9.1 13 0 20.2 23.2 14.0 0.0 0 1 4 5 5
4800.9 -7134.2 1.4 183 0 87.8 16.6 17.5 0.0 0 0 5 5 5
4813.4 -7064.4 1.1 183 0 26.7 105.3 17.5 0.0 0 1 5 5 5
-750.4 -5599.8 -1.1 79 0 27.7 60.4 10.0 0.0 0 1 4 4 4
-776.2 -5464.3 -4.7 258 0 26.4 59.4 12.5 2.5 2 1 5 4 4
-791.3 -5608.5 0.6 79 0 26.9 139.0 12.5 0.0 0 1 5 1 1
-860.5 -5619.7 1.0 90 0 11.9 61.3 10.0 2.5 2 1 4 2 2
3405.1 -6633.5 -14.8 1 0 56.1 17.8 17.5 3.5 2 0 5 2 2
3573.4 -6717.6 -7.1 275 0 21.9 12.0 14.0 3.5 2 0 4 2 2
3692.6 -6495.9 -12.5 114 0 61.8 23.8 14.0 3.5 2 0 4 5 5
3606.6 -6444.7 -12.7 205 0 21.7 61.5 14.0 3.5 4 1 4 5 5
3583.1 -6432.3 -11.7 28 0 25.4 90.8 17.5 0.0 0 1 5 4 4
3410.6 -6450.1 -9.3 122 0 35.4 59.0 17.5 0.0 0 1 5 5 5
3373.9 -6427.5 -7.6 122 0 19.4 55.1 17.5 3.5 2 1 5 1 1
5569.9 -6970.0 4.7 324 0 46.7 27.8 17.5 0.0 0 0 5 5 5
5532.3 -6923.3 3.2 325 0 46.1 24.7 17.5 0.0 0 0 5 3 3
5474.6 -6867.7 3.3 234 0 25.1 47.1 17.5 0.0 0 1 5 4 4
5521.2 -7005.1 6.5 143 0 49.9 26.3 17.5 0.0 0 0 5 5 5
5498.3 -6974.4 5.6 148 0 11.9 29.7 17.5 3.5 2 1 5 1 1
5489.2 -6965.3 4.5 146 0 11.0 31.7 17.5 0.0 0 1 5 0 0
5461.1 -6888.1 3.9 235 0 15.2 69.3 17.5 3.5 2 1 5 2 2
5464.4 -6930.0 4.3 143 0 71.9 11.3 17.5 3.5 2 0 5 4 4
5989.7 696.3 -13.5 46 0 13.5 15.4 7.5 2.5 2 1 3 4 4
6013.3 -117.6 -12.0 359 0 75.4 20.6 17.5 3.5 2 0 5 1 1
5342.3 2196.7 -21.3 71 0 13.0 25.2 10.0 2.5 2 1 4 2 2
4288.5 -2779.4 38.6 355 0 17.5 42.5 14.0 3.5 2 1 4 3 3
5017.1 -255.8 -9.5 332 0 13.6 27.6 10.0 2.5 4 1 4 0 0
6036.3 -661.1 -7.9 67 0 18.3 47.3 14.0 3.5 2 1 4 1 1
6445.8 513.0 -5.3 131 0 73.5 24.6 17.5 0.0 0 0 5 5 5
4784.8 1989.9 -26.1 89 0 6.5 18.0 2.5 2.5 2 1 1 3 3
5878.9 1012.5 0.3 76 0 21.1 49.8 10.0 2.5 2 1 4 3 3
5331.1 561.6 -23.1 92 0 17.6 45.3 17.5 3.5 4 1 5 0 0
5850.8 1124.7 -5.0 256 0 18.6 47.9 10.0 2.5 2 1 4 0 0
4915.6 -291.6 -5.9 61 0 26.9 18.9 7.5 2.5 2 0 3 0 0
5320.5 644.8 -24.1 184 0 49.2 13.3 17.5 3.5 2 0 5 3 3
5913.6 1136.2 -14.4 254 0 19.3 47.7 10.0 2.5 2 1 4 1 1
5223.5 903.2 -22.7 102 0 90.4 14.2 17.5 3.5 2 0 5 3 3
5185.5 559.5 -21.9 89 0 40.5 51.1 17.5 0.0 0 1 5 1 1
5883.7 1132.4 -12.1 256 0 19.4 46.7 12.5 2.5 2 1 5 3 3
3815.2 2521.1 -15.5 48 0 19.3 48.9 7.5 2.5 2 1 3 0 0
6358.6 -1179.0 -15.5 93 0 17.0 47.4 17.5 3.5 2 1 5 2 2
4079.7 -2616.4 36.5 269 0 44.5 54.2 17.5 0.0 0 1 5 5 5
6643.6 2336.7 -36.1 122 0 12.1 11.1 17.5 3.5 4 0 5 4 4
6177.6 -647.8 -12.5 81 0 14.5 39.1 14.0 3.5 2 1 4 3 3
6680.1 1706.4 -7.4 179 0 72.5 20.8 10.0 2.5 2 0 4 4 4
6875.4 2607.5 -20.9 338 0 49.5 20.1 10.0 2.5 2 0 4 4 4
3499.0 -2788.5 41.4 250 0 57.5 45.7 17.5 0.0 0 0 5 4 4
6325.2 -1182.1 -12.7 94 0 22.5 51.1 17.5 3.5 2 1 5 3 3
3671.4 -2753.2 37.1 269 0 73.6 32.6 17.5 0.0 0 0 5 2 2
5271.7 989.7 -22.3 9 0 27.0 43.5 17.5 0.0 0 1 5 4 4
5261.5 348.7 -14.2 290 0 15.7 34.5 12.5 2.5 2 1 5 3 3
6380.3 -1183.3 -17.4 93 0 15.6 44.7 17.5 3.5 2 1 5 5 5
6406.5 1661.5 -9.6 268 0 16.6 92.2 17.5 3.5 2 1 5 3 3
4406.8 -2785.3 38.4 174 0 11.0 13.8 17.5 3.5 2 1 5 3 3
5224.2 -3339.8 -5.5 128 0 38.6 99.4 10.0 0.0 0 1 4 5 5
6192.0 -2696.3 -17.6 142 0 116.0 32.8 17.5 0.0 0 0 5 3 3
5409.0 -2865.7 -8.1 268 0 87.4 16.0 17.5 3.5 2 0 5 5 5
5534.9 -2862.0 -11.1 269 0 159.4 16.8 17.5 0.0 0 0 5 3 3
4222.1 302.5 -1.3 274 0 6.8 37.2 7.5 2.5 2 1 3 1 1
5444.2 -2938.6 -10.6 114 0 99.5 12.8 17.5 3.5 2 0 5 1 1
6163.6 1917.5 -12.9 270 0 74.5 35.2 14.0 0.0 0 0 4 4 4
6092.9 -2759.9 -17.7 322 0 83.6 26.5 14.0 0.0 0 0 4 1 1
6408.0 -2424.3 -19.5 230 0 5.1 31.2 10.5 3.5 2 1 3 3 3
6571.6 455.5 -3.2 312 0 31.8 53.8 17.5 0.0 0 1 5 5 5
6540.7 174.6 -5.4 40 0 30.9 71.0 12.5 0.0 0 1 5 3 3
6346.3 2519.8 -27.3 0 0 35.4 31.6 10.0 0.0 0 0 4 1 1
4403.3 -2758.6 37.5 175 0 9.0 14.6 10.5 3.5 2 1 3 5 5
5392.9 666.6 -23.1 272 0 17.9 53.0 17.5 3.5 2 1 5 4 4
6115.1 1662.0 -11.5 267 0 14.3 107.8 14.0 3.5 2 1 4 4 4
5452.7 -2555.5 11.4 222 0 48.3 22.6 17.5 3.5 2 0 5 0 0
6377.4 1666.1 -9.8 269 0 17.7 95.7 17.5 0.0 0 1 5 5 5
5377.0 -193.6 0.5 277 0 17.6 78.0 10.0 2.5 2 1 4 1 1
6372.7 -2428.9 -18.9 49 0 13.5 42.9 14.0 3.5 2 1 4 3 3
6027.7 1907.4 -13.4 268 0 27.3 55.2 14.0 3.5 2 1 4 3 3
6255.0 1525.8 -10.5 178 0 41.2 11.0 17.5 3.5 2 0 5 0 0
5029.4 305.8 -20.6 15 0 15.9 13.1 5.0 2.5 2 0 2 5 5
5943.9 1023.2 -3.0 75 0 19.7 49.6 12.5 2.5 2 1 5 1 1
6053.8 2069.0 -22.2 356 0 25.6 48.1 17.5 0.0 0 1 5 4 4
6625.7 366.9 -2.4 313 0 28.1 66.9 17.5 0.0 0 1 5 2 2
5356.9 558.5 -21.9 94 0 16.7 48.0 17.5 3.5 4 1 5 0 0
6164.2 1645.9 -11.1 268 0 32.4 82.5 14.0 0.0 0 1 4 4 4
4658.1 2573.0 -14.7 31 0 17.3 16.7 10.0 2.5 2 0 4 3 3
4403.2 -2746.5 37.0 176 0 10.3 13.2 17.5 3.5 2 1 5 0 0
6324.2 1528.7 -10.5 358 0 37.7 11.2 17.5 3.5 2 0 5 0 0
6637.8 -1962.8 -6.7 231 0 7.7 35.8 10.5 3.5 2 1 3 2 2
5393.9 547.9 -20.4 93 0 24.9 53.2 17.5 3.5 4 1 5 4 4
6122.8 1468.1 -11.6 87 0 14.0 71.7 14.0 3.5 2 1 4 2 2
5526.4 -133.4 2.3 348 0 17.6 74.1 10.0 2.5 4 1 4 0 0
6297.9 1710.9 -8.6 89 0 19.7 63.7 14.0 3.5 2 1 4 4 4
5720.9 -578.4 -10.2 340 0 21.8 9.9 7.5 2.5 2 0 3 1 1
5234.7 2196.6 -24.1 258 0 29.5 5.3 7.5 2.5 2 0 3 0 0
6247.6 1740.2 -8.6 179 0 64.6 20.1 14.0 3.5 2 0 4 2 2
3556.2 -2770.4 36.6 338 0 14.6 27.0 17.5 3.5 2 1 5 2 2
5811.1 1056.9 -3.6 166 0 118.9 28.3 12.5 0.0 0 0 5 2 2
6027.6 2129.7 -29.3 89 0 27.2 55.1 14.0 3.5 2 1 4 2 2
5352.7 670.8 -24.0 274 0 18.0 43.8 17.5 3.5 4 1 5 2 2
3944.2 2432.2 -13.4 142 0 67.1 33.9 7.5 0.0 0 0 3 3 3
4684.5 1973.6 -27.2 258 0 15.5 32.3 10.0 2.5 2 1 4 0 0
5701.9 -555.9 -9.9 241 0 22.3 8.9 5.0 2.5 2 0 2 1 1
5708.9 -609.1 -10.8 56 0 14.9 20.2 10.0 0.0 0 1 4 1 1
4735.1 1947.8 -27.4 322 0 32.7 26.8 7.5 0.0 0 0 3 4 4
4215.2 -2809.0 40.1 183 0 53.4 17.2 14.0 3.5 2 0 4 3 3
6244.0 1806.4 -10.8 179 0 54.5 23.1 14.0 3.5 2 0 4 0 0
6934.5 2041.8 -5.4 269 0 88.5 24.2 12.5 0.0 0 0 5 2 2
5344.1 530.3 -19.4 276 0 15.6 12.0 14.0 3.5 2 0 4 2 2
5262.0 932.9 -23.2 10 0 14.4 58.9 17.5 3.5 2 1 5 1 1
5674.0 -584.3 -9.7 147 0 9.1 21.6 5.0 2.5 2 1 2 1 1
6294.6 -394.3 -11.4 79 0 42.0 76.5 14.0 0.0 0 1 4 5 5
5090.8 542.5 -19.1 251 0 43.9 9.8 10.5 3.5 4 0 3 3 3
5289.1 911.5 -23.4 11 0 8.8 64.2 10.5 3.5 2 1 3 0 0
6574.0 -2433.7 -20.6 124 0 13.2 41.2 7.5 2.5 2 1 3 0 0
6637.4 2325.2 -38.5 120 0 11.9 10.1 17.5 0.0 0 0 5 4 4
4139.7 -2616.5 36.4 269 0 44.2 54.2 17.5 0.0 0 1 5 2 2
6109.9 -567.9 -4.7 350 0 47.1 43.8 14.0 0.0 0 0 4 0 0
5323.4 305.4 -11.2 358 0 21.0 51.1 10.0 2.5 2 1 4 0 0
3756.9 2546.3 -15.6 229 0 20.1 47.8 10.0 2.5 2 1 4 3 3
4200.9 -2808.3 40.7 4 0 50.2 17.3 17.5 0.0 0 0 5 3 3
5417.0 398.3 -13.1 31 0 46.6 17.4 15.0 2.5 4 0 6 4 4
5187.0 946.8 -17.7 191 0 14.5 13.3 17.5 3.5 2 0 5 2 2
4942.2 836.6 -13.5 103 0 24.6 18.0 12.5 2.5 2 0 5 4 4
6415.3 -2458.2 -18.9 50 0 5.1 31.2 10.5 3.5 2 1 3 3 3
4195.4 -142.1 -9.6 290 0 7.2 41.1 10.5 3.5 2 1 3 2 2
6061.4 -2863.6 -16.4 53 0 41.6 18.8 14.0 3.5 2 0 4 3 3
4110.6 1707.8 -16.4 357 0 60.0 26.8 10.0 0.0 0 0 4 3 3
5497.5 -3129.5 -8.1 333 0 14.5 45.5 10.0 2.5 2 1 4 5 5
5299.3 351.5 -12.5 271 0 36.1 14.4 10.0 2.5 2 0 4 4 4
6387.3 -1079.5 -19.0 274 0 16.5 50.7 17.5 3.5 2 1 5 1 1
6401.7 -2429.0 -19.2 230 0 5.1 31.2 10.5 3.5 2 1 3 1 1
3933.3 1999.2 -18.1 221 0 73.0 172.2 17.5 0.0 0 1 5 4 4
5437.7 -3169.7 -6.0 63 0 43.4 15.6 15.0 2.5 2 0 6 5 5
6364.1 -1073.4 -16.8 272 0 14.8 48.4 17.5 3.5 2 1 5 3 3
6125.4 1820.5 -11.3 89 0 93.3 39.6 14.0 0.0 0 0 4 3 3
5555.8 1390.4 -14.7 59 0 5.9 7.2 5.0 2.5 2 1 2 5 5
4183.0 -259.5 -9.8 62 0 20.9 35.5 17.5 0.0 0 1 5 3 3
5727.6 -2937.1 -14.7 64 0 23.3 83.7 17.5 0.0 0 1 5 1 1
4233.7 301.7 -0.5 273 0 9.0 37.0 7.5 2.5 2 1 3 5 5
5379.3 -2911.5 -7.9 107 0 38.1 11.9 17.5 3.5 2 0 5 2 2
6404.7 -245.8 -17.2 350 0 54.2 74.4 14.0 0.0 0 1 4 0 0
6288.8 1456.5 -11.1 88 0 13.1 39.6 17.5 3.5 2 1 5 4 4
6027.6 1949.7 -18.1 88 0 28.0 77.3 17.5 0.0 0 1 5 5 5
6338.3 -342.6 -12.6 349 0 83.4 18.4 14.0 3.5 4 0 4 4 4
5920.3 1734.9 -22.7 345 0 90.9 30.0 17.5 0.0 0 0 5 3 3
5295.4 -239.1 -4.4 113 0 15.0 72.8 10.0 2.5 2 1 4 3 3
6420.2 2345.8 -39.9 268 0 27.6 51.8 14.0 0.0 0 1 4 1 1
6186.1 1693.4 -8.9 89 0 35.9 104.1 14.0 0.0 0 1 4 3 3
5569.9 1413.2 -13.4 337 0 9.7 18.0 7.5 2.5 4 1 3 2 2
6008.0 -257.0 -12.7 87 0 20.3 76.8 17.5 3.5 2 1 5 4 4
6023.8 2241.5 -31.2 269 0 30.9 51.4 14.0 0.0 0 1 4 0 0
6255.1 1477.8 -11.2 180 0 39.1 11.4 17.5 3.5 2 0 5 5 5
6106.9 1943.2 -13.0 88 0 24.5 51.0 17.5 0.0 0 1 5 3 3
6283.6 1526.9 -10.6 179 0 38.0 11.3 17.5 3.5 2 0 5 5 5
5164.5 763.9 -19.6 111 0 10.1 10.3 2.5 2.5 2 1 1 2 2
6074.2 1950.3 -12.6 88 0 15.5 40.6 17.5 0.0 0 1 5 5 5
6318.5 1457.0 -10.9 89 0 10.5 39.6 17.5 3.5 2 1 5 0 0
6330.9 -2469.6 -18.6 49 0 37.0 57.7 14.0 0.0 0 1 4 1 1
6400.5 595.4 -6.8 311 0 73.5 32.2 17.5 0.0 0 0 5 5 5
6782.9 1613.5 -7.2 90 0 35.6 106.8 12.5 0.0 0 1 5 0 0
3699.4 -6347.2 -12.8 31 0 51.0 86.5 17.5 0.0 0 0 5 4 4
3604.4 -6559.5 -12.2 91 0 15.5 16.7 14.0 3.5 2 1 4 5 5
3582.4 -6558.7 -12.9 91 1 13.8 16.1 17.5 3.5 2 1 5 5 5
3567.8 -6542.3 -13.3 272 0 9.4 14.7 10.5 3.5 2 1 3 2 2
3554.8 -6542.7 -13.7 264 1 11.4 12.7 17.5 3.5 2 1 5 4 4
3419.5 -6655.6 -14.3 275 0 13.9 21.3 17.5 3.5 2 1 5 5 5
3513.0 -6711.3 -9.4 275 0 23.5 13.9 14.0 3.5 2 0 4 0 0
3494.0 -6704.7 -10.4 96 0 12.1 12.9 17.5 3.5 2 1 5 5 5
3577.9 -6691.8 -8.2 92 1 14.9 14.4 17.5 3.5 4 0 5 4 4
3552.5 -6719.0 -7.6 275 0 12.2 12.2 14.0 3.5 2 0 4 0 0
3536.0 -6714.8 -8.4 277 0 19.7 13.1 14.0 0.0 0 0 4 1 1
3548.8 -6710.5 -8.5 96 1 11.8 15.3 17.5 3.5 2 1 5 4 4
3537.4 -6693.5 -9.0 276 1 11.1 15.7 17.5 3.5 2 1 5 4 4
3510.4 -6705.4 -9.9 97 1 11.4 13.8 17.5 3.5 2 1 5 4 4
3549.8 -6689.8 -9.3 99 1 11.9 18.7 17.5 0.0 0 1 5 0 0
3528.3 -6686.9 -10.3 97 0 22.1 18.0 17.5 3.5 2 0 5 4 4
3482.5 -6683.2 -11.6 95 1 12.1 14.3 17.5 3.5 2 1 5 4 4
3456.2 -6679.9 -12.6 96 0 9.3 14.0 10.5 3.5 2 1 3 1 1
3443.2 -6679.2 -13.1 96 1 12.3 15.2 17.5 3.5 2 1 5 3 3
3481.9 -6703.5 -10.9 93 0 9.8 13.8 10.5 3.5 2 1 3 4 4
3468.5 -6701.0 -11.4 97 1 11.0 13.6 17.5 3.5 4 1 5 0 0
3431.2 -6683.1 -12.8 273 1 10.1 13.4 17.5 3.5 4 1 5 0 0
3409.7 -6709.7 -12.6 188 0 13.8 22.0 14.0 3.5 2 1 4 5 5
3447.1 -6705.4 -11.7 275 0 19.6 12.8 14.0 3.5 2 0 4 4 4
3468.2 -6709.7 -10.9 278 0 20.0 12.7 14.0 3.5 2 0 4 1 1
3511.8 -6557.9 -14.2 94 0 10.9 13.8 17.5 3.5 2 1 5 0 0
3486.9 -6556.8 -13.8 93 1 12.1 13.9 17.5 3.5 2 1 5 2 2
3644.3 -6545.3 -10.7 269 1 11.1 11.1 14.0 3.5 2 0 4 1 1
3658.4 -6546.3 -10.2 275 0 11.6 9.4 10.5 3.5 2 0 3 1 1
3669.3 -6548.5 -9.7 272 0 7.3 8.0 10.5 3.5 4 1 3 5 5
3709.7 -6547.5 -8.4 274 1 10.8 10.9 14.0 3.5 2 1 4 4 4
3720.8 -6530.4 -8.6 270 1 10.5 13.5 14.0 3.5 2 1 4 3 3
3708.1 -6530.1 -9.1 273 1 11.6 13.3 14.0 0.0 0 1 4 0 0
3695.2 -6530.8 -9.5 273 0 9.1 9.5 10.5 3.5 2 1 3 4 4
3681.7 -6541.7 -10.0 94 1 10.7 12.0 14.0 3.5 2 1 4 4 4
3655.7 -6526.7 -10.9 265 0 7.1 11.8 10.5 3.5 4 1 3 2 2
3630.1 -6540.7 -11.8 87 1 10.8 13.1 14.0 3.5 2 1 4 3 3
3617.4 -6539.1 -12.2 92 0 10.0 13.4 10.5 3.5 2 1 3 4 4
3598.7 -6532.0 -12.7 183 0 11.2 11.8 14.0 3.5 2 1 4 0 0
3631.8 -6519.6 -12.4 89 0 9.4 11.9 10.5 3.5 2 1 3 3 3
3658.0 -6509.8 -11.5 273 0 9.9 12.6 10.5 3.5 2 1 3 0 0
3644.4 -6502.9 -12.6 88 0 9.3 11.7 10.5 3.5 2 1 3 2 2
3603.8 -6503.6 -13.8 91 0 12.3 7.5 10.5 3.5 2 0 3 3 3
3567.2 -6523.0 -14.0 275 1 12.7 14.7 14.0 3.5 2 1 4 1 1
3538.1 -6521.6 -14.1 273 1 10.6 14.1 14.0 3.5 2 1 4 3 3
3582.5 -6506.4 -13.7 277 0 14.7 11.5 14.0 0.0 0 0 4 0 0
3566.2 -6517.4 -13.8 96 1 13.8 12.0 14.0 3.5 2 0 4 4 4
3551.7 -6516.0 -13.8 93 1 13.4 13.4 14.0 0.0 0 0 4 2 2
3565.4 -6637.1 -10.0 272 1 10.7 14.2 17.5 3.5 2 1 5 3 3
3535.2 -6636.4 -11.1 274 0 15.9 17.8 17.5 0.0 0 1 5 2 2
3517.7 -6635.3 -11.7 274 0 15.1 17.8 17.5 3.5 2 1 5 0 0
3500.2 -6634.0 -12.4 274 0 16.0 18.2 17.5 3.5 2 1 5 0 0
3481.0 -6633.6 -13.0 274 0 14.3 17.7 17.5 3.5 2 1 5 0 0
3463.8 -6632.4 -13.6 272 0 14.5 18.5 17.5 0.0 0 1 5 4 4
3433.4 -6631.9 -14.7 272 0 35.6 16.6 17.5 3.5 2 0 5 1 1
3577.8 -6632.3 -10.4 91 1 12.5 16.3 17.5 3.5 2 1 5 2 2
3550.7 -6612.7 -11.5 272 1 16.7 12.4 17.5 3.5 2 0 5 1 1
3516.8 -6628.2 -12.6 92 1 14.3 15.4 17.5 3.5 2 1 5 1 1
3497.6 -6630.0 -13.2 92 0 15.3 17.6 17.5 3.5 2 1 5 2 2
3479.4 -6629.3 -13.8 90 1 15.6 15.1 17.5 3.5 2 0 5 0 0
3461.7 -6629.1 -14.4 93 1 15.3 16.2 17.5 3.5 2 1 5 1 1
3445.7 -6624.7 -14.6 92 1 10.5 13.6 17.5 3.5 2 1 5 2 2
3434.4 -6609.2 -14.6 272 1 10.5 12.2 17.5 3.5 2 1 5 3 3
3414.9 -6616.2 -14.8 184 0 18.6 12.6 17.5 0.0 0 0 5 5 5
3578.7 -6607.2 -11.2 94 0 12.4 14.3 17.5 3.5 2 1 5 1 1
3551.4 -6592.9 -12.1 273 1 11.0 14.4 17.5 0.0 0 1 5 0 0
3535.6 -6592.4 -12.7 271 1 15.3 14.2 17.5 3.5 2 0 5 4 4
3502.7 -6590.0 -13.9 271 1 16.0 14.6 17.5 3.5 4 0 5 2 2
3478.9 -6604.0 -14.5 97 1 16.3 12.8 17.5 3.5 2 0 5 1 1
3461.0 -6602.6 -14.5 97 1 14.8 14.6 17.5 3.5 2 0 5 0 0
3447.6 -6601.2 -14.5 95 0 9.3 13.4 10.5 3.5 4 1 3 5 5
3434.6 -6601.2 -14.2 96 1 10.7 14.3 17.5 3.5 4 1 5 0 0
3564.3 -6587.4 -12.3 92 0 9.7 12.8 10.5 3.5 2 1 3 2 2
3525.2 -6585.9 -13.6 98 0 10.8 12.7 14.0 3.5 2 1 4 3 3
3499.4 -6584.7 -14.3 95 1 12.3 13.5 14.0 3.5 2 1 4 0 0
3487.5 -6582.6 -14.5 95 0 7.4 11.3 10.5 3.5 2 1 3 2 2
3462.1 -6583.0 -14.1 93 0 9.8 15.0 10.5 3.5 2 1 3 1 1
3450.8 -6580.9 -13.9 93 0 9.4 13.6 10.5 3.5 2 1 3 3 3
3438.8 -6579.4 -13.6 90 1 11.1 12.0 14.0 3.5 2 1 4 2 2
3425.5 -6579.0 -13.3 87 1 11.9 11.4 14.0 3.5 2 0 4 2 2
3411.4 -6551.0 -12.3 151 0 13.7 12.8 17.5 3.5 2 0 5 3 3
3444.5 -6537.2 -12.2 61 1 12.8 13.1 17.5 3.5 2 1 5 0 0
3390.6 -6519.9 -11.1 163 0 18.7 17.9 17.5 3.5 2 0 5 0 0
3407.1 -6533.7 -11.7 154 1 12.3 16.6 17.5 3.5 2 1 5 1 1
3469.4 -6479.4 -11.4 243 0 23.5 15.2 17.5 3.5 2 0 5 1 1
3455.2 -6485.9 -11.6 244 0 7.7 23.8 10.5 0.0 0 1 3 4 4
3447.2 -6488.6 -11.7 251 0 8.1 27.2 10.5 3.5 2 1 3 4 4
3430.6 -6499.3 -11.3 245 1 13.6 16.8 17.5 3.5 2 1 5 1 1
3420.0 -6504.6 -11.3 245 0 7.1 18.0 10.5 3.5 2 1 3 3 3
3519.2 -6510.2 -12.9 80 0 20.7 12.9 14.0 3.5 2 0 4 4 4
3536.5 -6480.8 -12.4 341 0 15.2 30.4 14.0 3.5 2 1 4 4 4
2532.9 -7147.0 -19.8 72 0 31.9 26.9 17.5 0.0 0 0 5 3 3
2566.0 -7286.9 -16.0 343 0 13.6 23.8 17.5 3.5 2 0 5 0 0
2443.5 -7111.9 -20.2 233 0 43.2 17.6 17.5 3.5 2 0 5 2 2
4798.6 -7328.5 3.7 89 0 16.7 37.7 17.5 3.5 4 1 5 0 0
5574.9 -7109.1 8.1 114 0 48.1 17.6 17.5 3.5 4 0 5 2 2
4995.2 -7145.0 4.2 176 0 18.5 52.8 17.5 3.5 2 0 5 3 3
5640.0 -7119.6 6.7 38 0 15.7 32.2 17.5 3.5 2 1 5 4 4
5065.8 -7159.2 6.1 84 0 32.1 43.5 17.5 0.0 0 0 5 3 3
4984.7 -7153.8 1.0 174 0 56.9 11.0 17.5 3.5 2 0 5 0 0
-403.5 3485.7 -25.2 253 0 43.3 17.3 14.0 3.5 2 0 4 3 3
-610.3 3411.8 -23.9 163 0 18.1 82.8 14.0 3.5 2 1 4 0 0
-250.0 3193.8 -24.3 32 0 217.7 17.6 14.0 0.0 0 0 4 3 3
-51.1 3477.5 -23.6 44 0 26.3 52.1 14.0 0.0 0 1 4 5 5
-362.5 3498.3 -25.2 253 0 42.4 17.2 14.0 3.5 2 0 4 1 1
-457.0 3154.1 -22.3 121 0 217.9 19.0 14.0 0.0 0 0 4 0 0
701.2 3422.7 -28.5 55 0 217.2 127.4 14.0 0.0 0 0 4 2 2
-228.7 3521.8 -24.6 224 0 60.7 89.0 14.0 0.0 0 1 4 4 4
-116.8 3365.9 -24.4 44 0 131.2 72.2 14.0 0.0 0 0 4 4 4
-581.0 3315.0 -23.1 163 0 161.5 17.4 14.0 0.0 0 0 4 5 5
-553.7 3227.3 -22.2 163 0 22.3 17.6 14.0 3.5 2 0 4 0 0
-181.3 3304.5 -24.4 31 0 42.9 17.8 14.0 3.5 2 0 4 1 1
-479.0 3463.0 -24.7 253 0 87.8 18.7 14.0 0.0 0 0 4 4 4
-2.1 3526.3 -23.5 44 0 79.5 52.2 14.0 0.0 0 0 4 5 5
-88.1 3600.6 -23.9 314 0 68.7 78.2 14.0 0.0 0 1 4 1 1
2317.9 -10825.4 -17.5 240 0 37.3 79.8 17.5 0.0 0 1 7 2 2
1823.9 -10679.2 -7.0 300 0 54.6 43.4 17.5 0.0 0 0 5 4 4
-147.0 -10529.3 -22.0 78 0 32.2 71.6 14.0 0.0 0 1 4 3 3
1233.5 -10493.7 5.9 63 0 12.1 14.4 7.5 2.5 2 1 3 3 3
1012.6 -12484.8 -7.7 269 0 48.2 32.0 10.0 0.0 0 0 4 0 0
-133.2 -10003.8 -18.5 264 0 44.8 37.5 17.5 0.0 0 0 5 5 5
1213.2 -10254.4 -0.2 235 0 11.5 51.8 14.0 3.5 4 1 4 4 4
2198.8 -10925.6 -18.5 234 0 15.7 41.8 10.0 0.0 0 1 4 1 1
1199.2 -10265.4 0.3 234 0 11.7 51.8 14.0 3.5 2 1 4 1 1
-190.2 -10533.4 -22.8 77 0 33.3 63.3 14.0 0.0 0 1 4 2 2
1228.6 -10244.3 -0.7 235 0 14.4 48.7 14.0 3.5 2 1 4 4 4
1803.3 -10520.0 -6.8 42 0 23.6 64.7 12.5 2.5 2 1 5 1 1
366.7 -11815.2 4.9 1 0 59.8 21.2 10.0 2.5 2 0 4 1 1
-819.8 -559.7 -18.5 238 0 411.4 26.7 10.5 0.0 0 0 3 4 4
3576.9 -1485.4 24.2 87 0 25.0 80.2 17.5 0.0 0 1 5 3 3
3580.4 -1595.9 21.5 88 0 22.8 59.1 17.5 3.5 2 1 5 4 4
3685.1 -1594.4 19.8 89 0 23.8 77.0 17.5 0.0 0 1 5 3 3
3770.9 -1215.6 15.4 135 0 27.5 46.2 17.5 0.0 0 1 5 0 0
3844.2 -1143.9 15.8 316 0 27.7 44.9 17.5 0.0 0 1 5 0 0
3799.7 -1247.1 21.2 136 0 27.5 46.4 17.5 0.0 0 1 5 3 3
3874.7 -1174.9 20.4 318 0 28.4 45.2 17.5 0.0 0 1 5 4 4
3868.4 -1246.5 19.4 46 0 105.5 18.5 17.5 0.0 0 0 5 2 2
3734.0 -1188.1 9.4 137 0 28.8 105.1 17.5 0.0 0 1 5 5 5
3778.5 -1253.0 22.1 228 0 24.2 12.7 17.5 3.5 2 0 5 1 1
3720.3 -1457.8 16.9 360 0 76.1 30.2 17.5 0.0 0 0 5 0 0
3487.9 -1450.7 13.5 179 0 79.8 23.9 17.5 0.0 0 0 5 0 0
3518.1 -1362.8 14.1 226 0 55.1 22.7 17.5 3.5 2 0 5 3 3
3650.3 -1335.7 17.8 314 0 21.0 69.7 17.5 3.5 2 0 5 2 2
3604.3 -1294.2 7.2 313 0 22.5 70.8 17.5 3.5 2 0 5 4 4
3627.9 -1315.4 11.5 311 0 36.3 64.7 17.5 0.0 0 0 5 2 2
-209.4 8404.3 -25.2 134 0 31.1 60.9 14.0 0.0 0 0 4 5 5
4704.5 -10271.2 -19.4 20 0 19.4 19.4 17.5 3.5 2 0 5 3 3
4705.1 -10303.6 -17.5 20 0 19.4 19.4 17.5 3.5 2 0 5 2 2
4711.1 -10325.0 -16.2 310 0 16.5 23.3 17.5 3.5 2 1 5 5 5
4668.0 -10264.6 -17.4 19 0 43.1 12.2 17.5 3.5 2 0 5 1 1
4636.0 -10303.3 -13.2 201 0 44.8 12.3 17.5 3.5 2 0 5 4 4
-1552.9 9727.2 -34.0 146 0 10.8 14.2 14.0 3.5 2 0 4 4 4
-2326.1 7933.3 -25.2 317 0 18.4 42.0 10.5 3.5 2 1 3 2 2
-2301.8 7916.1 -26.9 303 0 36.0 16.6 10.5 3.5 2 0 3 0 0
-2299.3 7825.2 -24.2 34 0 21.1 26.7 10.5 0.0 0 1 3 1 1
-2331.6 7769.8 -20.5 34 0 21.1 26.7 10.5 0.0 0 1 3 5 5
4942.7 -10428.8 -11.1 15 0 18.4 17.4 17.5 0.0 0 0 5 4 4
4935.4 -10453.6 -11.7 17 0 18.6 18.8 17.5 0.0 0 1 5 4 4
4913.1 -10385.6 -9.6 286 0 7.4 30.2 10.5 3.5 2 1 3 0 0
4902.1 -10414.8 -10.6 287 0 6.8 36.3 10.5 0.0 0 1 3 2 2
4890.4 -10373.4 -8.8 287 0 8.9 36.2 10.5 3.5 2 1 3 0 0
4877.4 -10409.2 -9.7 286 0 7.4 32.7 10.5 3.5 2 1 3 3 3
4864.6 -10369.2 -9.7 287 0 8.4 33.0 10.5 0.0 0 1 3 5 5
5039.5 -10497.8 -13.8 105 0 8.1 32.4 10.5 0.0 0 1 3 0 0
5054.4 -10447.6 -13.2 15 0 33.4 6.6 10.5 3.5 2 0 3 1 1
5014.8 -10492.7 -13.4 106 0 9.7 34.2 10.5 3.5 2 1 3 5 5
5022.7 -10439.6 -12.8 197 0 34.1 9.7 10.5 3.5 2 0 3 4 4
4990.3 -10468.1 -12.9 198 0 33.9 8.0 10.5 3.5 2 0 3 2 2
4997.7 -10433.2 -12.3 197 0 34.3 10.2 14.0 3.5 2 0 4 3 3
5081.4 -10372.7 -12.0 18 0 33.4 9.8 10.5 3.5 2 0 3 1 1
5068.2 -10406.6 -12.5 16 0 33.2 9.5 10.5 3.5 2 0 3 4 4
5047.3 -10362.8 -12.4 196 0 33.9 9.1 10.5 3.5 2 0 3 4 4
5034.7 -10396.4 -12.0 196 0 34.3 8.7 10.5 3.5 2 0 3 2 2
5022.2 -10355.2 -12.5 196 0 32.7 8.0 10.5 3.5 2 0 3 5 5
5009.7 -10389.7 -11.6 198 0 36.2 8.0 10.5 3.5 2 0 3 2 2
5000.2 -10349.7 -12.4 195 0 31.1 7.7 10.5 3.5 2 0 3 5 5
4987.5 -10383.0 -11.0 197 0 36.0 7.4 10.5 3.5 2 0 3 2 2
4832.1 -10364.9 -12.1 278 0 11.5 50.5 17.5 3.5 2 1 5 5 5
4799.6 -10361.8 -14.5 268 0 9.1 52.3 10.5 3.5 2 1 3 3 3
4767.2 -10369.2 -16.8 257 0 9.1 53.7 10.5 3.5 2 1 3 2 2
4735.1 -10382.8 -15.2 246 0 9.2 50.7 10.5 3.5 2 1 3 1 1
284.3 -6302.2 6.8 120 0 25.8 51.1 17.5 0.0 0 1 5 5 5
3708.7 -8491.5 -7.4 117 0 13.0 7.4 10.5 3.5 2 0 3 2 2
3642.9 -8270.7 -4.3 297 0 40.6 23.0 17.5 0.0 0 0 5 2 2
3038.6 -7899.3 -11.5 265 0 8.9 5.4 10.5 3.5 2 0 3 1 1
3410.4 -8604.3 -17.0 298 0 122.2 15.0 14.0 0.0 0 0 4 3 3
2104.7 -8338.0 -29.9 207 0 19.4 314.6 17.5 0.0 0 1 5 4 4
2430.7 -8496.5 -30.2 297 0 59.3 19.1 17.5 3.5 2 0 5 2 2
2059.7 -8431.2 -29.6 207 0 147.8 62.6 17.5 0.0 0 0 5 0 0
2132.4 -8468.1 -30.4 207 0 148.5 61.6 17.5 0.0 0 0 5 5 5
1914.1 -8585.8 -29.5 207 0 147.4 41.2 17.5 0.0 0 0 5 1 1
1965.6 -8613.7 -30.0 208 0 146.5 63.9 17.5 0.0 0 0 5 5 5
2037.9 -8650.5 -30.6 207 0 147.0 61.8 17.5 0.0 0 0 5 0 0
2108.5 -8771.6 -30.9 118 0 61.0 149.4 17.5 0.0 0 1 5 4 4
2271.8 -8456.9 -30.9 297 0 60.6 147.3 17.5 0.0 0 1 5 3 3
2344.6 -8493.7 -31.0 298 0 63.9 147.2 17.5 0.0 0 1 5 0 0
2353.5 -8581.9 -31.3 207 0 146.5 59.7 17.5 0.0 0 0 5 0 0
2179.3 -8808.7 -30.4 118 0 64.2 150.2 17.5 0.0 0 1 5 5 5
2257.7 -8763.8 -31.4 208 0 147.0 62.3 17.5 0.0 0 0 5 1 1
3428.2 -8286.8 -6.1 207 0 151.8 60.7 14.0 0.0 0 0 4 3 3
3367.4 -8258.9 -6.6 208 0 144.8 59.2 14.0 0.0 0 0 4 4 4
3303.9 -8219.9 -8.8 27 0 147.6 32.4 17.5 0.0 0 0 5 5 5
3457.0 -8531.8 -16.0 208 0 148.2 57.8 17.5 0.0 0 0 5 5 5
3450.3 -8527.6 -15.1 27 0 146.7 56.0 17.5 0.0 0 0 5 3 3
3362.5 -8251.0 -8.1 27 0 148.2 58.1 17.5 0.0 0 0 5 3 3
3278.1 -8435.0 -12.8 207 0 139.3 58.6 17.5 0.0 0 0 5 4 4
3207.1 -8487.6 -13.2 117 0 48.5 150.1 14.0 0.0 0 1 4 0 0
3581.0 -8280.2 -7.3 298 0 127.6 152.1 17.5 0.0 0 1 5 5 5
3389.5 -8495.5 -14.1 27 0 146.9 57.6 14.0 0.0 0 0 4 5 5
3173.5 -8327.0 -10.2 27 0 44.5 38.1 17.5 0.0 0 0 5 0 0
3095.3 -8339.9 -12.4 27 0 138.2 53.8 14.0 0.0 0 0 4 4 4
2967.0 -8362.6 -12.9 117 0 56.6 148.5 14.0 0.0 0 1 4 0 0
2904.2 -8329.2 -13.1 118 0 60.7 148.1 17.5 0.0 0 1 5 5 5
2897.5 -8241.9 -13.0 28 0 147.2 11.7 17.5 0.0 0 0 5 3 3
2828.4 -8216.0 -16.3 208 0 167.3 61.3 17.5 0.0 0 0 5 5 5
2766.2 -8184.6 -18.8 207 0 170.6 57.3 14.0 0.0 0 0 4 0 0
3217.7 -8181.0 -10.2 27 0 140.4 63.6 14.0 0.0 0 0 4 2 2
3148.2 -8145.5 -11.6 27 0 143.5 60.3 17.5 0.0 0 0 5 3 3
2985.3 -8066.9 -12.7 118 0 102.8 97.0 17.5 0.0 0 0 5 4 4
3064.2 -8154.1 -12.7 28 0 56.3 166.1 17.5 0.0 0 1 5 2 2
2915.2 -8053.6 -18.3 28 0 109.0 49.7 14.0 0.0 0 0 4 3 3
2671.3 -7893.6 -14.6 267 0 61.8 111.7 14.0 0.0 0 1 4 1 1
2594.3 -7896.2 -13.8 268 0 61.2 110.8 17.5 0.0 0 1 5 5 5
2550.6 -7954.3 -13.1 358 0 109.8 61.5 14.0 0.0 0 0 4 0 0
2473.8 -7957.7 -11.9 357 0 108.6 52.3 17.5 0.0 0 0 5 0 0
2680.7 -8155.2 -21.3 87 0 55.2 106.6 14.0 0.0 0 1 4 3 3
2634.7 -8105.6 -20.3 358 0 103.5 61.6 17.5 0.0 0 0 5 2 2
2560.0 -8109.2 -19.2 358 0 103.6 62.6 14.0 0.0 0 0 4 1 1
3406.2 -8150.0 -9.2 296 0 149.3 22.8 17.5 0.0 0 0 5 3 3
3500.6 -8196.3 -6.3 298 0 21.0 23.6 17.5 3.5 2 0 5 0 0
3571.9 -8234.2 -5.9 297 0 119.2 23.0 17.5 0.0 0 0 5 1 1
2479.2 -8066.1 -14.0 358 0 12.8 59.2 17.5 0.0 0 1 5 5 5
2450.9 -8130.5 -17.4 179 0 60.8 31.9 17.5 0.0 0 0 5 0 0
2415.6 -8130.5 -16.9 178 0 60.6 26.6 17.5 0.0 0 0 5 2 2
2408.9 -8131.8 -16.6 358 0 60.3 26.6 14.0 0.0 0 0 4 5 5
2402.3 -8037.9 -12.0 358 0 68.3 24.2 17.5 0.0 0 0 5 5 5
2400.0 -7951.5 -8.8 359 0 65.9 23.9 17.5 3.5 2 0 5 2 2
2204.8 -8084.6 -17.0 131 0 31.1 54.7 17.5 0.0 0 1 5 1 1
2259.4 -7989.5 -15.1 41 0 51.3 78.2 17.5 0.0 0 1 5 0 0
2477.1 -8443.1 -29.1 29 0 99.6 19.7 17.5 0.0 0 0 5 4 4
2406.2 -8295.2 -25.6 118 0 142.0 48.4 17.5 0.0 0 0 5 5 5
2931.5 -8478.8 -10.5 28 0 106.4 23.7 17.5 0.0 0 0 5 2 2
2981.1 -8584.6 -15.9 117 0 22.3 129.2 17.5 0.0 0 1 5 5 5
2951.3 -8614.7 -15.7 205 0 18.6 10.0 20.0 3.5 2 0 5 1 1
2889.2 -8674.7 -25.6 207 0 37.7 26.9 17.5 0.0 0 0 5 1 1
2872.3 -8708.5 -28.7 206 0 31.2 26.4 17.5 0.0 0 0 5 3 3
2546.8 -8675.2 -30.4 117 0 174.4 108.3 14.0 0.0 0 0 4 2 2
2537.4 -8690.6 -31.2 298 0 174.0 61.4 14.0 0.0 0 0 4 0 0
2783.1 -8649.2 -27.7 118 0 171.2 58.6 17.5 0.0 0 0 5 2 2
2717.0 -8724.4 -28.6 117 0 122.7 79.2 14.0 0.0 0 0 4 3 3
2895.0 -8336.6 -12.6 297 0 66.1 18.9 17.5 3.5 4 0 5 5 5
2993.6 -8387.5 -13.2 297 0 127.9 11.0 17.5 3.5 2 0 5 5 5
3124.6 -7933.5 -10.2 298 0 59.5 58.7 17.5 0.0 0 0 5 4 4
3172.1 -8031.2 -9.6 118 0 49.3 144.5 14.0 0.0 0 1 4 1 1
3239.4 -7988.2 -9.7 208 0 145.1 60.4 14.0 0.0 0 0 4 0 0
3495.0 -8027.6 -10.0 27 0 143.4 53.7 17.5 0.0 0 0 5 1 1
3488.4 -8113.3 -9.0 28 0 34.9 13.6 17.5 3.5 2 0 5 5 5
3438.2 -7883.8 -7.3 207 0 19.2 61.4 17.5 3.5 2 1 5 3 3
3624.6 -8220.0 -6.7 117 0 93.5 28.2 17.5 0.0 0 0 5 0 0
3789.8 -8024.5 -8.3 28 0 17.9 31.8 17.5 3.5 2 1 5 2 2
3675.2 -8606.7 -16.7 207 0 198.5 63.9 17.5 0.0 0 0 5 4 4
4088.4 -8308.8 -1.6 28 0 170.1 40.7 14.0 0.0 0 0 4 4 4
3931.2 -8225.8 -2.6 207 0 169.2 119.5 17.5 0.0 0 0 5 3 3
4078.9 -8131.6 -1.6 297 0 181.2 39.4 14.0 0.0 0 0 4 1 1
3895.7 -8261.5 -3.5 28 0 91.8 22.9 14.0 0.0 0 0 4 4 4
3935.8 -8179.3 -2.9 27 0 81.2 20.7 14.0 0.0 0 0 4 1 1
3970.1 -8111.7 -1.8 27 0 64.3 20.6 14.0 3.5 2 0 4 5 5
3860.9 -8245.8 -4.7 27 0 58.0 33.6 14.0 0.0 0 0 4 5 5
3854.5 -8317.5 -2.4 24 0 27.2 12.5 14.0 3.5 4 0 4 4 4
3761.1 -8282.6 -4.3 117 0 81.7 18.5 14.0 3.5 2 0 4 5 5
3740.8 -8230.9 -4.7 208 0 19.4 79.3 14.0 3.5 2 1 4 5 5
3752.4 -8208.3 -5.2 207 0 21.0 49.8 14.0 3.5 2 1 4 4 4
3804.5 -8246.7 -4.4 117 0 25.6 18.9 14.0 3.5 2 0 4 4 4
3789.2 -8127.8 -7.6 207 0 80.9 36.8 14.0 0.0 0 0 4 1 1
3890.4 -8174.1 -7.0 28 0 72.0 65.7 14.0 0.0 0 0 4 0 0
3792.8 -8197.3 -5.1 207 0 11.9 43.5 14.0 3.5 2 1 4 4 4
3903.2 -8053.7 -7.8 298 0 114.6 55.7 14.0 0.0 0 0 4 1 1
3571.1 -8552.4 -17.1 207 0 196.7 98.9 14.0 0.0 0 0 4 5 5
3801.5 -8672.4 -16.4 28 0 197.6 61.3 17.5 0.0 0 0 5 0 0
3641.4 -8422.3 -6.0 207 0 16.7 86.3 17.5 3.5 2 1 5 1 1
3670.1 -8365.8 -3.7 207 0 78.6 16.7 17.5 3.5 2 0 5 2 2
3757.1 -8366.0 -4.2 297 0 17.9 79.3 17.5 3.5 2 1 5 4 4
3746.6 -8325.6 -2.9 297 0 68.9 14.7 17.5 0.0 0 0 5 1 1
3822.9 -8364.8 -1.8 26 0 8.0 40.9 10.5 3.5 2 1 3 4 4
3901.4 -8343.1 -2.5 297 0 79.5 18.3 14.0 3.5 2 0 4 5 5
3806.6 -8500.5 -7.4 296 0 170.9 35.3 17.5 0.0 0 0 5 2 2
3903.0 -8479.5 -2.8 27 0 88.0 106.8 17.5 0.0 0 1 5 1 1
3894.4 -8557.1 -2.8 208 0 67.4 21.2 17.5 3.5 2 0 5 5 5
3920.9 -8616.8 -2.8 117 0 29.2 37.3 17.5 0.0 0 1 5 0 0
3986.7 -8443.8 -2.7 293 0 109.0 95.5 17.5 0.0 0 0 5 5 5
2195.0 -7891.6 -20.9 85 0 91.7 26.7 17.5 0.0 0 0 5 5 5
-2805.0 11679.8 -44.0 224 0 37.3 65.6 14.0 0.0 0 1 4 4 4
4401.3 -7068.1 11.2 89 0 21.7 24.2 14.0 3.5 2 1 4 4 4
4397.1 -7237.9 10.2 358 0 67.7 66.5 14.0 0.0 0 0 4 2 2
4291.2 -7430.8 7.6 359 0 70.7 68.2 17.5 0.0 0 0 5 5 5
4237.5 -7266.3 14.1 356 0 26.5 17.2 17.5 3.5 2 0 5 4 4
4210.1 -7307.8 17.1 88 0 24.4 13.4 17.5 3.5 2 0 5 3 3
4228.7 -7227.8 9.8 357 0 16.7 12.3 17.5 3.5 2 0 5 0 0
4023.4 -7436.2 2.9 270 0 105.8 52.5 17.5 0.0 0 0 5 3 3
3164.7 -7166.9 -10.8 270 0 50.2 59.4 17.5 0.0 0 1 5 5 5
3440.2 -7630.7 -11.1 91 0 42.0 20.0 17.5 3.5 2 0 5 5 5
3423.0 -7579.0 -10.2 181 0 54.4 26.0 17.5 0.0 0 0 5 5 5
3417.8 -7537.4 -9.9 178 0 19.3 39.6 17.5 3.5 2 1 5 0 0
3228.5 -7638.0 -6.2 74 0 21.8 24.1 17.5 3.5 2 1 5 2 2
3162.4 -7617.8 -6.1 199 0 14.1 33.8 17.5 3.5 2 1 5 3 3
3040.9 -7655.0 -10.1 92 0 54.3 26.3 17.5 3.5 2 0 5 3 3
3125.6 -7571.1 -7.0 358 0 13.0 31.4 17.5 3.5 2 1 5 2 2
3119.6 -7641.6 -9.4 359 0 12.9 31.3 17.5 3.5 2 1 5 0 0
3126.3 -7596.4 -6.7 1 0 31.5 13.1 17.5 3.5 2 0 5 5 5
3108.8 -7596.8 -7.8 359 0 30.4 13.4 17.5 3.5 4 0 5 4 4
3119.9 -7623.7 -7.4 359 0 18.7 12.1 17.5 3.5 4 0 5 3 3
3102.0 -7623.2 -9.0 358 0 18.8 13.5 17.5 3.5 2 0 5 3 3
4677.4 -7656.8 -7.4 10 0 19.4 56.0 17.5 3.5 2 1 5 2 2
4661.5 -7688.0 -7.3 100 0 29.8 15.7 17.5 3.5 2 0 5 4 4
4623.5 -7686.8 -2.2 95 0 34.5 17.5 17.5 0.0 0 0 5 0 0
4570.8 -7679.2 -0.5 98 0 41.2 18.2 17.5 3.5 2 0 5 5 5
4515.1 -7672.2 1.5 102 0 17.0 22.7 17.5 0.0 0 1 5 1 1
4569.3 -7541.1 4.0 269 0 21.3 24.4 17.5 3.5 2 1 5 0 0
4472.7 -6901.5 9.0 178 0 37.2 66.8 14.0 0.0 0 1 4 2 2
4211.9 -6896.9 5.4 354 0 82.8 105.6 14.0 0.0 0 1 4 3 3
5314.1 -7241.8 6.0 271 0 20.1 42.5 10.0 0.0 0 1 4 4 4
5226.4 -7232.6 9.0 180 0 21.1 65.8 12.5 2.5 2 1 5 3 3
5556.8 -7434.7 -0.5 60 0 28.7 28.6 12.5 0.0 0 0 5 2 2
3048.9 -7684.8 -10.4 88 0 25.9 18.2 17.5 3.5 2 0 5 0 0
4845.0 -7206.0 4.4 80 0 54.3 12.3 17.5 0.0 0 0 5 3 3
4909.1 -7195.1 5.6 81 0 47.1 12.4 17.5 3.5 2 0 5 1 1
4954.5 -7187.3 4.3 73 0 20.5 23.7 17.5 0.0 0 0 5 2 2
4962.2 -7127.0 0.4 358 0 70.3 13.6 17.5 3.5 2 0 5 0 0
5507.2 -7199.0 9.5 271 0 22.4 58.8 10.0 2.5 2 1 4 4 4
5448.7 -7201.7 10.8 272 0 22.1 22.3 10.0 2.5 2 1 4 0 0
5383.1 -7207.0 9.7 271 0 24.0 24.2 10.0 2.5 2 1 4 5 5
5448.8 -7229.7 8.3 276 0 19.6 39.7 12.5 2.5 2 1 5 1 1
5380.2 -7234.2 7.3 269 0 19.2 39.4 10.0 2.5 2 1 4 5 5
5318.8 -7214.6 9.3 269 0 24.4 23.0 12.5 2.5 2 0 5 3 3
5528.7 -7493.4 -3.0 55 0 30.1 25.8 12.5 0.0 0 0 5 0 0
5479.5 -7548.9 -2.1 147 0 28.3 31.9 12.5 0.0 0 1 5 1 1
5464.3 -7431.0 -1.2 138 0 27.8 27.4 10.0 0.0 0 0 4 1 1
5368.0 -7327.1 3.7 137 0 28.4 29.2 10.0 0.0 0 1 4 1 1
5105.7 -7168.7 15.9 83 0 31.8 12.0 17.5 3.5 2 0 5 2 2
5190.7 -7155.8 17.4 85 0 27.6 12.8 17.5 3.5 2 0 5 2 2
5202.0 -7125.9 16.5 354 0 23.6 13.5 17.5 3.5 2 0 5 0 0
5200.2 -7108.7 15.5 355 0 11.1 13.4 17.5 3.5 2 0 5 5 5
4946.6 -6920.9 8.2 90 0 27.1 64.8 17.5 0.0 0 1 5 5 5
5751.8 -5268.0 28.6 43 0 19.5 24.2 14.0 3.5 4 1 4 0 0
5794.2 -5255.5 32.2 43 0 18.3 23.0 14.0 3.5 2 1 4 0 0
5825.3 -5251.8 37.9 132 0 23.3 19.4 14.0 3.5 2 0 4 3 3
5877.6 -5277.2 35.8 134 0 23.7 22.8 14.0 3.5 2 0 4 3 3
5895.0 -5322.2 33.4 135 0 25.0 22.4 14.0 3.5 2 0 4 0 0
5899.1 -5373.0 32.7 224 0 21.0 22.4 14.0 3.5 2 1 4 4 4
5928.6 -5447.1 30.9 47 0 22.5 24.8 14.0 3.5 2 1 4 5 5
5888.9 -5448.8 32.5 46 0 20.4 23.3 14.0 3.5 2 1 4 2 2
5893.9 -5495.0 27.2 216 0 15.1 48.2 17.5 3.5 2 1 5 2 2
5647.9 -5513.9 38.8 30 0 45.4 14.9 17.5 3.5 2 0 5 1 1
5619.9 -5625.9 28.6 229 0 15.1 47.1 17.5 3.5 2 1 5 0 0
5691.6 -5681.7 28.7 318 0 42.7 14.8 17.5 3.5 2 0 5 3 3
5616.4 -5390.3 41.7 42 0 13.8 53.8 17.5 3.5 2 1 5 1 1
5595.9 -5227.9 20.0 267 0 14.7 44.4 17.5 3.5 2 1 5 2 2
5468.4 -5517.3 26.1 142 0 58.0 30.6 17.5 0.0 0 0 5 0 0
5362.1 -5434.3 16.7 203 0 11.4 19.8 17.5 3.5 2 1 5 2 2
5347.1 -5498.0 19.3 175 0 12.1 20.6 17.5 0.0 0 1 5 4 4
5398.1 -5912.1 20.7 60 0 33.8 79.6 14.0 0.0 0 1 4 1 1
5773.9 -5880.5 27.6 179 0 39.0 32.4 17.5 0.0 0 0 5 0 0
5890.6 -5077.5 31.5 359 0 43.3 19.0 17.5 3.5 2 0 5 4 4
5866.4 -4979.2 31.2 269 0 18.8 36.8 17.5 0.0 0 1 5 4 4
5814.2 -5108.8 28.1 90 0 20.0 43.8 17.5 3.5 2 1 5 3 3
5798.6 -4990.7 31.7 270 0 19.1 35.6 17.5 0.0 0 1 5 0 0
5758.4 -5099.3 29.0 89 0 21.5 43.8 17.5 3.5 2 1 5 5 5
5724.7 -4978.4 28.6 268 0 19.3 37.5 17.5 0.0 0 1 5 3 3
5694.2 -5107.7 23.9 89 0 21.0 44.1 17.5 3.5 2 1 5 4 4
5657.4 -4981.2 23.0 270 0 20.2 42.2 17.5 3.5 4 1 5 0 0
4453.2 -6608.9 3.8 270 0 38.8 57.9 17.5 0.0 0 0 5 0 0
4482.5 -6608.5 3.6 268 0 19.6 58.3 17.5 3.5 2 0 5 0 0
4511.9 -6607.8 3.0 269 0 38.7 58.6 17.5 0.0 0 0 5 0 0
3872.6 -6695.3 2.0 270 0 27.5 44.5 14.0 0.0 0 1 4 3 3
3877.4 -6659.4 0.6 269 0 25.1 34.0 14.0 0.0 0 1 4 2 2
3570.5 -7511.7 -4.5 271 0 31.5 20.6 17.5 0.0 0 0 5 5 5
-86.0 8268.3 -24.6 132 0 51.7 101.3 14.0 0.0 0 1 4 0 0
-362.4 8335.7 -5.9 312 0 15.1 34.1 42.0 0.0 0 1 12 1 1
-333.2 8507.0 -24.6 133 0 33.9 81.6 14.0 0.0 0 1 4 0 0
-70.5 7697.0 -15.0 109 0 39.9 89.9 10.5 0.0 0 1 3 3 3
-578.3 7514.7 8.0 244 0 14.8 57.5 14.0 3.5 2 1 4 0 0
-650.9 7373.1 10.6 154 0 46.7 30.5 14.0 0.0 0 0 4 2 2
207.4 7806.5 -25.1 330 0 112.2 35.6 10.5 0.0 0 0 3 4 4
-4240.0 -5215.2 -20.0 69 0 13.5 39.1 14.0 3.5 4 1 4 5 5
-4266.7 -5235.8 -19.5 251 0 51.9 13.2 14.0 3.5 2 0 4 3 3
-4318.5 -5209.4 -13.2 332 0 45.7 10.6 14.0 0.0 0 0 4 0 0
-4336.4 -5161.9 -12.9 137 0 22.7 8.5 10.5 3.5 2 0 3 0 0
-423.1 8488.2 -16.2 307 0 44.4 62.7 14.0 0.0 0 1 4 5 5
3678.9 -6899.9 1.4 93 0 11.0 24.5 17.5 3.5 2 1 5 0 0
321.1 10251.1 -34.1 89 0 31.9 30.0 10.0 2.5 2 0 4 4 4
3741.6 9318.5 19.2 150 0 40.8 32.4 10.5 0.0 0 0 3 0 0
3928.6 8932.6 -14.9 84 0 18.0 3.6 3.5 3.5 2 0 1 2 2
3833.2 9123.9 7.8 326 0 8.9 10.9 10.5 3.5 2 1 3 3 3
3655.8 9350.6 18.2 238 0 38.9 62.2 10.5 0.0 0 1 3 3 3
3816.1 9179.5 6.0 327 0 80.3 84.7 10.5 0.0 0 1 3 0 0
2887.4 -7390.5 -1.0 357 0 41.5 30.8 17.5 0.0 0 0 5 4 4
2872.5 -7337.2 -4.1 268 0 25.1 33.4 17.5 0.0 0 0 5 3 3
2797.8 -7399.5 -9.5 274 0 99.0 30.9 17.5 0.0 0 0 5 1 1
5821.1 -3905.3 34.2 357 0 41.0 15.2 14.0 3.5 2 0 4 4 4
-693.8 7221.1 22.3 90 0 14.1 25.4 10.0 2.5 2 1 4 5 5
-817.0 7273.2 27.7 88 0 10.5 30.2 7.5 2.5 2 1 3 4 4
-754.3 7247.7 25.1 89 0 14.2 25.2 10.0 2.5 2 1 4 0 0
5866.3 -6889.0 10.9 51 0 13.6 23.4 31.5 0.0 0 1 9 3 3
-500.0 7680.7 -2.2 248 0 43.6 23.0 14.0 0.0 0 0 4 3 3
-5006.3 10395.5 -37.1 82 0 41.3 150.3 10.5 0.0 0 1 3 3 3
-5017.1 11016.9 -37.5 90 0 55.2 73.3 14.0 0.0 0 1 4 3 3
-5460.9 10484.1 -33.7 359 0 120.3 149.6 14.0 0.0 0 1 4 4 4
-5460.6 10658.1 -38.1 269 0 38.2 90.5 14.0 0.0 0 1 4 4 4
-5593.0 10658.5 -37.5 269 0 35.9 91.6 14.0 0.0 0 1 4 0 0
-349.0 8265.5 -1.6 46 0 16.4 33.8 42.0 0.0 0 1 12 2 2
-364.6 8249.7 0.9 44 0 24.9 14.7 42.0 0.0 0 0 12 5 5
-310.7 8382.1 -16.8 43 0 43.7 15.7 42.0 3.5 2 0 12 5 5
-364.3 8384.1 -12.5 133 0 43.3 15.8 42.0 3.5 2 0 12 0 0
-332.3 8432.7 -17.6 313 0 37.8 30.2 42.0 0.0 0 0 12 3 3
-155.5 8227.6 -10.4 48 0 17.0 24.5 14.0 0.0 0 1 4 4 4
3256.1 -9913.3 -17.5 232 0 5.0 11.1 10.5 3.5 4 1 3 2 2
3312.1 -10058.0 -13.8 232 0 52.5 32.2 17.5 0.0 0 0 5 4 4
3121.3 -9932.4 -21.5 47 0 7.6 5.1 10.5 3.5 2 0 3 1 1
3145.8 -9911.5 -20.2 47 0 14.2 7.8 10.5 3.5 2 0 3 0 0
3131.1 -9924.4 -21.1 47 0 17.7 5.8 10.5 3.5 2 0 3 0 0
3304.8 -9991.7 -15.3 142 0 80.3 10.2 17.5 3.5 2 0 5 0 0
3301.6 -10034.0 -13.6 232 0 34.9 10.3 17.5 3.5 2 0 5 4 4
3126.7 -9946.2 -22.6 322 0 3.5 19.2 10.5 3.5 2 1 3 5 5
3135.8 -9927.9 -21.2 232 0 13.9 6.4 10.5 3.5 2 0 3 0 0
3273.9 -10055.8 -14.7 232 0 19.3 8.2 10.5 3.5 2 0 3 4 4
3248.8 -10011.2 -17.5 52 0 4.2 9.4 10.5 3.5 2 1 3 1 1
3209.6 -9926.5 -20.0 316 0 15.4 12.7 17.5 0.0 0 0 5 4 4
3255.3 -10056.9 -16.8 322 0 35.3 9.8 10.5 3.5 2 0 3 1 1
3178.6 -10121.5 -19.9 142 0 15.9 64.4 17.5 3.5 2 1 5 5 5
2786.6 -10920.3 -19.1 61 0 17.2 13.1 17.5 3.5 2 0 5 4 4
2724.4 -10963.1 -16.9 236 0 100.9 60.3 17.5 0.0 0 0 5 2 2
2621.8 -11042.6 -16.4 239 0 122.2 52.4 17.5 0.0 0 0 5 2 2
2996.9 -11743.6 -15.6 348 0 40.3 23.2 12.5 0.0 0 0 5 3 3
3020.4 -11442.4 -21.1 285 0 13.9 3.8 10.5 3.5 2 0 3 3 3
3504.3 -9926.3 -14.8 175 0 9.4 20.7 2.5 2.5 2 1 1 5 5
3418.1 -9992.2 -13.3 52 0 11.4 62.7 14.0 3.5 2 1 4 4 4
3244.0 -9769.5 -11.9 231 0 11.2 29.6 14.0 3.5 2 1 4 3 3
3308.6 -9711.9 -19.9 232 0 10.0 3.7 10.5 3.5 2 0 3 1 1
3425.8 -9672.3 -28.7 268 0 8.9 89.2 7.5 2.5 2 1 3 1 1
2862.6 -6197.0 1.4 360 0 49.3 48.3 14.0 0.0 0 0 4 1 1
1336.1 -6953.9 -10.0 123 0 204.5 144.0 17.5 0.0 0 0 5 0 0
1743.1 -8058.1 -8.3 345 0 4.8 12.9 10.5 3.5 4 1 3 0 0
1762.6 -8202.3 -9.3 160 0 32.2 14.5 17.5 3.5 2 0 5 1 1
1729.3 -8223.7 -9.3 73 0 8.5 12.0 10.5 3.5 2 1 3 2 2
1799.9 -8244.6 -12.1 325 0 6.4 10.9 10.5 0.0 0 1 3 4 4
5825.9 -8387.6 -1.6 292 0 69.1 33.2 17.5 0.0 0 0 5 3 3
2867.7 -6318.0 2.6 359 0 54.7 50.0 14.0 0.0 0 0 4 4 4
2870.2 -6396.5 0.4 359 0 58.1 52.7 14.0 0.0 0 0 4 5 5
2860.5 -6539.6 -4.2 359 0 71.7 64.4 17.5 0.0 0 0 5 2 2
2688.5 -6423.0 -0.5 270 0 60.0 68.9 17.5 0.0 0 1 5 2 2
2839.1 -6678.1 -16.1 360 0 44.1 35.3 17.5 0.0 0 0 5 4 4
2751.5 -6652.0 -14.5 91 0 29.8 45.4 17.5 0.0 0 1 5 4 4
2694.9 -6583.2 -9.0 89 0 25.2 60.5 17.5 3.5 2 1 5 1 1
2781.0 -7661.2 -9.0 93 0 126.0 130.3 17.5 0.0 0 1 5 1 1
3838.5 -6874.3 6.3 265 0 36.8 39.2 14.0 0.0 0 1 4 3 3
3983.4 -6863.9 7.1 264 0 174.4 93.8 14.0 0.0 0 0 4 2 2
3610.4 -6647.5 -8.9 181 0 53.4 10.8 17.5 3.5 4 0 5 4 4
3710.2 -6649.8 -6.4 16 0 55.9 25.2 17.5 3.5 2 0 5 2 2
2566.1 -6258.2 -3.7 90 0 60.9 62.7 14.0 0.0 0 1 4 2 2
2757.0 -6167.8 0.8 0 0 59.2 30.4 14.0 0.0 0 0 4 2 2
2731.6 -6233.3 0.5 0 0 48.0 41.6 14.0 0.0 0 0 4 0 0
2759.7 -6343.2 0.6 0 0 42.7 40.8 14.0 0.0 0 0 4 4 4
2678.9 -6337.7 0.2 91 0 37.5 42.7 14.0 0.0 0 1 4 4 4
1197.3 -6990.2 -0.7 302 0 29.0 62.0 14.0 0.0 0 1 4 5 5
1560.5 -6887.1 -4.7 31 0 31.7 55.2 17.5 0.0 0 1 5 5 5
1535.8 -6669.3 -5.2 312 0 30.2 53.5 17.5 0.0 0 1 5 1 1
1581.0 -6725.7 -7.4 312 0 31.4 51.1 17.5 0.0 0 1 5 0 0
1645.3 -6777.9 -8.4 313 0 39.3 52.9 17.5 0.0 0 1 5 1 1
1455.1 -6645.5 -4.6 303 0 30.5 58.2 17.5 0.0 0 1 5 4 4
1368.2 -6740.4 -8.4 211 0 59.4 34.0 17.5 0.0 0 0 5 4 4
1482.9 -6822.9 -7.1 30 0 40.1 54.8 17.5 0.0 0 1 5 0 0
892.6 -7554.5 -15.9 179 0 65.8 84.6 14.0 0.0 0 1 4 3 3
889.8 -7475.0 -15.2 177 0 72.2 82.0 14.0 0.0 0 1 4 2 2
893.1 -7656.9 -17.4 180 0 67.7 81.8 14.0 0.0 0 1 4 1 1
851.1 -7556.3 -11.9 359 0 64.5 69.4 14.0 0.0 0 1 4 1 1
1343.4 -7505.2 -18.7 359 0 86.5 36.9 14.0 0.0 0 0 4 5 5
1254.2 -7468.9 -16.2 268 0 32.1 68.7 14.0 0.0 0 1 4 1 1
4506.4 -6494.1 3.4 359 0 44.8 15.6 17.5 0.0 0 0 5 0 0
4425.6 -6521.9 3.9 89 0 66.0 42.0 14.0 0.0 0 0 4 2 2
4349.3 -6522.1 4.8 89 0 69.6 38.9 14.0 0.0 0 0 4 1 1
4105.4 -7640.7 4.3 360 0 35.4 153.9 17.5 0.0 0 1 5 5 5
4105.5 -7564.3 3.7 360 0 103.5 155.2 17.5 0.0 0 1 5 3 3
631.0 7752.8 -17.8 329 0 58.8 42.1 10.5 0.0 0 0 3 5 5
384.7 7679.0 -17.2 146 0 61.8 59.4 10.5 0.0 0 0 3 5 5
697.8 7786.5 -22.7 34 0 21.3 50.2 10.5 0.0 0 1 3 3 3
731.2 7838.0 -22.4 34 0 21.3 50.2 10.5 3.5 2 1 3 4 4
613.8 7829.1 -21.3 124 0 50.2 21.3 10.5 3.5 4 0 3 5 5
661.7 7899.1 -22.9 304 0 50.2 21.3 10.5 3.5 2 0 3 2 2
556.0 7867.7 -20.0 124 0 50.2 21.3 10.5 3.5 2 0 3 4 4
576.9 7941.9 -23.3 214 0 21.3 50.2 10.5 3.5 4 1 3 4 4
324.9 7997.5 -23.1 238 0 71.9 43.7 14.0 0.0 0 0 4 2 2
370.1 7885.2 -20.0 59 0 33.7 55.4 14.0 0.0 0 1 4 4 4
5298.0 -4802.4 31.0 111 0 43.7 34.1 14.0 0.0 0 0 4 2 2
5274.7 -5030.0 36.6 109 0 40.8 63.2 14.0 0.0 0 1 4 3 3
2910.6 -5169.8 15.1 35 0 23.1 56.8 15.0 2.5 2 1 6 2 2
2965.5 -5085.6 14.8 35 0 22.7 60.2 12.5 2.5 2 1 5 1 1
2882.4 -5015.0 18.1 304 0 35.6 26.3 12.5 2.5 2 0 5 0 0
-3790.0 10780.7 -25.8 89 0 30.3 32.8 42.0 0.0 0 1 12 3 3
-1804.9 9352.8 -34.7 270 0 41.7 70.5 14.0 0.0 0 1 4 0 0
-1860.4 9366.1 -35.3 270 0 15.6 34.7 14.0 0.0 0 1 4 3 3
-1866.5 9268.3 -34.7 179 0 35.3 14.1 14.0 3.5 4 0 4 1 1
-2122.7 9145.7 -43.6 91 0 11.6 41.3 14.0 3.5 2 1 4 0 0
-2200.7 9219.5 -48.8 166 0 117.9 18.2 14.0 0.0 0 0 4 5 5
-3032.2 8675.9 -31.2 179 0 70.8 12.8 14.0 3.5 2 0 4 1 1
-2962.2 8730.3 -32.4 268 0 15.9 71.7 14.0 3.5 4 1 4 5 5
-1141.3 9217.0 -24.6 59 0 40.3 9.8 3.5 3.5 2 0 1 1 1
