4969.9 -5433.9 -23.7 89 0 10.1 22.5 7.5 2.5 2 1 3 5 5
-6696.3 -4811.2 5.2 49 0 18.3 53.6 5.0 2.5 2 1 2 0 0
-3577.6 -12306.6 -6.4 48 0 35.1 69.1 12.5 0.0 0 1 5 5 5
-2400.6 -5234.3 3.0 87 0 18.4 43.3 10.0 2.5 2 1 4 3 3
-5218.2 -5138.7 4.8 118 0 40.1 15.6 10.0 2.5 2 0 4 1 1
-5070.3 -12206.7 4.8 211 0 35.1 111.2 10.0 0.0 0 1 4 5 5
-2840.1 -2241.0 -5.9 263 0 19.9 94.1 10.0 0.0 0 1 4 4 4
-4175.7 -5941.5 24.3 90 0 20.2 75.4 10.0 0.0 0 1 4 5 5
-2357.7 -5184.1 3.0 265 0 60.2 29.6 12.5 0.0 0 0 5 1 1
-5445.0 -12165.8 7.1 119 0 18.0 66.3 10.0 2.5 2 1 4 3 3
-5225.9 -5341.4 7.2 66 0 60.5 32.7 12.5 0.0 0 0 5 1 1
-4926.7 -11637.8 7.8 102 0 15.8 50.4 15.0 2.5 2 1 6 4 4
-3475.2 -780.3 -11.3 132 0 56.3 51.1 10.0 0.0 0 0 4 2 2
-6741.8 -4815.1 5.3 140 0 53.5 17.9 7.5 2.5 2 0 3 2 2
-2899.9 -2245.6 -4.0 265 0 17.2 95.9 12.5 0.0 0 1 5 3 3
-2334.6 -5258.9 3.0 87 0 22.2 36.4 7.5 0.0 0 1 3 3 3
-4896.3 -11592.2 7.9 281 0 15.7 47.4 12.5 2.5 2 1 5 4 4
-4212.0 -5936.7 20.3 91 0 20.7 74.0 10.0 2.5 2 1 4 5 5
-3105.9 -12657.1 -10.3 319 0 65.4 18.3 12.5 0.0 0 0 5 2 2
-4687.8 -5763.4 2.0 108 0 41.4 87.5 10.0 0.0 0 1 4 2 2
-3532.8 -693.1 -12.0 222 0 50.9 59.0 10.0 0.0 0 1 4 2 2
-4916.0 -11534.3 7.8 281 0 12.4 33.6 7.5 2.5 2 1 3 2 2
-5393.5 -12163.4 6.8 30 0 77.3 29.2 10.0 0.0 0 0 4 4 4
-6711.2 -2017.4 15.7 66 0 15.0 18.1 17.5 0.0 0 1 7 3 3
-3431.3 -1183.9 -0.0 35 0 26.8 62.5 12.5 0.0 0 1 5 3 3
-3436.0 -547.6 -5.3 305 0 24.2 48.1 12.5 0.0 0 1 5 0 0
-2805.2 -2041.5 -6.3 359 0 62.1 27.4 10.0 0.0 0 0 4 5 5
-5285.3 -5236.2 4.8 346 0 28.5 22.4 12.5 0.0 0 0 5 3 3
-2203.0 -8618.0 10.9 188 0 62.3 69.0 12.5 0.0 0 1 5 2 2
-3411.3 -1071.3 -1.1 304 0 35.7 81.8 10.0 0.0 0 1 4 1 1
-3409.5 -596.1 -9.4 37 0 46.1 21.1 12.5 2.5 4 0 5 2 2
-2417.1 -8297.2 4.7 297 0 58.4 212.4 12.5 0.0 0 1 5 2 2
-2865.0 -1320.8 -9.8 329 0 99.2 47.3 12.5 0.0 0 0 5 3 3
-5465.3 -12121.6 7.2 210 0 75.4 23.3 10.0 0.0 0 0 4 0 0
-4951.8 -11633.1 7.9 101 0 15.7 48.3 7.5 2.5 2 1 3 4 4
-2025.6 -8546.6 13.0 273 0 35.4 52.9 12.5 0.0 0 1 5 1 1
-2091.3 -8663.5 12.6 94 0 65.7 90.6 12.5 0.0 0 1 5 5 5
-3256.3 -2349.7 -10.4 313 0 55.5 51.5 12.5 0.0 0 0 5 1 1
-5388.7 -12012.9 8.0 300 0 24.8 83.8 10.0 0.0 0 1 4 0 0
-4857.6 -11660.1 7.3 11 0 16.6 55.3 10.0 2.5 2 1 4 2 2
-4243.6 -5934.9 17.6 90 0 30.5 82.8 10.0 0.0 0 1 4 4 4
-2101.0 -5379.1 -12.1 213 0 42.1 57.1 7.5 0.0 0 1 3 4 4
-3050.2 9904.3 -30.6 105 0 34.6 34.6 10.0 0.0 0 1 4 4 4
-3541.7 12088.2 -21.0 269 0 34.8 77.0 12.5 0.0 0 1 5 5 5
-6066.8 10114.1 -41.9 14 0 114.7 63.8 10.0 0.0 0 0 4 3 3
-3406.2 11914.7 -25.0 82 0 49.3 57.4 12.5 0.0 0 1 5 2 2
-1925.8 12790.9 -28.4 328 0 48.7 16.3 12.5 2.5 2 0 5 1 1
-2239.6 12020.7 -35.6 312 0 29.1 64.8 12.5 0.0 0 1 5 1 1
-1837.5 11463.4 -7.7 95 0 10.1 31.7 12.5 2.5 2 1 5 2 2
-2994.2 9883.4 -30.4 108 0 11.8 34.2 12.5 2.5 2 1 5 1 1
-5880.5 10522.9 -40.2 97 0 41.9 138.7 10.0 0.0 0 1 4 3 3
-3354.1 11999.2 -18.1 359 0 28.0 83.5 12.5 0.0 0 1 5 4 4
-5820.0 10732.1 -38.2 9 0 137.0 152.5 12.5 0.0 0 1 5 1 1
-3159.7 11472.6 -32.1 83 0 10.0 37.6 12.5 2.5 4 1 5 3 3
-6310.2 10117.3 -43.1 193 0 88.6 60.3 7.5 0.0 0 0 3 4 4
-3101.8 9934.6 -30.7 195 0 32.9 36.1 7.5 0.0 0 1 3 5 5
-6199.5 10057.3 -42.7 104 0 71.3 183.0 12.5 0.0 0 1 5 5 5
-2062.5 11918.1 -31.4 155 0 24.5 17.0 10.0 2.5 2 0 4 2 2
-3479.3 12003.5 -24.5 268 0 57.9 49.2 10.0 0.0 0 0 4 2 2
-2716.4 9903.2 -35.9 57 0 13.5 19.8 10.0 2.5 2 1 4 3 3
-5942.0 10569.0 -41.5 99 0 64.0 102.5 10.0 0.0 0 1 4 5 5
-1963.4 12823.6 -28.5 238 0 17.2 20.6 12.5 2.5 2 1 5 5 5
-2013.9 11960.9 -31.1 339 0 41.2 10.0 7.5 2.5 4 0 3 5 5
-3275.4 11901.7 -23.1 20 0 9.3 53.5 7.5 2.5 2 1 3 3 3
-3329.1 11357.3 -31.8 5 0 30.7 61.7 12.5 0.0 0 1 5 3 3
-1677.1 12038.3 -31.7 50 0 60.4 102.0 12.5 0.0 0 1 5 1 1
-3221.0 11491.0 -34.3 169 0 17.5 47.4 10.0 2.5 2 1 4 5 5
-6241.9 10263.4 -43.8 285 0 60.3 95.2 10.0 0.0 0 1 4 2 2
2778.8 -8420.4 -17.2 260 0 30.4 123.0 12.5 0.0 0 1 5 1 1
2162.2 1906.5 -23.4 53 0 89.8 24.3 12.5 0.0 0 0 5 1 1
2820.5 -8866.4 -20.9 83 0 20.0 70.6 10.0 2.5 2 1 4 5 5
-1997.1 -5376.7 -21.0 90 0 26.0 76.5 12.5 0.0 0 1 5 4 4
2852.5 -6315.5 -12.0 100 0 30.3 44.2 12.5 0.0 0 1 5 3 3
2892.4 -6264.3 -12.9 280 0 20.8 57.1 12.5 2.5 2 1 5 1 1
2693.6 2248.6 -27.5 322 0 17.2 70.3 7.5 2.5 4 1 3 4 4
2416.4 1193.0 -16.8 46 0 39.3 71.6 10.0 0.0 0 1 4 5 5
-198.1 -6065.4 17.0 321 0 36.6 59.9 10.0 0.0 0 1 4 0 0
4239.6 -9853.6 -4.4 217 0 38.5 82.5 10.0 0.0 0 1 4 4 4
-173.3 -6103.0 15.2 321 0 35.7 52.7 12.5 0.0 0 1 5 0 0
4210.6 -9890.4 -3.6 215 0 25.8 71.1 10.0 0.0 0 1 4 0 0
-1898.0 -6711.0 11.8 280 0 26.6 77.6 12.5 0.0 0 1 5 5 5
2956.8 -8342.9 -16.2 59 0 35.8 140.9 7.5 0.0 0 1 3 0 0
-1860.0 -6716.9 9.8 281 0 24.4 78.7 10.0 0.0 0 1 4 0 0
-1441.5 -7431.5 12.1 64 0 13.1 59.4 10.0 2.5 2 1 4 3 3
4014.6 551.7 -28.3 125 0 36.8 76.7 7.5 0.0 0 1 3 1 1
3214.8 -7255.2 -6.0 144 0 28.0 54.3 12.5 0.0 0 1 5 5 5
3966.7 570.4 -28.3 215 0 16.0 70.7 12.5 2.5 2 1 5 1 1
3284.6 -7202.4 -6.8 326 0 30.8 24.1 12.5 0.0 0 0 5 0 0
3594.6 123.2 -29.3 40 0 26.9 70.0 12.5 0.0 0 1 5 5 5
-4508.9 -11669.0 3.4 125 0 20.3 60.1 10.0 2.5 2 1 4 1 1
-2979.2 -4110.2 18.2 299 0 19.9 48.1 12.5 2.5 2 1 5 0 0
3127.1 82.1 -25.7 156 0 29.7 85.9 12.5 0.0 0 1 5 1 1
-4489.0 -11687.8 3.0 126 0 21.8 62.0 7.5 2.5 2 1 3 4 4
-4489.2 -11070.4 5.8 38 0 26.1 59.2 7.5 2.5 2 1 3 3 3
-3087.0 -4098.6 16.9 208 0 17.2 74.1 10.0 2.5 2 1 4 2 2
2530.1 1110.5 -14.2 225 0 22.3 50.6 10.0 2.5 4 1 4 0 0
-1331.4 -8429.2 1.0 131 0 24.0 50.9 17.5 2.5 2 1 7 4 4
-1417.7 -8608.3 -1.1 339 0 84.5 17.5 15.0 2.5 2 0 6 5 5
1791.5 -5379.3 4.9 18 0 28.2 37.7 10.0 0.0 0 1 4 5 5
-663.9 -5099.0 -0.3 155 0 33.5 98.3 12.5 0.0 0 1 5 4 4
-3589.6 -11762.7 -3.3 228 0 44.3 98.9 12.5 0.0 0 1 5 3 3
-589.7 -5087.3 2.1 245 0 46.1 24.6 7.5 0.0 0 0 3 5 5
-2949.5 -4133.7 17.5 298 0 28.4 17.7 12.5 2.5 2 0 5 3 3
-2498.6 -4537.1 12.1 120 0 65.0 25.8 10.0 0.0 0 0 4 0 0
-2423.6 -4580.7 12.1 121 0 62.2 28.6 15.0 0.0 0 0 6 0 0
2329.1 2192.5 -27.8 52 0 48.8 60.8 10.0 0.0 0 1 4 4 4
2225.9 2282.9 -27.4 233 0 20.0 51.2 10.0 2.5 2 1 4 4 4
-1528.3 -8377.1 3.3 165 0 37.5 74.4 10.0 0.0 0 1 4 3 3
2813.2 -8741.4 -20.3 350 0 86.4 13.9 15.0 2.5 2 0 6 0 0
2118.2 1943.2 -23.2 234 0 119.2 21.9 7.5 0.0 0 0 3 0 0
-6592.7 -4443.6 1.7 121 0 12.6 39.6 10.0 2.5 2 1 4 4 4
2483.1 -8238.2 -3.6 238 0 54.1 35.6 10.0 0.0 0 0 4 5 5
-1472.0 -7447.8 9.8 61 0 38.0 61.7 15.0 0.0 0 1 6 2 2
-6427.3 -4169.8 -0.4 235 0 26.8 25.3 10.0 0.0 0 0 4 4 4
1654.2 -5468.1 18.0 298 0 26.2 96.0 12.5 0.0 0 1 5 2 2
3425.6 -7084.2 -12.1 328 0 27.0 56.7 10.0 2.5 2 1 4 0 0
-4677.3 -11554.6 6.1 122 0 22.4 80.2 10.0 0.0 0 1 4 4 4
-3718.2 -12142.9 -5.1 213 0 36.8 133.7 12.5 0.0 0 1 5 5 5
-144.1 -6136.8 13.4 321 0 34.0 53.7 10.0 0.0 0 1 4 5 5
-1661.1 -6633.9 1.1 24 0 32.9 43.4 12.5 0.0 0 1 5 3 3
-2815.5 -5842.6 5.5 21 0 22.5 18.9 10.0 2.5 2 0 4 1 1
-2800.5 -5731.0 4.2 315 0 44.8 42.6 10.0 0.0 0 0 4 0 0
3983.1 718.4 -27.6 72 0 33.8 19.9 7.5 0.0 0 0 3 0 0
2676.9 2148.6 -27.4 142 0 55.8 29.8 12.5 0.0 0 0 5 4 4
2734.8 2163.0 -27.4 52 0 36.7 81.3 10.0 0.0 0 1 4 1 1
-4549.0 -10818.6 9.3 129 0 31.7 98.1 10.0 0.0 0 1 4 1 1
-1433.7 -5123.4 4.6 288 0 24.3 80.1 7.5 0.0 0 1 3 1 1
-277.5 -6186.3 14.9 142 0 36.0 69.6 12.5 0.0 0 1 5 4 4
-4519.7 -10847.9 8.6 129 0 29.5 97.7 10.0 0.0 0 1 4 4 4
3422.8 -6860.1 -8.5 232 0 19.6 52.3 10.0 2.5 2 1 4 2 2
-6294.6 -5029.9 9.9 57 0 15.7 25.6 10.0 2.5 2 1 4 2 2
3726.7 -8475.6 -21.6 338 0 45.3 38.2 10.0 0.0 0 0 4 2 2
-1836.4 -7994.9 11.3 289 0 21.5 66.2 10.0 2.5 2 1 4 3 3
3668.5 1318.5 -27.3 263 0 28.4 18.7 12.5 2.5 2 0 5 0 0
3031.7 -7592.4 7.9 241 0 62.4 20.1 12.5 0.0 0 0 5 2 2
3244.2 -7301.9 -4.4 144 0 51.7 23.2 15.0 2.5 2 0 6 3 3
-3858.8 -11138.5 5.7 139 0 41.1 19.5 10.0 2.5 2 0 4 3 3
-5919.9 -3982.7 5.1 65 0 15.5 44.5 12.5 2.5 2 1 5 4 4
3904.8 767.6 -27.4 69 0 18.7 20.6 7.5 2.5 2 1 3 1 1
-3838.6 -11067.1 6.0 230 0 69.6 47.5 12.5 0.0 0 0 5 5 5
1813.5 -5319.9 5.1 20 0 28.8 38.1 15.0 0.0 0 1 6 1 1
-5953.6 -3860.3 -0.2 248 0 22.4 50.2 10.0 0.0 0 1 4 2 2
1669.3 -5237.1 -0.4 108 0 123.7 77.3 10.0 0.0 0 0 4 5 5
-2898.1 -4168.2 17.6 29 0 15.2 28.6 10.0 0.0 0 1 4 0 0
-4551.0 -11600.6 3.9 212 0 46.7 57.0 10.0 0.0 0 1 4 5 5
2841.2 -8255.5 -15.0 239 0 35.0 67.7 10.0 0.0 0 1 4 5 5
-1406.5 -8369.3 3.6 76 0 69.3 38.9 12.5 0.0 0 0 5 0 0
-1364.5 -8235.9 -1.1 257 0 31.0 130.9 10.0 0.0 0 1 4 0 0
-3846.7 -9691.5 15.7 147 0 67.5 20.0 15.0 2.5 2 0 6 3 3
-337.9 -5991.2 17.1 238 0 45.1 57.4 10.0 0.0 0 1 4 3 3
-3829.9 -9643.6 15.6 238 0 21.6 64.6 12.5 2.5 2 1 5 3 3
-289.3 -5967.7 17.0 239 0 36.5 61.8 12.5 0.0 0 1 5 4 4
-2288.7 -4848.0 7.9 81 0 41.8 21.5 12.5 0.0 0 0 5 3 3
-2275.9 -5023.8 5.6 265 0 48.5 14.5 7.5 2.5 4 0 3 0 0
2294.2 1325.1 -16.6 222 0 22.1 58.9 15.0 2.5 2 1 6 5 5
2055.4 1965.9 -20.3 235 0 38.9 52.1 10.0 0.0 0 1 4 0 0
-1920.5 -5327.6 -19.7 90 0 40.2 22.0 10.0 0.0 0 0 4 5 5
4169.4 -10060.7 -3.6 314 0 50.9 22.1 12.5 2.5 2 0 5 1 1
2280.0 2015.9 -27.9 323 0 33.2 99.9 12.5 0.0 0 1 5 0 0
4042.4 -9937.9 -16.9 322 0 51.4 29.5 10.0 0.0 0 0 4 3 3
2757.9 -6285.9 -8.9 102 0 50.1 36.7 10.0 0.0 0 0 4 3 3
2815.5 -6308.5 -10.6 99 0 20.8 54.5 10.0 2.5 2 1 4 5 5
3332.4 -7274.9 -6.8 57 0 25.2 55.3 10.0 2.5 2 1 4 2 2
-2892.5 -5693.7 3.2 214 0 53.7 40.3 7.5 0.0 0 0 3 4 4
-4444.3 -11686.4 2.7 39 0 53.8 18.0 10.0 2.5 2 0 4 0 0
-3045.2 -4039.0 21.5 207 0 16.5 35.2 10.0 2.5 2 1 4 4 4
-4429.6 -11626.1 3.1 33 0 28.4 22.5 7.5 0.0 0 0 3 0 0
-303.4 -6148.7 16.8 142 0 34.6 66.0 10.0 0.0 0 1 4 1 1
-335.2 -6117.0 18.7 143 0 32.1 70.0 10.0 0.0 0 1 4 1 1
-2148.5 -7259.8 9.9 140 0 12.2 36.7 10.0 2.5 2 1 4 5 5
-2061.3 -7019.8 10.2 64 0 15.5 21.7 12.5 2.5 2 1 5 4 4
3713.1 1319.5 -27.9 303 0 12.3 59.1 10.0 0.0 0 1 4 3 3
4073.4 442.4 -28.5 126 0 24.8 97.0 10.0 0.0 0 1 4 2 2
3301.1 -7293.0 -5.9 54 0 26.8 54.1 7.5 2.5 2 1 3 0 0
-1981.4 -8254.5 16.5 12 0 121.5 32.5 10.0 0.0 0 0 4 0 0
-3540.2 -12200.4 -6.2 321 0 39.3 70.4 12.5 0.0 0 1 5 5 5
-549.3 -5251.0 4.2 63 0 20.1 131.0 12.5 0.0 0 1 5 2 2
-4472.2 -11013.8 6.1 307 0 24.9 39.0 7.5 0.0 0 1 3 4 4
-1193.8 -4862.0 7.3 269 0 23.3 89.3 12.5 0.0 0 1 5 4 4
-3494.6 -2212.4 -11.9 215 0 46.1 62.8 7.5 0.0 0 1 3 5 5
3422.1 -6930.4 -7.0 52 0 40.1 15.0 12.5 2.5 4 0 5 0 0
-5947.5 -5065.2 3.5 91 0 28.4 29.7 10.0 0.0 0 1 4 1 1
2245.1 2300.7 -27.2 233 0 16.1 52.4 12.5 2.5 2 1 5 2 2
2998.5 -7026.7 -3.5 146 0 55.0 100.8 10.0 0.0 0 1 4 0 0
-6348.5 -4182.7 0.3 328 0 50.9 15.8 12.5 2.5 2 0 5 1 1
-1427.8 -8282.2 0.2 256 0 70.8 36.6 10.0 0.0 0 0 4 4 4
1638.6 -5582.8 18.6 118 0 31.7 109.0 15.0 0.0 0 1 6 1 1
-6231.2 -4078.9 2.6 240 0 49.7 25.6 10.0 0.0 0 0 4 5 5
1807.1 -5470.2 9.9 20 0 39.8 86.7 12.5 0.0 0 1 5 3 3
-3789.6 -12731.6 1.2 161 0 23.0 31.6 15.0 0.0 0 1 6 0 0
2016.0 1906.2 -18.5 145 0 52.0 39.0 12.5 0.0 0 0 5 2 2
-1534.4 -8021.0 -0.1 130 0 35.4 68.2 7.5 0.0 0 1 3 1 1
-1508.4 -8299.8 -0.6 256 0 68.9 35.3 10.0 0.0 0 0 4 4 4
2756.2 -8711.8 -17.4 260 0 29.0 77.5 12.5 0.0 0 1 5 1 1
-1626.2 -6607.1 -0.1 18 0 21.9 46.8 10.0 2.5 4 1 4 4 4
-1649.1 -6546.9 0.9 287 0 14.7 28.8 10.0 2.5 2 1 4 3 3
3476.4 -7143.5 -13.9 331 0 33.3 41.9 7.5 0.0 0 1 3 5 5
3454.7 -7111.2 -12.2 334 0 25.6 55.9 7.5 2.5 2 1 3 4 4
2647.3 2186.1 -27.4 141 0 17.4 32.9 10.0 2.5 2 1 4 2 2
-4588.2 -11470.0 6.0 303 0 17.8 99.8 7.5 0.0 0 1 3 3 3
2744.6 2001.8 -27.5 52 0 19.7 90.3 12.5 0.0 0 1 5 5 5
2741.5 2090.4 -27.5 323 0 34.1 33.4 10.0 0.0 0 0 4 1 1
3581.4 -8786.8 -23.2 336 0 117.8 19.9 10.0 0.0 0 0 4 5 5
3876.3 764.6 -27.3 71 0 14.8 14.3 5.0 2.5 2 0 2 5 5
-4351.2 -11786.1 0.4 219 0 50.0 39.3 7.5 0.0 0 0 3 0 0
-3035.4 -4172.7 19.3 120 0 54.8 16.9 12.5 2.5 2 0 5 4 4
2768.5 2019.4 -27.4 54 0 20.2 43.8 7.5 2.5 2 1 3 5 5
1443.8 -5323.7 16.7 0 0 67.1 148.5 12.5 0.0 0 1 5 2 2
-2912.1 -4193.4 16.4 32 0 12.5 29.9 10.0 2.5 4 1 4 0 0
-5501.0 -11542.5 19.6 267 0 27.4 79.4 12.5 0.0 0 1 5 0 0
-2971.1 -9073.0 4.0 56 0 37.9 37.9 15.0 0.0 0 0 6 3 3
-1157.9 -4861.3 7.0 270 0 25.8 89.3 12.5 0.0 0 1 5 1 1
-2970.9 -4174.6 17.0 116 0 27.2 12.2 10.0 2.5 2 0 4 0 0
3385.4 -6916.8 -7.1 144 0 17.9 42.4 10.0 2.5 2 1 4 2 2
-6273.6 -4972.4 6.0 271 0 14.2 46.1 15.0 2.5 2 1 6 4 4
-1888.4 -7988.2 12.7 289 0 58.5 81.2 10.0 0.0 0 1 4 4 4
2273.3 2323.1 -27.1 232 0 37.8 50.8 12.5 0.0 0 1 5 4 4
-2867.2 -5870.5 5.4 109 0 34.3 48.0 7.5 0.0 0 1 3 3 3
3616.0 1275.4 -27.3 173 0 73.6 39.5 10.0 0.0 0 0 4 2 2
-3057.5 -8974.2 3.5 235 0 60.5 60.3 12.5 0.0 0 0 5 0 0
-3712.9 -9708.9 11.4 58 0 21.4 91.9 10.0 0.0 0 1 4 5 5
-6115.9 -3940.9 3.6 238 0 48.0 22.6 12.5 2.5 2 0 5 2 2
-487.7 -5094.0 0.1 334 0 82.2 37.8 10.0 0.0 0 0 4 3 3
-3676.8 -9685.9 11.2 56 0 42.0 89.7 10.0 0.0 0 1 4 3 3
-2436.9 -4402.0 13.7 300 0 47.7 101.0 10.0 0.0 0 1 4 1 1
-3745.7 -12687.7 -0.3 251 0 24.8 38.8 17.5 0.0 0 1 7 2 2
2259.0 2041.1 -27.9 324 0 18.0 98.6 10.0 0.0 0 1 4 4 4
-4721.4 -11269.2 6.7 28 0 14.7 57.7 7.5 2.5 2 1 3 3 3
-1876.3 -5341.1 -18.8 91 0 49.0 35.3 10.0 0.0 0 0 4 3 3
-2832.3 -5876.5 5.9 69 0 18.7 26.4 10.0 2.5 2 1 4 1 1
2637.1 918.7 -18.0 47 0 39.7 110.5 12.5 0.0 0 1 5 5 5
-1815.3 -8543.0 15.3 0 0 91.8 41.4 10.0 0.0 0 0 4 4 4
5320.7 3623.3 -27.9 344 0 120.9 243.9 10.0 0.0 0 1 4 5 5
-639.2 4244.3 -28.5 6 0 40.0 85.1 10.0 0.0 0 1 4 3 3
-1918.4 3023.3 -11.3 281 0 33.1 87.7 10.0 0.0 0 1 4 0 0
2905.2 3452.3 -22.0 92 0 49.7 65.6 10.0 0.0 0 1 4 4 4
1697.7 1360.8 -6.2 109 0 16.3 32.1 12.5 2.5 4 1 5 2 2
4558.9 211.8 -28.9 40 0 62.6 38.1 10.0 0.0 0 0 4 1 1
2977.8 3602.6 -24.1 272 0 21.9 72.9 10.0 2.5 2 1 4 5 5
4420.6 311.8 -28.8 41 0 42.2 142.2 7.5 0.0 0 1 3 0 0
2493.2 2129.9 -27.6 231 0 25.0 78.1 7.5 0.0 0 1 3 0 0
1951.3 6620.6 -29.6 205 0 26.2 8.3 5.0 2.5 2 0 2 2 2
601.0 2253.1 -19.7 2 0 20.9 42.4 10.0 2.5 2 1 4 1 1
2766.7 8204.7 -14.2 73 0 15.9 49.7 21.0 3.5 2 1 6 3 3
-2996.3 4742.4 -23.9 40 0 44.9 77.7 10.0 0.0 0 1 4 5 5
414.5 4331.7 -29.9 268 0 23.6 77.5 7.5 0.0 0 1 3 5 5
-2242.0 4111.8 -17.2 8 0 42.4 27.7 10.0 0.0 0 0 4 1 1
381.0 4332.1 -29.9 269 0 22.1 111.6 7.5 0.0 0 1 3 5 5
-2346.2 6002.0 -15.5 360 0 43.3 50.0 10.0 0.0 0 1 4 3 3
-2152.5 4564.3 -10.1 181 0 46.2 89.3 10.0 0.0 0 1 4 2 2
-2348.8 6057.6 -16.3 359 0 44.7 50.6 12.5 0.0 0 1 5 2 2
2530.1 1110.5 -14.2 225 0 22.3 50.6 10.0 2.5 2 1 4 0 0
625.9 3733.8 -29.5 219 0 68.9 20.5 10.0 2.5 2 0 4 0 0
484.6 3577.7 -29.3 226 0 26.0 57.6 10.0 2.5 2 1 4 0 0
2813.7 8219.0 -14.5 72 0 12.6 48.5 21.0 3.5 4 1 6 2 2
3855.4 4663.3 -19.3 347 0 22.3 99.3 14.0 0.0 0 1 4 3 3
4432.7 2663.9 -16.2 290 0 21.6 84.4 10.0 0.0 0 1 4 2 2
-858.3 4540.0 -23.5 131 0 17.7 39.4 10.0 2.5 2 1 4 2 2
4395.0 2678.1 -16.7 291 0 21.2 83.3 10.0 0.0 0 1 4 0 0
2736.3 2569.7 -26.7 324 0 81.2 41.0 10.0 0.0 0 0 4 1 1
2991.1 3482.6 -23.1 1 0 71.0 51.4 15.0 0.0 0 0 6 0 0
-1034.9 2701.0 -23.0 302 0 81.4 81.5 10.0 0.0 0 1 4 1 1
2463.7 2463.4 -25.5 239 0 56.5 18.5 7.5 2.5 2 0 3 3 3
2600.1 2134.6 -27.6 52 0 118.4 30.8 7.5 0.0 0 0 3 3 3
2309.3 1450.2 -20.5 62 0 36.1 91.9 10.0 0.0 0 1 4 4 4
1871.4 4344.7 -24.1 341 0 126.2 62.3 12.5 0.0 0 0 5 4 4
551.9 3948.1 -29.6 310 0 38.7 51.1 7.5 0.0 0 1 3 4 4
1976.1 6590.3 -29.0 113 0 7.3 32.7 7.5 2.5 2 1 3 3 3
3077.3 805.3 -24.5 51 0 76.5 89.8 15.0 0.0 0 1 6 0 0
454.6 2289.8 -20.3 186 0 67.7 22.5 5.0 2.5 2 0 2 0 0
-765.1 4621.1 -25.0 299 0 16.4 111.7 7.5 0.0 0 1 3 0 0
3001.2 3262.6 -21.6 1 0 43.9 75.6 10.0 0.0 0 1 4 2 2
1631.7 3849.3 -29.7 336 0 117.9 102.1 10.0 0.0 0 0 4 4 4
-2317.5 4251.2 -14.6 277 0 31.9 75.9 12.5 0.0 0 1 5 0 0
382.5 4636.0 -30.1 219 0 98.0 17.8 7.5 2.5 2 0 3 4 4
1399.6 3963.2 -29.7 247 0 108.8 116.4 7.5 0.0 0 1 3 4 4
-1955.9 2898.3 -13.0 191 0 64.8 50.0 15.0 0.0 0 0 6 2 2
-2447.1 6183.4 -19.0 113 0 27.9 14.4 7.5 2.5 2 0 3 3 3
1900.5 2490.1 -26.0 238 0 54.0 43.7 10.0 0.0 0 0 4 0 0
-1832.7 2962.1 -10.8 11 0 86.7 30.7 10.0 0.0 0 0 4 2 2
-2517.0 6019.9 -18.4 295 0 48.6 87.9 12.5 0.0 0 1 5 3 3
1913.8 2374.5 -27.1 58 0 24.6 47.9 7.5 0.0 0 1 3 3 3
1970.7 6628.6 -29.4 292 0 6.5 33.0 5.0 2.5 2 1 2 0 0
1993.3 6656.1 -29.0 294 0 6.4 24.3 7.5 2.5 4 1 3 5 5
-625.0 3919.0 -27.8 100 0 46.3 62.5 12.5 0.0 0 1 5 4 4
-594.7 4027.6 -28.2 280 0 60.3 41.0 10.0 0.0 0 0 4 1 1
3816.2 1030.5 -28.5 359 0 49.0 25.8 7.5 0.0 0 0 3 4 4
1759.6 1314.3 -10.5 191 0 15.1 37.7 10.0 2.5 2 1 4 4 4
4789.5 -196.7 -21.1 128 0 70.2 25.2 10.0 0.0 0 0 4 1 1
3729.2 1004.5 -28.8 219 0 28.3 34.4 12.5 0.0 0 1 5 5 5
4772.5 -125.8 -22.0 311 0 26.8 42.8 10.0 0.0 0 1 4 3 3
-2662.4 5761.0 -18.6 1 0 42.7 58.8 12.5 0.0 0 1 5 1 1
460.9 3559.0 -29.3 228 0 26.6 60.1 12.5 2.5 2 1 5 1 1
2833.7 8070.1 -16.0 267 0 14.1 106.7 21.0 3.5 2 1 6 2 2
-3260.1 4888.9 -18.9 194 0 34.6 103.8 12.5 0.0 0 1 5 2 2
2981.2 528.4 -17.4 329 0 70.8 27.8 12.5 0.0 0 0 5 2 2
-3115.7 4830.3 -20.0 103 0 87.0 35.4 10.0 0.0 0 0 4 3 3
3741.1 4591.4 -20.3 63 0 23.5 115.2 7.5 0.0 0 1 3 1 1
1856.1 1300.3 -11.8 2 0 35.3 10.5 12.5 2.5 2 0 5 0 0
751.0 3676.3 -29.4 307 0 25.0 64.8 7.5 0.0 0 1 3 1 1
720.5 3702.0 -29.5 307 0 39.8 69.0 7.5 0.0 0 1 3 3 3
2560.7 2187.5 -27.6 232 0 117.4 29.5 7.5 0.0 0 0 3 2 2
1905.0 2207.4 -22.7 127 0 14.7 26.4 7.5 2.5 2 1 3 3 3
2128.7 7626.4 -25.0 339 0 30.5 9.5 10.5 0.0 0 0 3 2 2
2171.6 7589.2 -25.6 337 0 41.3 14.6 17.5 3.5 2 0 5 3 3
1967.9 6593.5 -29.2 114 0 6.6 32.9 7.5 2.5 2 1 3 0 0
411.3 3510.5 -29.3 227 0 25.5 58.3 7.5 2.5 4 1 3 2 2
5149.7 3759.5 -23.5 253 0 242.2 88.8 10.0 0.0 0 0 4 2 2
423.8 3442.9 -29.3 46 0 25.3 58.1 7.5 2.5 2 1 3 1 1
-677.3 4321.4 -28.6 277 0 77.5 39.5 7.5 0.0 0 0 3 5 5
4824.7 3479.7 -27.4 162 0 124.9 245.6 10.0 0.0 0 1 4 5 5
1319.4 2651.1 -15.1 240 0 25.3 99.7 12.5 0.0 0 1 5 3 3
3108.1 6572.8 -17.8 323 0 93.7 48.5 14.0 0.0 0 0 4 4 4
-796.7 4273.4 -28.4 185 0 64.9 59.8 7.5 0.0 0 0 3 4 4
1343.6 2806.7 -23.6 240 0 54.2 85.1 10.0 0.0 0 1 4 1 1
3156.3 6612.4 -18.2 321 0 90.1 45.1 14.0 0.0 0 0 4 3 3
3210.0 4368.4 -33.0 1 0 152.7 42.6 10.0 0.0 0 0 4 0 0
2946.0 3603.8 -23.5 270 0 18.4 72.9 10.0 2.5 2 1 4 1 1
2420.9 3392.7 -12.7 67 0 112.5 60.5 10.0 0.0 0 0 4 2 2
-887.0 2923.7 -26.2 127 0 30.5 70.8 7.5 0.0 0 1 3 0 0
2961.2 3317.5 -20.7 269 0 82.1 25.0 10.0 0.0 0 0 4 3 3
2549.4 2015.8 -27.7 51 0 72.4 37.1 7.5 0.0 0 0 3 2 2
-856.0 2902.0 -26.2 128 0 28.3 69.8 10.0 0.0 0 1 4 4 4
2449.5 2012.5 -27.7 141 0 14.4 82.5 5.0 2.5 2 1 2 3 3
595.1 3647.9 -29.4 218 0 70.1 36.5 7.5 0.0 0 0 3 2 2
1743.1 3597.5 -29.5 337 0 121.8 111.0 10.0 0.0 0 0 4 3 3
-2298.7 4097.3 -18.4 97 0 32.5 61.2 10.0 0.0 0 1 4 2 2
442.7 4755.9 -30.3 37 0 29.2 47.1 7.5 0.0 0 1 3 3 3
1685.3 3723.0 -29.6 337 0 112.4 104.5 12.5 0.0 0 0 5 5 5
461.3 4702.7 -30.1 219 0 92.3 39.8 12.5 0.0 0 0 5 4 4
-2043.6 4220.4 -18.0 276 0 99.4 51.6 10.0 0.0 0 0 4 1 1
1805.8 1298.4 -10.7 98 0 12.1 36.3 10.0 2.5 2 1 4 2 2
-2408.9 6181.6 -17.9 203 0 22.0 69.5 12.5 2.5 2 1 5 2 2
-2103.7 4136.4 -19.3 185 0 48.3 98.6 12.5 0.0 0 1 5 4 4
1762.4 1355.1 -6.7 34 0 12.7 35.1 12.5 2.5 2 1 5 5 5
-2286.6 6185.4 -17.5 23 0 59.0 81.9 10.0 0.0 0 1 4 1 1
4674.0 -86.5 -24.8 39 0 41.6 30.1 10.0 0.0 0 0 4 3 3
372.8 3392.5 -29.0 48 0 26.2 69.3 10.0 0.0 0 1 4 2 2
398.2 3418.2 -29.2 49 0 26.3 60.0 7.5 2.5 2 1 3 1 1
-2954.7 4777.9 -22.4 42 0 43.6 100.1 12.5 0.0 0 1 5 3 3
4129.2 2322.4 -16.2 352 0 59.5 20.3 12.5 2.5 2 0 5 2 2
3948.3 2069.2 -22.4 353 0 61.8 36.1 12.5 0.0 0 0 5 2 2
686.2 3731.7 -29.5 309 0 36.9 69.5 15.0 0.0 0 1 6 5 5
532.8 3993.4 -29.6 330 0 45.8 65.5 7.5 0.0 0 1 3 5 5
3119.8 835.8 -24.7 51 0 20.8 91.6 10.0 0.0 0 1 4 5 5
510.3 3603.7 -29.4 227 0 24.6 58.7 7.5 0.0 0 1 3 3 3
2788.2 8208.8 -14.4 75 0 16.1 49.7 21.0 3.5 2 1 6 4 4
3143.0 856.2 -24.9 50 0 20.2 91.1 12.5 0.0 0 1 5 1 1
457.3 3831.0 -29.5 115 0 40.3 84.9 7.5 0.0 0 1 3 2 2
1335.1 3799.0 -29.6 158 0 254.7 50.3 10.0 0.0 0 0 4 3 3
-1879.3 3013.0 -11.0 281 0 31.6 82.7 12.5 0.0 0 1 5 2 2
1684.3 1442.2 -1.1 311 0 21.3 7.5 5.0 2.5 2 0 2 3 3
-2612.9 6002.1 -19.6 207 0 72.2 43.4 12.5 0.0 0 0 5 2 2
1859.3 2461.7 -26.7 237 0 25.1 41.9 5.0 0.0 0 1 2 0 0
1975.4 6581.7 -29.6 22 0 6.7 31.7 7.5 2.5 2 1 3 4 4
2854.0 2277.3 -27.3 320 0 28.8 76.1 7.5 0.0 0 1 3 1 1
1732.8 1406.7 -3.5 297 0 26.1 10.5 12.5 0.0 0 0 5 4 4
2084.8 7667.5 -24.5 335 0 47.4 11.1 17.5 3.5 2 0 5 4 4
2007.0 6655.9 -28.8 293 0 7.3 31.5 7.5 2.5 2 1 3 1 1
3838.1 4615.4 -19.7 353 0 22.2 85.0 12.5 0.0 0 1 5 5 5
2260.8 1604.6 -15.2 234 0 40.5 48.6 12.5 0.0 0 1 5 4 4
1996.8 6600.8 -28.8 24 0 34.0 7.0 7.5 2.5 2 0 3 0 0
-693.2 3974.6 -26.6 191 0 49.3 42.4 12.5 0.0 0 0 5 5 5
1437.9 3546.3 -29.5 157 0 255.9 53.1 10.0 0.0 0 0 4 3 3
1915.6 2068.1 -22.9 33 0 14.3 8.6 5.0 0.0 0 0 2 5 5
-711.0 4147.8 -28.3 95 0 47.6 74.5 15.0 0.0 0 1 6 1 1
503.5 2319.9 -20.1 274 0 34.0 51.0 12.5 0.0 0 1 5 3 3
-822.0 4592.1 -23.9 222 0 39.0 15.2 10.0 2.5 2 0 4 2 2
-2334.8 4113.8 -18.6 99 0 31.5 47.3 10.0 0.0 0 1 4 5 5
1476.5 3634.7 -29.5 157 0 120.9 105.4 7.5 0.0 0 0 3 0 0
-2354.1 4254.4 -17.8 277 0 21.5 111.4 12.5 0.0 0 1 5 3 3
487.0 4763.6 -30.2 220 0 22.8 57.8 10.0 2.5 2 1 4 5 5
-2406.8 6218.5 -18.4 202 0 27.5 27.6 7.5 0.0 0 1 3 3 3
1945.3 2806.8 -20.6 154 0 33.3 155.6 15.0 0.0 0 1 6 1 1
-2663.3 5649.0 -18.0 0 0 75.5 75.1 12.5 0.0 0 0 5 5 5
-2663.3 5713.7 -18.0 0 0 46.6 58.6 10.0 0.0 0 1 4 2 2
1858.8 1368.2 -11.4 284 0 16.0 35.0 10.0 2.5 2 1 4 1 1
-2279.9 4245.0 -15.1 278 0 34.2 75.9 12.5 0.0 0 1 5 2 2
4003.8 1041.0 -28.5 270 0 19.3 44.8 7.5 2.5 2 1 3 5 5
1823.5 1287.2 -11.5 98 0 14.6 42.2 12.5 2.5 2 1 5 1 1
4951.2 -214.0 -20.6 39 0 156.5 47.5 10.0 0.0 0 0 4 5 5
2184.0 7590.9 -25.8 337 0 65.7 10.2 17.5 3.5 4 0 5 3 3
-3238.0 4803.3 -21.1 103 0 91.3 41.8 10.0 0.0 0 0 4 3 3
4789.2 3606.8 -24.8 163 0 78.5 243.1 7.5 0.0 0 1 3 0 0
2941.3 672.9 -17.3 49 0 82.0 99.9 10.0 0.0 0 1 4 3 3
-759.2 4151.6 -28.1 95 0 24.8 70.9 7.5 0.0 0 1 3 4 4
1525.8 3508.4 -29.5 158 0 118.1 108.1 5.0 0.0 0 0 2 3 3
1243.9 3583.5 -29.4 260 0 61.3 104.9 10.0 0.0 0 1 4 4 4
1172.9 3569.8 -29.4 259 0 57.8 102.6 7.5 0.0 0 1 3 3 3
2346.0 3496.3 -11.8 243 0 62.6 49.0 10.0 0.0 0 0 4 4 4
-2498.4 5705.5 -14.9 0 0 23.9 71.7 12.5 0.0 0 1 5 4 4
1699.1 3380.0 -29.4 67 0 237.1 101.1 12.5 0.0 0 0 5 5 5
1884.5 2357.9 -27.2 56 0 25.8 101.1 7.5 0.0 0 1 3 3 3
-981.9 3238.0 -10.2 18 0 60.1 140.8 10.0 0.0 0 1 4 4 4
619.5 3575.6 -29.4 128 0 33.8 75.9 7.5 0.0 0 1 3 0 0
1956.6 2247.0 -26.0 242 0 20.7 14.1 17.5 0.0 0 0 7 2 2
594.9 3921.9 -29.6 309 0 38.0 57.6 7.5 0.0 0 1 3 5 5
2108.3 7605.9 -25.5 337 0 54.1 11.1 17.5 3.5 4 0 5 4 4
434.2 3530.9 -29.3 226 0 25.2 57.7 10.0 0.0 0 1 4 4 4
461.0 4331.4 -29.9 270 0 63.5 42.3 10.0 0.0 0 0 4 5 5
4097.4 5304.8 -24.5 69 0 90.0 109.8 17.5 0.0 0 1 5 0 0
2171.3 7647.1 -24.6 339 0 27.1 26.4 17.5 0.0 0 0 5 0 0
2677.4 2461.7 -27.3 53 0 37.3 47.3 17.5 0.0 0 1 7 1 1
6553.7 10407.1 -23.3 270 0 298.9 541.8 10.0 0.0 0 1 4 5 5
-4497.8 -2283.4 -4.6 135 0 30.4 60.4 12.5 0.0 0 1 5 5 5
-4489.3 -2234.6 -4.2 135 0 12.9 21.0 10.0 2.5 2 1 4 2 2
-4517.9 -2262.6 -4.2 135 0 11.2 34.6 12.5 2.5 2 1 5 1 1
-4532.9 -2252.8 -4.1 135 0 20.6 15.9 10.0 2.5 2 0 4 5 5
-4552.2 -2230.1 -3.8 135 0 30.3 59.7 7.5 0.0 0 1 3 4 4
-4450.9 -2126.1 -3.8 317 0 31.4 59.6 10.0 0.0 0 1 4 0 0
-4447.4 -2190.4 -4.1 317 0 11.8 18.9 5.0 2.5 2 1 2 4 4
-4417.4 -2159.3 -4.1 317 0 12.6 34.0 10.0 2.5 2 1 4 5 5
-4394.7 -2180.7 -4.5 317 0 32.2 60.5 7.5 0.0 0 1 3 5 5
-4389.3 -2246.0 -4.9 45 0 31.6 11.6 7.5 2.5 4 0 3 5 5
-4423.4 -2276.9 -4.9 316 0 12.8 11.5 10.0 2.5 2 0 4 3 3
-4461.2 -2314.8 -4.9 135 0 12.0 29.8 10.0 2.5 2 1 4 2 2
2740.4 11613.8 -16.4 232 0 46.0 182.5 10.0 0.0 0 1 4 3 3
6870.2 10042.1 -30.6 269 0 18.5 55.7 10.0 2.5 2 1 4 0 0
6812.8 10045.1 -25.8 272 0 14.5 55.3 10.0 2.5 4 1 4 0 0
6913.6 10012.6 -32.3 360 0 52.5 19.4 10.0 2.5 4 0 4 0 0
