-4055.8 -2947.8 -40.6 172 0 239.4 80.9 7.5 0.0 0 0 3 4 4
-118.6 -7528.2 -29.3 19 0 16.6 60.0 10.0 2.5 2 1 4 2 2
-4860.6 -3939.4 -11.5 275 0 58.1 17.0 10.0 2.5 2 0 4 0 0
-2366.8 4906.1 -24.0 125 0 116.7 236.2 12.5 0.0 0 1 5 2 2
-2249.8 4825.8 -23.5 125 0 116.6 237.3 12.5 0.0 0 1 5 4 4
1534.9 -2867.4 -34.3 77 0 50.4 32.8 10.0 0.0 0 0 4 1 1
6651.6 4500.1 -11.7 180 0 10.6 100.9 10.0 2.5 4 1 4 3 3
6615.5 4081.2 -15.7 254 0 27.7 26.5 12.5 0.0 0 0 5 4 4
6653.7 4452.3 -18.4 180 0 76.9 87.8 12.5 0.0 0 1 5 4 4
6919.2 4418.1 -19.6 272 0 23.9 72.1 10.0 0.0 0 1 4 4 4
6595.2 4158.0 -13.3 345 0 114.7 23.0 12.5 0.0 0 0 5 5 5
6626.8 4772.0 -2.7 269 0 42.9 77.9 7.5 0.0 0 1 3 5 5
6652.9 4598.7 -6.0 180 0 38.8 76.5 12.5 0.0 0 1 5 4 4
6534.5 4929.8 -1.9 180 0 109.8 12.4 12.5 2.5 2 0 5 0 0
6541.7 4525.1 -17.9 181 0 47.8 83.5 10.0 0.0 0 1 4 4 4
6911.3 4269.0 -21.5 1 0 44.5 20.1 10.0 2.5 2 0 4 5 5
6761.2 4622.4 0.8 272 0 40.6 8.5 7.5 2.5 2 0 3 5 5
6718.9 4381.1 -20.5 89 0 67.5 19.1 12.5 2.5 2 0 5 2 2
6868.9 4263.5 -22.2 180 0 68.6 11.3 12.5 2.5 2 0 5 0 0
6651.9 4403.1 -18.5 181 0 14.1 29.5 15.0 0.0 0 1 6 1 1
6652.9 4534.7 -10.4 179 0 48.7 93.1 10.0 0.0 0 1 4 2 2
6585.8 4025.0 -7.9 165 0 24.4 59.2 10.0 2.5 2 1 4 5 5
6849.5 4539.0 -17.2 1 0 138.9 33.9 12.5 0.0 0 0 5 2 2
6773.0 4395.2 -19.5 91 0 39.0 171.1 17.5 0.0 0 1 7 2 2
418.5 -334.7 -30.7 343 0 20.4 52.9 10.0 0.0 0 1 4 2 2
-2917.9 -2638.5 -40.2 233 0 43.0 31.1 12.5 0.0 0 0 5 0 0
-3602.8 1241.4 -36.5 218 0 18.6 57.5 12.5 2.5 2 1 5 1 1
-3615.8 1223.4 -36.8 217 0 15.9 55.8 10.0 2.5 4 1 4 1 1
-3109.4 -1667.1 -44.1 2 0 5.6 32.2 5.0 2.5 2 1 2 4 4
-3504.3 1130.1 -37.4 37 0 28.6 58.6 10.0 0.0 0 1 4 5 5
-3107.9 -1638.8 -45.0 2 0 6.3 33.1 5.0 2.5 4 1 2 3 3
-3120.2 -1618.3 -45.4 273 0 24.6 5.5 5.0 2.5 2 0 2 0 0
-622.4 -2478.9 -34.8 111 0 35.4 13.1 10.0 2.5 2 0 4 1 1
-1108.8 -2253.6 -38.7 0 0 21.0 52.8 10.0 2.5 2 1 4 5 5
-3468.9 1697.2 -29.5 225 0 28.4 12.4 7.5 2.5 2 0 3 5 5
-3451.3 1680.7 -30.0 222 0 27.4 11.3 10.0 2.5 2 0 4 0 0
-3780.7 -1076.0 -38.7 356 0 58.3 17.1 12.5 2.5 2 0 5 0 0
-3107.1 -1647.8 -44.8 1 0 7.7 33.8 7.5 2.5 2 1 3 5 5
-3108.9 -1657.3 -44.4 1 0 5.2 32.1 2.5 0.0 0 1 1 4 4
-3787.6 784.6 -41.6 36 0 53.9 51.5 10.0 0.0 0 0 4 1 1
-3807.7 533.7 -44.5 183 0 8.0 23.1 2.5 0.0 0 1 1 3 3
-3780.9 449.7 -45.6 183 0 8.0 23.1 5.0 2.5 2 1 2 3 3
-3809.0 506.0 -44.9 183 0 8.0 23.1 7.5 2.5 2 1 3 3 3
-3815.0 424.0 -45.9 183 0 8.0 23.1 7.5 2.5 2 1 3 2 2
-3811.2 476.9 -45.4 183 0 8.0 23.1 5.0 0.0 0 1 2 1 1
-3778.7 477.5 -45.1 183 0 8.0 23.1 7.5 2.5 2 1 3 2 2
-3776.4 503.6 -44.7 183 0 8.0 23.1 5.0 2.5 2 1 2 2 2
-3765.9 518.6 -44.3 93 0 16.3 14.8 2.5 2.5 2 0 1 5 5
-3813.3 450.9 -45.7 183 0 8.0 23.1 5.0 2.5 2 1 2 2 2
-3794.5 575.5 -43.8 274 0 17.4 13.7 5.0 2.5 4 0 2 4 4
-3727.8 408.0 -45.7 93 0 6.9 13.8 2.5 2.5 2 1 1 4 4
-3726.1 435.7 -45.3 93 0 6.9 13.8 5.0 0.0 0 1 2 0 0
-3744.6 408.2 -45.8 93 0 16.3 14.8 7.5 2.5 2 0 3 0 0
-3738.7 490.8 -44.7 93 0 16.3 14.8 2.5 2.5 2 0 1 1 1
-3743.0 436.4 -45.4 93 0 16.3 14.8 5.0 2.5 4 0 2 1 1
-3740.8 464.4 -45.0 93 0 16.3 14.8 2.5 2.5 2 0 1 4 4
-3782.0 422.0 -45.9 183 0 8.0 23.1 7.5 2.5 2 1 3 0 0
-5292.7 12755.9 -5.1 264 0 47.7 141.5 10.0 0.0 0 1 4 5 5
-4957.9 12325.8 -4.1 113 0 98.7 31.4 12.5 0.0 0 0 5 0 0
-5360.8 12409.3 4.3 83 0 59.7 100.5 12.5 0.0 0 1 5 2 2
-5364.7 12012.9 8.9 274 0 22.7 66.2 10.0 2.5 2 1 4 3 3
-5414.9 11888.4 10.1 95 0 24.0 94.0 12.5 0.0 0 1 5 5 5
-5171.1 12568.7 -3.4 354 0 58.0 234.4 10.0 0.0 0 1 4 3 3
-5176.4 12482.1 -1.2 353 0 97.4 40.9 15.0 0.0 0 0 6 3 3
-2499.5 12713.6 -21.5 218 0 54.0 56.4 15.0 0.0 0 1 6 4 4
-2737.1 12390.4 -11.3 44 0 30.5 61.2 12.5 0.0 0 1 5 3 3
-5452.8 11887.4 10.9 95 0 24.7 85.3 12.5 0.0 0 1 5 3 3
-1924.5 9556.1 8.4 76 0 25.1 60.0 12.5 2.5 2 1 5 2 2
-5370.0 12275.2 8.4 83 0 51.1 94.1 17.5 0.0 0 1 7 1 1
-1888.9 9566.2 8.9 77 0 30.5 57.3 12.5 0.0 0 1 5 4 4
-5585.4 10802.1 31.0 342 0 63.7 32.1 10.0 0.0 0 0 4 0 0
-5484.2 11985.8 11.5 275 0 36.2 59.5 10.0 0.0 0 1 4 2 2
-1466.6 9622.9 -5.6 186 0 128.2 72.9 10.0 0.0 0 0 4 3 3
-5254.7 12285.7 4.4 83 0 37.8 119.2 10.0 0.0 0 1 4 0 0
-2365.9 12647.8 -21.8 38 0 23.0 34.3 10.0 0.0 0 1 4 2 2
-5509.6 11908.6 11.6 186 0 29.4 36.9 10.0 0.0 0 1 4 5 5
-2618.0 12855.5 -21.9 49 0 76.5 124.4 12.5 0.0 0 1 5 5 5
-2718.4 12458.2 -13.8 311 0 59.9 31.4 15.0 0.0 0 0 6 4 4
-5740.1 10737.2 33.1 343 0 30.7 174.8 10.0 0.0 0 1 4 3 3
-2768.2 12825.7 -20.7 139 0 89.1 74.1 7.5 0.0 0 0 3 4 4
-5236.4 12755.8 -6.7 263 0 42.1 139.0 10.0 0.0 0 1 4 5 5
-1981.5 9605.6 7.6 255 0 47.4 62.2 12.5 0.0 0 1 5 2 2
-5225.2 12475.2 0.4 353 0 103.4 41.5 15.0 0.0 0 0 6 0 0
-4885.6 10559.6 19.0 87 0 25.4 14.2 12.5 2.5 4 0 5 1 1
-5307.8 12280.7 5.9 83 0 50.8 119.8 15.0 0.0 0 1 6 3 3
-5354.8 12743.7 -2.7 264 0 41.4 145.5 12.5 0.0 0 1 5 4 4
-5275.4 12470.8 2.0 353 0 103.4 48.1 12.5 0.0 0 0 5 0 0
-2540.5 12656.9 -21.0 218 0 55.2 140.9 7.5 0.0 0 1 3 0 0
490.8 -789.4 -39.1 162 0 30.8 89.9 10.0 0.0 0 1 4 1 1
-1800.2 -1999.1 -39.5 147 0 15.5 16.1 5.0 2.5 2 1 2 2 2
60.7 -1892.0 -29.9 85 0 32.1 79.6 5.0 0.0 0 1 2 1 1
-1275.2 -3168.9 -31.3 67 0 14.8 34.4 10.0 2.5 2 1 4 1 1
-900.4 -3474.7 -32.7 251 0 15.5 40.4 10.0 2.5 4 1 4 2 2
-779.3 -4151.1 -31.7 69 0 13.0 38.7 12.5 2.5 2 1 5 2 2
-1963.4 -2620.9 -37.1 337 0 9.0 17.4 7.5 2.5 2 1 3 2 2
-1070.9 -4881.5 -30.7 308 0 23.1 16.5 7.5 2.5 2 0 3 0 0
-546.3 -4300.1 -26.3 339 0 30.1 20.3 7.5 0.0 0 0 3 0 0
-1053.9 -4711.7 -35.2 154 0 17.7 14.9 12.5 2.5 2 0 5 3 3
2227.6 -3142.6 -32.9 173 0 26.8 16.9 10.0 2.5 2 0 4 5 5
-1667.3 -3923.4 -38.7 340 0 28.3 60.3 10.0 0.0 0 1 4 3 3
-717.4 -3842.6 -32.7 161 0 25.7 9.5 5.0 2.5 2 0 2 1 1
-588.5 -5266.6 -28.5 70 0 9.7 37.8 7.5 2.5 2 1 3 1 1
-1535.4 -1911.8 -39.6 251 0 20.5 60.0 7.5 2.5 2 1 3 3 3
96.1 -726.6 -39.7 70 0 23.5 60.0 10.0 2.5 2 1 4 4 4
1728.7 -1647.8 -23.3 225 0 15.1 30.6 10.0 2.5 2 1 4 5 5
-1202.9 -1644.5 -42.1 161 0 94.7 101.8 7.5 0.0 0 1 3 1 1
-798.2 -4080.7 -32.7 338 0 35.3 12.5 10.0 2.5 2 0 4 4 4
-923.3 -3453.6 -36.6 69 0 14.6 91.2 10.0 2.5 2 1 4 4 4
1430.4 -1413.0 -28.9 319 0 78.4 38.4 12.5 0.0 0 0 5 5 5
-650.2 -5287.7 -30.3 74 0 8.7 34.1 7.5 2.5 2 1 3 2 2
-1932.6 -2696.5 -37.2 339 0 21.4 12.8 10.0 2.5 2 0 4 0 0
-838.6 -4095.8 -32.9 158 0 37.5 14.5 10.0 2.5 2 0 4 3 3
-1728.5 -3866.3 -37.0 70 0 21.6 99.5 12.5 0.0 0 1 5 5 5
-613.5 -4141.8 -29.6 249 0 22.9 95.6 12.5 0.0 0 1 5 0 0
-1767.5 -1977.7 -39.6 327 0 14.4 20.5 7.5 2.5 2 1 3 3 3
-719.3 -3870.2 -32.6 159 0 14.9 9.4 5.0 2.5 2 0 2 0 0
-951.9 -3540.1 -32.4 160 0 89.7 29.5 10.0 0.0 0 0 4 3 3
-1039.1 -4939.0 -29.5 30 0 16.8 14.1 7.5 2.5 2 0 3 0 0
-866.0 -4056.7 -33.7 70 0 19.0 87.3 7.5 0.0 0 1 3 2 2
-518.0 -4430.9 -25.5 70 0 38.7 101.4 12.5 0.0 0 1 5 4 4
77.8 -614.1 -41.0 151 0 53.8 17.6 10.0 2.5 2 0 4 3 3
-1068.3 -4763.7 -34.0 145 0 17.6 13.2 5.0 0.0 0 0 2 4 4
1664.9 -2130.2 -36.8 227 0 20.2 106.5 10.0 0.0 0 1 4 3 3
2260.1 -2970.9 -33.4 354 0 59.5 48.7 7.5 0.0 0 0 3 5 5
407.2 -1011.0 -37.3 161 0 53.8 62.0 12.5 0.0 0 1 5 5 5
-672.5 -5277.2 -30.7 161 0 33.1 7.3 7.5 2.5 2 0 3 3 3
-632.8 -5222.0 -28.6 250 0 58.4 9.1 7.5 0.0 0 0 3 2 2
-1579.8 -1919.6 -39.6 252 0 15.6 67.4 7.5 0.0 0 1 3 0 0
97.4 -757.9 -38.3 251 0 31.9 62.5 10.0 0.0 0 1 4 3 3
-1085.4 -1551.9 -41.5 252 0 41.3 35.1 10.0 0.0 0 0 4 0 0
-1348.8 -3163.7 -32.2 154 0 16.3 40.8 12.5 2.5 2 1 5 2 2
-809.9 -4159.5 -31.9 72 0 13.1 38.1 5.0 0.0 0 1 2 1 1
-706.3 -3889.8 -32.5 69 0 9.4 14.9 2.5 2.5 2 1 1 4 4
-1110.7 -3252.8 -35.9 244 0 30.7 24.4 7.5 0.0 0 0 3 3 3
-833.4 -4000.7 -33.4 339 0 88.9 19.9 7.5 0.0 0 0 3 5 5
-1939.4 -2676.6 -37.1 339 0 18.3 13.7 5.0 2.5 2 0 2 2 2
-817.3 -4401.2 -27.4 160 0 47.4 42.9 10.0 0.0 0 0 4 0 0
-1508.1 -4270.3 -37.0 70 0 32.8 88.0 10.0 0.0 0 1 4 3 3
-1080.8 -4743.6 -34.8 151 0 15.3 14.2 10.0 2.5 2 0 4 0 0
-1698.4 -3850.5 -35.8 71 0 19.5 74.4 10.0 2.5 4 1 4 1 1
-551.2 -4225.3 -27.9 70 0 27.8 20.5 10.0 0.0 0 0 4 3 3
-1240.7 -4300.7 -28.3 330 0 17.7 37.7 12.5 2.5 2 1 5 4 4
2208.7 -3044.0 -33.5 352 0 25.3 10.7 10.0 2.5 2 0 4 3 3
-1842.1 -1916.7 -39.5 63 0 38.1 94.6 10.0 0.0 0 1 4 4 4
640.1 -712.2 -38.8 344 0 48.2 19.3 12.5 0.0 0 0 5 0 0
-696.1 -3885.9 -32.5 69 0 9.4 14.9 2.5 2.5 2 1 1 3 3
-1598.7 -2032.4 -39.5 70 0 37.8 29.8 7.5 0.0 0 0 3 2 2
118.1 -1280.5 -29.9 76 0 11.0 60.0 15.0 2.5 2 1 6 5 5
-1042.8 -4910.6 -29.0 216 0 14.2 15.8 7.5 2.5 2 1 3 2 2
96.5 -604.0 -40.8 150 0 52.3 19.4 10.0 2.5 2 0 4 1 1
1692.9 -2114.4 -37.7 228 0 24.1 101.2 7.5 0.0 0 1 3 2 2
2237.4 -2899.0 -33.2 260 0 28.5 29.5 7.5 0.0 0 1 3 1 1
-799.8 -5115.6 -27.7 251 0 25.3 49.1 12.5 0.0 0 1 5 0 0
-1900.8 -1886.4 -39.5 154 0 84.2 17.2 7.5 2.5 2 0 3 4 4
-955.5 -1605.0 -40.9 342 0 31.5 82.4 12.5 0.0 0 1 5 5 5
-870.5 -4184.8 -32.0 71 0 22.5 38.8 7.5 0.0 0 1 3 0 0
-1445.5 -3048.6 -39.0 337 0 80.8 30.6 12.5 0.0 0 0 5 4 4
-838.4 -4171.0 -31.9 70 0 11.9 36.2 7.5 2.5 2 1 3 4 4
-1115.0 -3317.7 -34.7 63 0 18.8 31.0 7.5 2.5 2 1 3 1 1
-866.5 -3901.5 -33.7 341 0 87.2 77.6 12.5 0.0 0 0 5 2 2
-1949.0 -2656.6 -37.1 337 0 19.1 14.9 12.5 2.5 2 0 5 2 2
-1453.6 -4247.2 -35.2 70 0 33.4 85.3 12.5 0.0 0 1 5 5 5
-1112.0 -4874.0 -32.1 54 0 15.4 17.1 10.0 2.5 4 1 4 5 5
-1964.0 -4263.0 -30.7 160 0 84.5 24.4 7.5 0.0 0 0 3 1 1
-563.5 -4121.3 -29.5 249 0 18.2 101.4 12.5 0.0 0 1 5 1 1
-1188.7 -4303.2 -27.0 12 0 15.2 31.5 10.0 0.0 0 1 4 0 0
2213.8 -3072.2 -33.4 351 0 23.9 12.2 10.0 2.5 2 0 4 1 1
668.7 -702.6 -38.7 343 0 50.7 22.5 10.0 0.0 0 0 4 2 2
145.7 -1271.6 -30.2 74 0 17.2 58.9 10.0 2.5 2 1 4 1 1
-1005.7 -1583.6 -41.4 342 0 32.0 41.5 10.0 0.0 0 1 4 1 1
58.7 -625.3 -40.9 150 0 51.8 16.2 10.0 2.5 2 0 4 4 4
1739.6 -2121.6 -39.4 139 0 41.2 38.7 10.0 0.0 0 0 4 1 1
216.0 -1490.6 -25.3 174 0 14.5 18.6 10.0 2.5 2 1 4 5 5
-1145.8 -3270.0 -34.6 244 0 32.2 23.4 17.5 0.0 0 0 7 0 0
-822.6 -3530.6 -32.9 70 0 31.6 69.7 12.5 0.0 0 1 5 1 1
-769.4 -4735.6 -26.6 250 0 21.6 129.2 10.0 0.0 0 1 4 5 5
-1957.2 -2635.5 -37.1 336 0 19.3 14.1 10.0 2.5 2 0 4 3 3
-552.3 -5212.5 -24.2 343 0 10.0 30.9 12.5 2.5 2 1 5 3 3
-1995.2 -4161.3 -31.9 162 0 75.6 18.1 10.0 0.0 0 0 4 4 4
-596.2 -4317.9 -26.4 159 0 31.1 29.0 7.5 0.0 0 0 3 4 4
-1063.5 -4686.8 -36.1 163 0 18.8 13.4 12.5 2.5 2 0 5 3 3
-1916.0 -1762.5 -41.7 205 0 76.4 29.5 12.5 0.0 0 0 5 5 5
692.3 -694.3 -38.6 342 0 48.1 17.7 10.0 0.0 0 0 4 4 4
-1713.9 -3882.1 -38.3 251 0 61.7 20.8 12.5 2.5 2 0 5 5 5
-728.2 -3846.3 -32.8 161 0 25.8 10.2 10.0 2.5 2 0 4 5 5
-1755.9 -2042.5 -39.5 64 0 38.6 29.0 10.0 0.0 0 0 4 4 4
-557.8 -5197.8 -23.3 340 0 10.5 31.1 7.5 2.5 2 1 3 2 2
13.9 -565.7 -40.8 153 0 62.1 49.3 12.5 0.0 0 0 5 5 5
-1094.3 -4857.7 -32.1 58 0 18.3 15.8 15.0 0.0 0 0 6 2 2
1763.2 -1702.0 -26.2 48 0 78.2 18.2 12.5 0.0 0 0 5 1 1
2212.3 -3112.6 -33.3 83 0 10.8 23.2 12.5 2.5 2 1 5 3 3
-635.7 -5282.8 -29.5 71 0 9.2 33.7 7.5 2.5 2 1 3 0 0
-848.7 -3575.2 -31.2 250 0 64.7 43.1 10.0 0.0 0 0 4 3 3
-2707.7 -5280.5 -33.0 72 0 89.2 55.9 10.0 0.0 0 0 4 3 3
-2938.3 -5134.5 -32.8 72 0 178.6 115.3 17.5 0.0 0 0 7 5 5
-2809.8 -5225.2 -32.9 72 0 108.9 101.3 10.0 0.0 0 0 4 2 2
-2940.6 -5266.2 -34.5 72 0 110.0 100.0 10.0 0.0 0 0 4 2 2
-2740.2 -5069.2 -29.8 72 0 180.2 116.1 12.5 0.0 0 0 5 4 4
-2677.9 -5180.8 -31.3 71 0 109.4 100.9 12.5 0.0 0 0 5 0 0
1554.8 -2735.0 -34.3 255 0 21.1 60.7 10.0 2.5 2 1 4 2 2
4041.4 -976.7 -38.6 172 0 43.0 58.9 10.0 0.0 0 1 4 4 4
3756.7 -1805.7 -39.2 359 0 134.1 215.3 10.0 0.0 0 1 4 0 0
3465.8 -1811.1 -38.7 179 0 104.3 61.1 12.5 0.0 0 0 5 2 2
-2045.1 -3961.7 -37.0 160 0 31.9 77.5 7.5 0.0 0 1 3 3 3
-1887.7 -3901.6 -38.6 341 0 31.7 68.3 10.0 0.0 0 1 4 3 3
-1931.6 -3777.2 -39.0 340 0 60.6 173.2 12.5 0.0 0 0 5 0 0
-1903.9 -3730.3 -38.4 161 0 47.3 183.1 10.0 0.0 0 1 4 0 0
-2074.5 -3892.2 -38.8 160 0 59.0 79.0 10.0 0.0 0 0 4 2 2
-2056.6 -3929.5 -37.3 160 0 23.1 59.6 12.5 2.5 2 0 5 2 2
-5082.4 4977.4 -15.5 16 0 30.4 49.4 10.0 0.0 0 1 4 0 0
-5248.0 -3841.3 -7.6 336 0 34.0 34.3 10.0 0.0 0 1 4 5 5
-5327.3 -3747.9 -1.0 158 0 37.8 34.4 7.5 0.0 0 0 3 0 0
-6313.7 -4193.4 -26.7 255 0 10.3 27.2 15.0 0.0 0 1 6 4 4
4446.6 -8154.7 -27.2 216 0 9.6 20.4 2.5 2.5 2 1 1 4 4
1665.1 -23.6 -29.1 347 0 37.2 30.1 10.0 0.0 0 0 4 4 4
1673.9 70.2 -24.7 255 0 25.8 20.3 10.0 2.5 2 0 4 3 3
2016.7 179.9 -26.4 342 0 36.8 29.5 10.0 0.0 0 0 4 3 3
2024.2 80.1 -21.8 67 0 30.0 20.4 10.0 0.0 0 0 4 4 4
