-6446.7 -12214.7 -3.4 352 0 66.5 16.4 5.0 2.5 2 0 2 0 0
589.9 -11929.5 -13.5 290 0 18.5 44.1 10.0 2.5 2 1 4 4 4
-1102.3 -6036.4 -7.6 101 0 16.0 26.7 10.0 0.0 0 1 4 1 1
-1217.8 -6037.3 -6.3 101 0 5.3 8.8 5.0 0.0 0 1 2 1 1
-1219.1 -6023.6 -6.6 101 0 7.3 12.3 7.5 0.0 0 1 3 5 5
-1140.7 -6036.8 -6.2 101 0 16.0 26.7 12.5 0.0 0 1 5 3 3
-1182.8 -6037.4 -5.6 101 0 5.3 8.8 7.5 0.0 0 1 3 4 4
-1157.5 -5955.5 -8.6 259 0 15.6 26.2 15.0 0.0 0 1 6 1 1
-1232.3 -5955.8 -8.0 259 0 15.6 26.2 10.0 0.0 0 1 4 2 2
-1066.8 -6033.1 -8.7 101 0 11.8 19.8 12.5 0.0 0 1 5 4 4
-1115.8 -5955.4 -10.0 281 0 15.6 26.2 10.0 0.0 0 1 4 4 4
-1200.7 -6037.3 -6.0 101 0 5.3 8.8 5.0 0.0 0 1 2 3 3
-1190.6 -5955.7 -7.4 281 0 15.6 26.2 10.0 0.0 0 1 4 1 1
-1011.9 -6040.8 -10.1 91 0 25.2 11.4 15.0 0.0 0 0 6 4 4
-1267.3 -6057.2 -6.7 91 0 12.2 7.3 5.0 2.5 2 0 2 5 5
-1132.0 -6320.2 -14.7 180 0 120.7 61.6 10.0 0.0 0 0 4 5 5
-1400.5 -6105.5 -8.6 270 0 14.1 20.5 7.5 2.5 2 1 3 1 1
4538.5 12598.9 -19.6 181 0 41.0 27.4 10.0 0.0 0 0 4 5 5
-1592.5 12787.1 -4.5 112 0 19.2 40.5 55.0 2.5 2 1 22 2 2
-1568.1 12840.6 -6.5 205 0 16.1 38.4 55.0 2.5 2 1 22 3 3
