1878.1 -9122.1 -4.7 180 0 12.7 7.4 7.5 2.5 2 0 3 5 5
1951.6 -9144.6 -0.5 337 0 29.0 13.4 7.5 2.5 2 0 3 3 3
1788.8 -8901.9 -8.1 73 0 23.3 36.4 12.5 0.0 0 1 5 1 1
495.5 -7184.3 -71.9 109 0 13.9 26.2 12.5 2.5 2 1 5 2 2
490.5 -7100.5 -57.0 293 0 6.5 12.3 5.0 2.5 2 1 2 1 1
125.7 -6890.7 56.0 359 0 23.0 11.2 12.5 2.5 2 0 5 1 1
68.5 -6563.4 58.9 167 0 29.0 9.4 7.5 2.5 2 0 3 5 5
86.5 -6617.7 64.4 82 0 8.2 24.8 5.0 2.5 2 1 2 4 4
666.7 -6920.9 9.9 167 0 6.3 6.9 5.0 2.5 2 1 2 4 4
44.5 -6553.1 54.8 303 0 14.5 36.3 10.0 2.5 2 1 4 2 2
811.9 -7035.0 35.6 209 0 15.7 10.5 5.0 2.5 2 0 2 5 5
