-6401.5 -753.4 -21.5 327 0 15.6 88.2 14.0 3.5 2 0 4 3 3
-6427.1 -795.8 -22.1 59 0 88.4 14.4 14.0 3.5 2 0 4 0 0
-6464.2 -751.1 -20.4 240 0 74.7 12.7 10.5 3.5 2 0 3 1 1
-6466.6 -833.9 -22.4 329 0 13.3 99.9 10.5 3.5 2 1 3 1 1
-6554.9 -870.3 -21.2 62 1 11.1 14.7 14.0 3.5 2 1 4 0 0
-6531.9 -792.4 -20.0 234 0 71.0 20.5 10.5 3.5 2 0 3 2 2
-6562.6 -790.5 -19.0 233 0 39.9 12.0 10.5 3.5 2 0 3 0 0
-6509.5 -761.7 -19.2 327 0 13.3 37.4 10.5 3.5 2 1 3 4 4
-6443.6 -652.3 -20.0 232 0 67.9 73.1 10.5 0.0 0 1 3 4 4
-6164.7 -734.1 -27.0 241 0 68.3 40.6 10.5 0.0 0 0 3 1 1
-6233.4 -706.7 -24.6 151 0 102.5 11.9 14.0 3.5 4 0 4 4 4
-6240.9 -706.5 -24.3 330 0 105.3 10.7 14.0 0.0 0 0 4 1 1
-6197.8 -797.1 -26.7 61 0 9.6 37.5 10.5 3.5 2 1 3 0 0
-6186.0 -769.4 -26.9 327 0 39.0 11.4 14.0 3.5 2 0 4 0 0
-6288.4 -757.6 -23.6 343 0 11.7 43.4 10.5 3.5 2 1 3 5 5
-6374.8 -779.6 -23.4 151 0 12.5 42.3 10.5 3.5 2 1 3 5 5
-6362.1 -797.4 -24.3 144 0 17.9 35.6 10.5 3.5 4 1 3 0 0
-6406.9 -806.3 -22.9 60 0 66.4 12.5 14.0 3.5 2 0 4 1 1
-5929.9 -31.5 -13.4 359 0 45.7 35.7 10.5 0.0 0 0 3 0 0
-4864.8 1272.1 -30.1 31 0 9.1 11.6 2.5 2.5 2 1 1 0 0
-4068.4 1530.1 -27.4 147 0 8.9 12.3 7.5 2.5 2 1 3 2 2
-6477.4 -9465.3 -37.7 18 0 14.0 9.5 7.5 2.5 2 0 3 0 0
-6456.7 -9499.2 -36.2 251 0 9.3 12.9 5.0 2.5 2 1 2 4 4
-6421.1 -9559.8 -33.5 326 0 9.7 7.4 5.0 2.5 2 0 2 1 1
-6676.4 -9634.1 -30.8 322 0 18.2 17.9 17.5 0.0 0 0 7 2 2
-6816.6 -8615.5 -29.2 207 0 10.4 25.3 12.5 2.5 2 1 5 5 5
-6717.8 -8548.4 -32.4 15 0 10.5 11.3 5.0 0.0 0 1 2 3 3
-6222.3 -10769.6 -30.2 50 0 11.3 11.6 7.5 2.5 2 1 3 1 1
639.5 2432.7 27.7 270 0 7.2 36.8 7.5 2.5 2 1 3 4 4
691.2 2451.5 25.7 93 0 9.1 15.1 7.5 2.5 2 1 3 1 1
669.5 2451.5 25.9 97 0 30.8 14.9 10.0 2.5 2 0 4 5 5
