-6500.1 -8988.2 -67.7 299 0 19.8 48.9 12.5 2.5 2 1 5 4 4
-4830.4 -6857.5 -2.7 91 0 47.8 44.3 10.0 0.0 0 0 4 4 4
-5833.1 -4822.9 -90.9 220 0 6.1 104.2 7.5 0.0 0 1 3 4 4
-3651.9 -12623.1 72.9 107 0 8.9 17.6 7.5 2.5 2 1 3 0 0
-5039.9 -7737.0 -84.1 274 0 6.9 5.6 5.0 2.5 2 0 2 3 3
-5307.2 -8049.2 -87.5 235 0 14.1 10.6 5.0 2.5 2 0 2 1 1
-5075.4 -10128.4 -81.3 200 0 9.2 7.9 7.5 2.5 2 0 3 4 4
-5063.1 -10137.9 -81.9 114 0 7.8 9.1 2.5 2.5 2 1 1 0 0
-5092.5 -10004.1 -83.9 287 0 9.1 61.5 7.5 2.5 2 1 3 5 5
-5138.2 -10046.6 -85.2 199 0 11.7 7.9 7.5 2.5 4 0 3 3 3
-5149.5 -10089.1 -86.7 112 0 14.2 12.0 2.5 0.0 0 0 1 4 4
-4982.1 -10039.1 -83.1 329 0 10.0 11.4 5.0 2.5 2 1 2 2 2
-4972.1 -10058.0 -82.8 330 0 10.3 11.4 5.0 2.5 2 1 2 3 3
-4977.3 -10077.4 -83.4 317 0 13.3 12.1 2.5 2.5 2 0 1 0 0
-5005.6 -10081.5 -82.3 319 0 8.0 10.3 5.0 2.5 2 1 2 1 1
-4997.9 -10055.5 -82.6 261 0 10.1 12.8 7.5 2.5 2 1 3 1 1
-4949.9 -10076.8 -84.5 318 0 11.5 28.4 7.5 2.5 2 1 3 1 1
-5002.2 -10113.7 -83.6 90 0 8.3 9.6 2.5 2.5 2 1 1 2 2
-4872.7 -10027.8 -86.2 292 0 13.7 20.9 12.5 2.5 2 1 5 3 3
-4884.1 -10063.8 -86.7 120 0 11.0 8.0 5.0 2.5 2 0 2 4 4
-4873.4 -10104.2 -88.7 119 0 11.5 11.0 7.5 2.5 4 0 3 3 3
-4858.4 -10112.7 -89.5 125 0 9.5 7.8 7.5 2.5 2 0 3 1 1
-4839.5 -10083.5 -89.2 311 0 7.1 9.3 2.5 2.5 2 1 1 2 2
-4953.5 -10288.9 -92.0 191 0 22.6 10.7 10.0 2.5 2 0 4 5 5
-4906.2 -10284.5 -94.0 124 0 8.2 13.6 5.0 2.5 2 1 2 1 1
-4939.8 -10268.3 -91.5 219 0 11.5 12.2 7.5 2.5 2 1 3 0 0
-4932.5 -10290.5 -93.2 193 0 11.3 11.6 7.5 2.5 2 1 3 3 3
-4898.4 -10162.7 -89.7 5 0 9.1 11.6 7.5 2.5 2 1 3 2 2
-4904.2 -10214.4 -92.0 206 0 8.6 11.2 7.5 2.5 2 1 3 5 5
-4908.9 -10261.6 -93.6 199 0 9.3 11.6 5.0 0.0 0 1 2 1 1
-4866.0 -10226.3 -93.6 346 0 10.4 11.0 5.0 0.0 0 1 2 2 2
-4902.0 -10248.3 -93.5 203 0 18.0 12.2 7.5 2.5 2 0 3 5 5
-4885.2 -10284.3 -95.0 103 0 11.5 19.0 7.5 0.0 0 1 3 0 0
-4870.4 -10243.3 -94.4 11 0 28.5 10.2 12.5 2.5 2 0 5 0 0
-4921.7 -10242.0 -92.3 206 0 20.3 12.9 7.5 2.5 2 0 3 3 3
-4932.8 -10165.6 -88.5 346 0 7.9 10.7 5.0 2.5 2 1 2 2 2
-5031.3 -10353.9 -88.3 35 0 11.4 10.5 10.0 2.5 4 0 4 1 1
-5070.0 -10347.8 -87.7 137 0 8.6 26.7 7.5 0.0 0 0 3 1 1
-5016.6 -10342.8 -88.3 48 0 8.9 7.7 5.0 2.5 4 0 2 4 4
-4936.0 -10244.5 -91.1 38 0 34.4 11.6 10.0 2.5 4 0 4 1 1
-4930.1 -10193.8 -89.8 2 0 17.3 9.4 2.5 2.5 2 0 1 3 3
-4242.5 -11068.5 -86.6 184 0 11.5 15.6 2.5 2.5 4 1 1 0 0
-4172.4 -11135.7 -84.7 79 0 21.3 13.1 10.0 2.5 2 0 4 1 1
-4219.4 -11088.8 -84.8 188 0 11.9 15.1 7.5 2.5 2 1 3 4 4
-4156.6 -11092.6 -85.9 346 0 13.8 14.7 7.5 0.0 0 1 3 3 3
-4174.7 -11090.7 -84.6 343 0 9.1 16.1 7.5 0.0 0 1 3 5 5
-4180.7 -11052.3 -88.4 351 0 10.9 10.2 2.5 0.0 0 0 1 3 3
-4200.2 -11050.2 -88.1 270 0 8.3 10.3 5.0 0.0 0 1 2 3 3
-4192.9 -11074.7 -86.3 359 0 12.6 10.4 5.0 0.0 0 0 2 3 3
-4119.3 -11073.7 -90.2 158 0 13.1 13.9 2.5 2.5 2 1 1 3 3
-4095.9 -11048.8 -92.3 250 0 22.2 11.5 12.5 2.5 2 0 5 3 3
-4073.7 -11067.7 -92.6 344 0 10.4 11.2 5.0 2.5 2 1 2 0 0
-4107.8 -11127.0 -89.9 163 0 22.3 13.7 10.0 0.0 0 0 4 0 0
-4072.2 -11154.5 -91.2 71 0 10.4 10.2 5.0 2.5 4 0 2 4 4
-4082.4 -11325.4 -77.9 90 0 9.7 8.8 5.0 2.5 2 0 2 1 1
-4117.8 -11308.3 -77.7 188 0 9.5 14.1 5.0 2.5 2 1 2 5 5
-4093.4 -11314.9 -78.4 93 0 13.5 9.2 5.0 2.5 4 0 2 2 2
-4134.9 -11184.0 -81.3 153 0 7.6 14.8 7.5 2.5 4 1 3 0 0
-4058.3 -11167.2 -91.1 160 0 9.8 7.6 5.0 2.5 2 0 2 2 2
-4059.5 -11191.5 -88.8 348 0 12.7 16.5 7.5 2.5 4 1 3 4 4
-4053.5 -11207.6 -88.0 340 0 10.0 9.4 5.0 0.0 0 0 2 1 1
-4085.5 -11179.7 -88.3 262 0 14.0 9.1 7.5 2.5 2 0 3 0 0
-4105.8 -11189.1 -83.9 256 0 8.7 7.7 2.5 2.5 2 0 1 5 5
-4101.2 -11197.3 -84.8 257 0 6.0 8.7 2.5 2.5 2 1 1 0 0
-4076.2 -11198.3 -87.8 345 0 11.0 12.3 5.0 0.0 0 1 2 5 5
-4070.3 -11211.1 -87.0 345 0 11.6 11.0 7.5 2.5 2 0 3 5 5
-4105.8 -11258.8 -82.1 180 0 9.5 9.3 7.5 2.5 2 0 3 1 1
-4092.1 -11258.7 -82.6 179 0 6.5 8.4 5.0 2.5 2 1 2 1 1
-4036.1 -11250.3 -85.1 335 0 4.9 30.3 7.5 2.5 2 1 3 5 5
-4075.6 -11257.5 -83.5 79 0 10.4 7.4 2.5 2.5 2 0 1 2 2
-4075.4 -11248.4 -84.1 84 0 7.1 6.4 7.5 2.5 2 0 3 2 2
-4053.5 -11237.4 -85.5 333 0 8.2 6.4 5.0 0.0 0 0 2 1 1
-4048.0 -11270.1 -84.3 72 0 26.8 9.1 7.5 2.5 2 0 3 0 0
-4073.7 -11290.9 -80.4 334 0 8.4 9.5 2.5 2.5 2 1 1 3 3
-4093.9 -11158.4 -90.1 157 0 10.7 12.7 5.0 2.5 2 1 2 4 4
-4067.1 -11272.8 -82.7 78 0 8.0 9.2 2.5 0.0 0 1 1 4 4
-4097.8 -11233.7 -84.2 166 0 7.6 4.8 7.5 2.5 2 0 3 2 2
-4858.4 -10112.7 -89.5 125 0 9.5 7.8 7.5 2.5 2 0 3 1 1
-4953.5 -10288.9 -92.0 191 0 22.6 10.7 10.0 2.5 2 0 4 0 0
-5075.4 -10128.4 -81.3 200 0 9.2 7.9 5.0 0.0 0 0 2 0 0
-5063.1 -10137.9 -81.9 114 0 7.8 9.1 2.5 2.5 4 1 1 2 2
-5051.7 -10143.5 -82.8 111 0 8.6 9.8 5.0 2.5 2 1 2 2 2
-5092.5 -10004.1 -83.9 287 0 9.1 61.5 7.5 2.5 2 1 3 3 3
-5149.5 -10089.1 -86.7 112 0 14.2 12.0 5.0 0.0 0 0 2 5 5
-4982.1 -10039.1 -83.1 329 0 10.0 11.4 5.0 2.5 2 1 2 4 4
-4972.1 -10058.0 -82.8 330 0 10.3 11.4 5.0 2.5 2 1 2 4 4
-4977.3 -10077.4 -83.4 317 0 13.3 12.1 5.0 2.5 2 0 2 4 4
-4949.9 -10076.8 -84.5 318 0 11.5 28.4 7.5 2.5 2 1 3 2 2
-4872.7 -10027.8 -86.2 292 0 13.7 20.9 10.0 0.0 0 1 4 3 3
-4873.4 -10104.2 -88.7 119 0 11.5 11.0 5.0 2.5 2 0 2 5 5
-4898.4 -10162.7 -89.7 5 0 9.1 11.6 5.0 2.5 2 1 2 1 1
-4929.8 -10256.0 -92.4 216 0 13.0 9.8 5.0 2.5 2 0 2 2 2
-4908.9 -10261.6 -93.6 199 0 9.3 11.6 5.0 0.0 0 1 2 3 3
-4866.0 -10226.3 -93.6 346 0 10.4 11.0 5.0 2.5 2 1 2 2 2
-4902.0 -10248.3 -93.5 203 0 18.0 12.2 7.5 0.0 0 0 3 1 1
-4885.2 -10284.3 -95.0 103 0 11.5 19.0 5.0 2.5 2 1 2 1 1
-4870.4 -10243.3 -94.4 11 0 28.5 10.2 10.0 2.5 4 0 4 3 3
-4921.7 -10242.0 -92.3 206 0 20.3 12.9 5.0 2.5 2 0 2 0 0
-4887.7 -10202.0 -92.1 174 0 9.3 11.6 5.0 2.5 2 1 2 1 1
-4932.8 -10165.6 -88.5 346 0 7.9 10.7 7.5 2.5 2 1 3 1 1
-4930.6 -10178.3 -89.0 355 0 7.8 10.6 7.5 2.5 2 1 3 5 5
-5031.3 -10353.9 -88.3 35 0 11.4 10.5 7.5 2.5 2 0 3 1 1
-5070.0 -10347.8 -87.7 137 0 8.6 26.7 7.5 0.0 0 0 3 1 1
-4979.8 -10302.9 -90.2 31 0 3.9 11.9 7.5 2.5 2 1 3 5 5
-4936.0 -10244.5 -91.1 38 0 34.4 11.6 7.5 0.0 0 0 3 0 0
-4968.3 -10275.6 -89.3 29 0 18.0 10.5 7.5 2.5 2 0 3 4 4
-4972.7 -10188.2 -88.1 195 0 8.9 9.8 5.0 2.5 2 1 2 4 4
-4172.4 -11135.7 -84.7 79 0 21.3 13.1 10.0 2.5 2 0 4 1 1
-4219.4 -11088.8 -84.8 188 0 11.9 15.1 5.0 2.5 2 1 2 0 0
-4156.6 -11092.6 -85.9 346 0 13.8 14.7 7.5 0.0 0 1 3 2 2
-4200.2 -11050.2 -88.1 270 0 8.3 10.3 5.0 2.5 4 1 2 5 5
-4175.2 -11075.9 -86.2 349 0 10.4 12.3 2.5 2.5 2 1 1 5 5
-4193.5 -11146.1 -82.4 88 0 7.6 11.4 7.5 0.0 0 1 3 0 0
-4119.3 -11073.7 -90.2 158 0 13.1 13.9 2.5 2.5 2 1 1 3 3
-4095.9 -11048.8 -92.3 250 0 22.2 11.5 10.0 2.5 4 0 4 5 5
-4073.7 -11067.7 -92.6 344 0 10.4 11.2 5.0 2.5 2 1 2 2 2
-4072.0 -11083.9 -92.4 348 0 10.2 8.8 2.5 2.5 2 0 1 4 4
-4107.8 -11127.0 -89.9 163 0 22.3 13.7 12.5 0.0 0 0 5 4 4
-4072.2 -11154.5 -91.2 71 0 10.4 10.2 5.0 2.5 2 0 2 0 0
-4082.4 -11325.4 -77.9 90 0 9.7 8.8 7.5 2.5 2 0 3 4 4
-4115.3 -11299.8 -78.7 178 0 6.0 18.5 7.5 0.0 0 1 3 0 0
-4134.9 -11184.0 -81.3 153 0 7.6 14.8 5.0 2.5 2 1 2 5 5
-4058.3 -11167.2 -91.1 160 0 9.8 7.6 2.5 2.5 2 0 1 0 0
-4029.6 -11180.4 -89.9 343 0 12.8 8.9 2.5 2.5 2 0 1 5 5
-4059.5 -11191.5 -88.8 348 0 12.7 16.5 5.0 2.5 2 1 2 0 0
-4085.5 -11179.7 -88.3 262 0 14.0 9.1 5.0 2.5 2 0 2 0 0
-4038.0 -11218.2 -87.7 333 0 8.1 21.5 5.0 2.5 4 1 2 5 5
-4033.7 -11228.0 -87.1 336 0 9.5 19.3 5.0 2.5 2 1 2 0 0
-4030.5 -11240.0 -86.3 332 0 7.7 7.0 7.5 2.5 4 0 3 3 3
-4105.8 -11189.1 -83.9 256 0 8.7 7.7 7.5 2.5 2 0 3 3 3
-4105.8 -11258.8 -82.1 180 0 9.5 9.3 5.0 2.5 2 0 2 3 3
-4090.8 -11228.1 -85.3 161 0 7.0 10.0 7.5 2.5 4 1 3 0 0
-4053.5 -11237.4 -85.5 333 0 8.2 6.4 5.0 2.5 2 0 2 4 4
-4048.0 -11270.1 -84.3 72 0 26.8 9.1 5.0 2.5 4 0 2 2 2
-4116.6 -11206.1 -83.1 166 0 8.2 11.9 2.5 2.5 2 1 1 3 3
-4059.8 -11181.2 -89.7 345 0 6.3 5.4 5.0 2.5 2 0 2 5 5
-4076.8 -11279.8 -81.1 343 0 7.2 8.8 7.5 2.5 2 1 3 1 1
-4073.7 -11290.9 -80.4 334 0 8.4 9.5 7.5 2.5 2 1 3 1 1
-4059.7 -11230.2 -85.7 334 0 13.3 14.6 5.0 0.0 0 1 2 5 5
-4097.8 -11233.7 -84.2 166 0 7.6 4.8 7.5 2.5 2 0 3 5 5
-4104.1 -11240.9 -83.4 169 0 8.9 5.9 5.0 0.0 0 0 2 5 5
-4941.1 -11072.2 -82.0 122 0 11.9 24.3 10.0 2.5 2 1 4 0 0
-4848.1 -11026.7 -89.8 282 0 11.5 9.6 2.5 2.5 2 0 1 2 2
-4863.2 -11063.5 -89.1 6 0 9.3 9.5 5.0 2.5 2 1 2 3 3
-4862.6 -11080.8 -89.8 28 0 10.6 10.9 7.5 2.5 2 0 3 5 5
-4873.5 -11032.0 -87.3 265 0 8.3 7.5 7.5 2.5 2 0 3 0 0
-4898.5 -11164.8 -90.4 118 0 12.3 14.2 5.0 2.5 2 0 2 5 5
-4912.8 -11167.3 -88.8 118 0 10.6 9.6 7.5 2.5 2 0 3 4 4
-4920.2 -11125.7 -86.2 116 0 10.6 13.1 2.5 2.5 2 1 1 2 2
-4902.6 -11121.5 -88.0 125 0 11.5 9.0 5.0 2.5 2 0 2 4 4
-4886.1 -11106.2 -88.4 33 0 8.5 13.1 5.0 2.5 2 1 2 4 4
-4883.5 -11091.6 -87.9 24 0 6.6 10.4 5.0 2.5 2 1 2 5 5
-4915.5 -11105.3 -86.4 199 0 6.6 11.4 7.5 0.0 0 1 3 1 1
-4906.5 -11104.6 -86.6 122 0 9.3 14.9 7.5 2.5 2 1 3 3 3
-4909.9 -11084.3 -85.4 125 0 6.1 12.4 2.5 2.5 2 1 1 0 0
-4884.9 -11055.7 -87.1 312 0 15.7 11.4 5.0 2.5 2 0 2 4 4
-4857.9 -11101.1 -91.2 25 0 22.5 15.1 10.0 2.5 2 0 4 5 5
-4940.1 -11107.2 -83.1 112 0 7.6 30.9 7.5 2.5 2 1 3 4 4
-4911.2 -11182.6 -89.4 112 0 9.1 5.2 5.0 2.5 2 0 2 0 0
-5357.9 -11037.3 -90.4 318 0 11.4 15.0 7.5 2.5 2 1 3 2 2
-5354.4 -11052.5 -90.4 335 0 9.2 27.7 7.5 2.5 2 1 3 0 0
-5293.9 -11061.5 -85.1 320 0 7.9 33.4 7.5 0.0 0 1 3 0 0
-5301.5 -11055.1 -87.9 319 0 7.7 38.9 7.5 2.5 2 1 3 3 3
-5335.6 -11042.9 -90.3 231 0 22.2 16.6 12.5 2.5 2 0 5 1 1
-5312.2 -11049.5 -90.1 307 0 14.2 23.5 10.0 2.5 2 1 4 4 4
-5352.6 -11063.7 -89.9 321 0 8.7 10.4 5.0 2.5 2 1 2 1 1
-5311.3 -11019.2 -90.7 317 0 8.0 5.8 5.0 2.5 4 0 2 2 2
-5352.7 -11045.5 -90.0 248 0 7.1 4.4 2.5 2.5 2 0 1 4 4
-5607.8 -10816.7 -75.3 312 0 12.7 13.1 2.5 2.5 2 1 1 1 1
-5596.7 -10859.5 -84.3 326 0 9.8 17.8 7.5 2.5 2 1 3 2 2
-5645.7 -10891.7 -86.5 221 0 10.5 9.6 5.0 2.5 2 0 2 5 5
-5639.3 -10899.4 -88.7 241 0 13.8 8.7 7.5 2.5 2 0 3 3 3
-5633.2 -10870.2 -86.0 238 0 19.2 19.5 10.0 2.5 2 1 4 2 2
-5593.9 -10893.5 -89.9 59 0 13.9 12.4 5.0 2.5 2 0 2 1 1
-5622.9 -10924.5 -93.0 69 0 9.7 10.7 5.0 2.5 2 1 2 0 0
-5619.7 -10930.4 -93.3 62 0 8.4 4.5 7.5 2.5 2 0 3 4 4
-5607.6 -10911.4 -92.5 56 0 22.5 10.5 2.5 2.5 2 0 1 3 3
-5595.1 -10908.5 -93.1 49 0 11.6 3.6 7.5 2.5 2 0 3 1 1
-5424.5 -10839.2 -95.2 122 0 12.9 11.4 5.0 2.5 2 0 2 5 5
-5413.5 -10863.4 -94.6 127 0 12.3 11.8 7.5 2.5 2 0 3 3 3
-5375.0 -10772.1 -95.8 346 0 9.4 10.3 2.5 2.5 2 1 1 2 2
-5378.1 -10757.9 -96.1 348 0 8.9 9.7 7.5 2.5 2 1 3 1 1
-5368.6 -10721.2 -96.7 348 0 9.6 9.9 2.5 2.5 2 1 1 0 0
-5367.3 -10733.4 -96.4 351 0 8.1 10.4 7.5 2.5 2 1 3 0 0
-5370.8 -10866.0 -93.8 189 0 13.7 10.9 5.0 2.5 2 0 2 5 5
-5362.4 -10808.0 -94.9 194 0 17.5 11.1 7.5 2.5 2 0 3 0 0
-5329.3 -10775.3 -95.4 203 0 9.7 12.2 7.5 2.5 2 1 3 0 0
-5344.0 -10718.2 -96.6 158 0 13.8 11.3 7.5 2.5 4 0 3 4 4
-5341.7 -10690.7 -96.9 244 0 9.8 9.0 2.5 2.5 2 0 1 5 5
-5318.3 -10693.3 -96.9 330 0 8.7 11.1 7.5 2.5 4 1 3 3 3
-5338.5 -10677.1 -97.2 238 0 13.3 10.6 2.5 2.5 2 0 1 1 1
-5391.1 -10793.9 -95.8 10 0 19.2 13.1 12.5 2.5 2 0 5 0 0
-5553.6 -9467.4 -90.8 228 0 11.9 11.6 2.5 2.5 2 0 1 4 4
-5529.8 -9490.8 -90.7 316 0 11.2 11.2 5.0 2.5 2 1 2 0 0
-5568.9 -9479.5 -89.9 231 0 12.2 10.6 7.5 2.5 2 0 3 5 5
-5533.8 -9519.7 -90.1 41 0 11.3 10.9 2.5 2.5 4 0 1 5 5
-5575.7 -9502.0 -89.1 228 0 11.8 9.2 7.5 2.5 2 0 3 0 0
-5580.3 -9536.4 -88.1 46 0 12.8 11.4 7.5 2.5 2 0 3 2 2
-5593.5 -9513.4 -88.4 227 0 16.1 11.1 5.0 0.0 0 0 2 5 5
-5608.1 -9529.4 -87.3 244 0 12.5 9.8 7.5 2.5 2 0 3 1 1
-5597.5 -9551.4 -87.2 64 0 10.9 10.4 10.0 2.5 2 0 4 3 3
-5627.6 -9521.5 -85.6 247 0 12.8 11.5 5.0 2.5 2 0 2 2 2
-5625.3 -9535.7 -85.3 245 0 5.6 8.1 5.0 2.5 2 1 2 2 2
-5615.1 -9553.4 -86.3 63 0 4.4 10.1 7.5 2.5 2 1 3 3 3
-5610.0 -9562.2 -86.5 77 0 9.8 7.4 2.5 2.5 2 0 1 0 0
-5649.3 -9520.0 -81.6 246 0 9.6 8.6 5.0 2.5 2 0 2 0 0
-5644.8 -9530.0 -82.4 251 0 9.5 9.6 5.0 2.5 2 1 2 1 1
-5643.4 -9548.3 -83.8 159 0 12.1 12.4 5.0 2.5 4 1 2 0 0
-5623.3 -9570.5 -85.7 64 0 9.9 19.4 5.0 2.5 2 1 2 2 2
-5565.7 -9343.9 -92.8 49 0 13.5 11.6 5.0 2.5 2 0 2 2 2
-5589.3 -9346.3 -88.8 48 0 10.5 10.0 5.0 2.5 2 0 2 5 5
-5579.7 -9356.3 -90.5 48 0 11.6 10.9 5.0 2.5 2 0 2 2 2
-5569.4 -9365.5 -92.5 46 0 16.4 11.6 7.5 2.5 2 0 3 3 3
-5606.7 -9301.9 -90.5 240 0 16.1 14.0 7.5 2.5 2 0 3 5 5
-5621.4 -9350.1 -86.2 139 0 11.0 10.9 5.0 2.5 2 0 2 0 0
-5592.7 -9366.6 -88.4 47 0 9.1 9.9 5.0 2.5 2 1 2 0 0
-5606.2 -9466.1 -87.4 42 0 13.4 18.5 2.5 2.5 2 1 1 0 0
-5613.5 -9483.0 -86.4 48 0 12.5 9.0 7.5 2.5 2 0 3 0 0
-5640.4 -9485.5 -81.9 42 0 10.3 9.4 2.5 2.5 2 0 1 1 1
-5648.9 -9451.8 -80.3 47 0 11.6 7.0 2.5 0.0 0 0 1 5 5
-5660.3 -9514.0 -79.4 65 0 13.1 10.1 5.0 2.5 2 0 2 5 5
-5648.5 -9472.8 -80.4 39 0 9.5 10.0 2.5 2.5 4 1 1 1 1
-5683.1 -9473.2 -76.6 215 0 11.2 9.3 5.0 2.5 2 0 2 2 2
-5622.9 -9472.5 -84.5 39 0 9.3 7.4 5.0 2.5 2 0 2 2 2
-5614.3 -9403.3 -85.9 311 0 17.6 11.6 5.0 2.5 2 0 2 3 3
-5671.6 -9460.3 -78.3 218 0 11.3 8.9 2.5 2.5 2 0 1 4 4
-5703.3 -9466.6 -74.0 137 0 16.3 15.6 10.0 2.5 2 0 4 2 2
-5673.4 -9427.2 -77.1 227 0 10.0 9.6 5.0 2.5 4 0 2 5 5
-5694.2 -9429.2 -75.6 227 0 10.0 11.4 7.5 2.5 2 1 3 0 0
-5708.0 -9419.3 -76.2 223 0 15.2 13.1 2.5 2.5 2 0 1 2 2
-5673.6 -9402.5 -78.8 224 0 11.0 10.6 7.5 2.5 2 0 3 2 2
-5695.0 -9402.8 -78.0 224 0 12.4 25.0 12.5 2.5 2 1 5 1 1
-5657.8 -9391.4 -80.3 229 0 9.9 9.9 7.5 2.5 2 0 3 0 0
-5667.7 -9385.1 -80.8 221 0 16.2 11.0 5.0 2.5 2 0 2 3 3
-5691.9 -9563.0 -74.7 56 0 12.4 8.8 7.5 2.5 2 0 3 3 3
-5753.0 -9471.4 -69.2 310 0 9.4 10.1 5.0 2.5 2 1 2 3 3
-5740.7 -9485.1 -68.5 314 0 10.4 10.4 5.0 2.5 2 1 2 2 2
-5786.8 -9436.1 -71.0 322 0 8.6 8.5 7.5 2.5 2 0 3 3 3
-5778.9 -9443.9 -70.7 320 0 9.8 11.4 7.5 2.5 2 1 3 5 5
-5786.9 -9507.5 -65.7 140 0 10.4 10.4 7.5 2.5 2 0 3 3 3
-5772.1 -9516.4 -65.5 137 0 8.5 11.0 7.5 2.5 2 1 3 3 3
-5758.9 -9532.5 -64.7 139 0 10.9 11.9 2.5 2.5 2 1 1 5 5
-5749.5 -9540.9 -65.7 145 0 7.1 8.9 5.0 2.5 2 1 2 1 1
-5703.3 -9537.5 -72.2 330 0 10.0 12.5 7.5 2.5 2 1 3 0 0
-5722.0 -9508.8 -69.3 320 0 11.1 11.3 5.0 2.5 2 1 2 1 1
-5674.2 -9328.6 -85.1 313 0 17.5 14.2 10.0 2.5 2 0 4 5 5
-5664.2 -9345.5 -84.5 33 0 10.7 9.6 5.0 2.5 2 0 2 5 5
-5703.1 -9378.6 -80.4 36 0 8.5 9.2 2.5 2.5 2 1 1 0 0
-5730.3 -9431.1 -74.4 33 0 10.7 11.6 10.0 2.5 2 1 4 1 1
-5802.3 -9361.0 -78.3 137 0 32.8 10.0 7.5 2.5 2 0 3 0 0
-5782.9 -9399.3 -75.2 137 0 6.9 8.8 7.5 2.5 2 1 3 3 3
-5736.2 -9355.8 -80.9 50 0 11.9 14.1 5.0 2.5 2 1 2 4 4
-5722.9 -9352.6 -82.0 45 0 8.0 26.9 2.5 2.5 2 1 1 3 3
-5626.9 -9296.1 -91.7 56 0 12.1 30.4 15.0 0.0 0 1 6 4 4
-5662.8 -9315.6 -87.2 132 0 11.3 7.4 2.5 2.5 2 0 1 5 5
-5768.4 -9379.3 -77.7 134 0 20.9 8.8 7.5 2.5 2 0 3 3 3
-5792.3 -9316.9 -81.5 229 0 9.5 37.0 7.5 0.0 0 0 3 1 1
-5758.2 -9359.4 -80.1 137 0 19.1 10.9 7.5 2.5 2 0 3 4 4
-5778.7 -9304.4 -83.1 227 0 7.9 34.7 7.5 0.0 0 0 3 3 3
-5677.1 -9268.3 -90.9 142 0 10.7 14.0 2.5 2.5 2 1 1 2 2
-5741.1 -9293.6 -85.5 224 0 6.9 15.9 5.0 2.5 2 1 2 4 4
-5756.5 -9290.9 -85.2 226 0 7.9 16.3 7.5 2.5 2 1 3 0 0
-5766.1 -9303.5 -83.7 231 0 7.5 14.5 7.5 2.5 2 1 3 5 5
-5714.5 -9298.5 -86.0 316 0 10.0 9.5 5.0 2.5 2 0 2 5 5
-5713.3 -9329.4 -83.8 312 0 14.5 10.3 10.0 2.5 2 0 4 1 1
-5701.0 -9321.5 -84.5 314 0 8.2 14.3 7.5 2.5 2 0 3 3 3
-5729.9 -9389.5 -77.8 42 0 5.9 10.4 7.5 2.5 2 1 3 3 3
-5808.6 -9316.7 -80.6 225 0 3.7 9.5 2.5 2.5 2 1 1 0 0
-5770.4 -9281.5 -85.3 229 0 4.1 8.9 5.0 2.5 2 1 2 3 3
-5828.3 -9306.9 -80.7 227 0 13.8 16.0 2.5 2.5 2 1 1 3 3
-5747.7 -9398.7 -77.0 133 0 7.7 12.6 5.0 0.0 0 1 2 0 0
-5678.2 -9365.4 -82.1 41 0 12.7 10.4 2.5 2.5 4 0 1 0 0
-5689.4 -9381.8 -80.1 37 0 9.6 8.4 7.5 2.5 2 0 3 2 2
-5515.2 -9340.8 -95.1 151 0 19.3 5.9 5.0 2.5 4 0 2 5 5
-5481.7 -9416.5 -94.2 319 0 11.1 4.3 7.5 0.0 0 0 3 2 2
-6265.4 -8546.5 -79.6 33 0 9.9 12.6 7.5 2.5 2 1 3 0 0
-6276.5 -8621.1 -80.2 31 0 10.2 10.0 5.0 2.5 4 0 2 5 5
-6286.6 -8648.3 -80.0 35 0 10.3 14.3 2.5 2.5 2 1 1 5 5
-6269.3 -8578.8 -80.0 38 0 9.9 12.8 5.0 2.5 2 1 2 4 4
-6287.0 -8579.8 -78.7 30 0 9.5 10.1 5.0 2.5 2 1 2 5 5
-6294.9 -8592.4 -78.4 37 0 10.1 10.1 5.0 2.5 2 0 2 4 4
-6300.7 -8604.0 -78.2 34 0 10.1 11.7 2.5 2.5 2 1 1 5 5
-6315.7 -8615.1 -77.8 124 0 9.9 10.5 2.5 2.5 2 1 1 4 4
-6292.9 -8560.7 -78.1 37 0 11.2 10.3 2.5 2.5 2 0 1 1 1
-6321.3 -8556.4 -77.1 214 0 10.1 9.7 5.0 2.5 2 0 2 5 5
-6328.0 -8566.4 -76.5 215 0 8.4 10.1 5.0 0.0 0 1 2 2 2
-6334.8 -8577.4 -76.1 215 0 10.3 11.3 7.5 2.5 2 1 3 4 4
-6313.6 -8641.6 -78.5 117 0 14.1 9.2 2.5 2.5 4 0 1 4 4
-6324.1 -8637.6 -77.4 112 0 5.8 14.8 5.0 2.5 2 1 2 5 5
-6318.6 -8648.5 -78.3 110 0 18.8 5.6 5.0 2.5 2 0 2 5 5
-6347.8 -8699.0 -76.9 118 0 11.2 7.6 5.0 2.5 2 0 2 4 4
-6368.9 -8690.5 -75.1 110 0 7.4 8.8 7.5 2.5 2 1 3 0 0
-6352.5 -8626.1 -75.6 131 0 10.2 15.6 5.0 2.5 2 1 2 3 3
-6356.5 -8644.6 -75.3 111 0 10.2 9.6 5.0 2.5 4 0 2 5 5
-6306.4 -8663.9 -79.2 109 0 11.0 8.4 5.0 2.5 2 0 2 5 5
-6344.7 -8646.5 -76.0 113 0 6.6 9.5 5.0 2.5 2 1 2 1 1
-6382.8 -8604.1 -73.6 146 0 9.8 15.0 2.5 2.5 4 1 1 3 3
-6385.7 -8621.1 -72.9 115 0 11.2 10.1 5.0 2.5 2 0 2 2 2
-6395.2 -8642.3 -72.3 305 0 8.8 11.0 7.5 2.5 4 1 3 5 5
-6408.9 -8639.5 -71.4 294 0 10.9 9.9 2.5 0.0 0 0 1 5 5
-6369.4 -8569.0 -74.6 215 0 8.4 11.5 5.0 2.5 4 1 2 5 5
-6401.5 -8625.3 -71.7 299 0 10.9 7.3 5.0 2.5 2 0 2 3 3
-6419.9 -8614.6 -70.9 298 0 8.9 7.6 2.5 2.5 2 0 1 1 1
-6450.3 -8632.4 -69.5 109 0 12.0 7.4 2.5 2.5 2 0 1 4 4
-6437.3 -8535.6 -66.6 320 0 9.4 9.4 7.5 2.5 2 1 3 4 4
-6443.1 -8564.3 -70.4 122 0 13.3 15.0 7.5 2.5 2 1 3 0 0
-6448.5 -8553.1 -67.4 31 0 8.2 9.5 2.5 2.5 2 1 1 0 0
-6446.1 -8591.2 -70.5 24 0 17.1 11.8 2.5 2.5 2 0 1 5 5
-6504.4 -8549.7 -59.3 137 0 10.2 20.3 5.0 2.5 2 1 2 1 1
-6521.2 -8572.7 -60.8 125 0 9.1 10.4 7.5 2.5 2 1 3 4 4
-6499.3 -8496.2 -52.8 235 0 21.8 10.0 7.5 2.5 2 0 3 3 3
-5876.8 -8608.1 -85.5 134 0 9.9 10.3 7.5 2.5 2 1 3 3 3
-5868.9 -8591.2 -85.2 224 0 9.5 11.0 7.5 2.5 2 1 3 1 1
-5864.7 -8576.3 -84.0 135 0 11.4 17.8 5.0 2.5 2 0 2 0 0
-5836.2 -8641.7 -88.5 137 0 11.8 13.3 7.5 2.5 2 1 3 3 3
-5802.6 -8627.5 -88.3 49 0 9.1 14.5 5.0 2.5 2 1 2 2 2
-5799.3 -8604.8 -87.0 48 0 9.3 10.1 5.0 2.5 2 1 2 1 1
-5816.9 -8613.6 -87.0 62 0 5.0 10.3 7.5 2.5 2 1 3 2 2
-5833.5 -8620.0 -87.2 138 0 7.1 11.9 7.5 2.5 2 1 3 2 2
-5742.5 -8570.5 -86.6 43 0 25.4 15.7 10.0 2.5 2 0 4 0 0
-5703.7 -8553.5 -86.3 71 0 7.5 12.5 5.0 2.5 2 1 2 4 4
-5688.5 -8549.2 -86.4 55 0 8.3 10.2 2.5 2.5 2 1 1 1 1
-5653.8 -8507.7 -85.2 327 0 6.5 21.5 2.5 2.5 2 1 1 4 4
-5876.0 -8638.8 -87.3 133 0 10.5 9.6 5.0 0.0 0 0 2 5 5
-5847.5 -8586.1 -85.7 225 0 8.6 16.5 7.5 2.5 2 1 3 3 3
-5818.4 -8575.5 -85.3 227 0 8.7 8.9 2.5 2.5 4 1 1 3 3
-5748.5 -8518.2 -83.7 240 0 11.5 10.0 2.5 2.5 2 0 1 1 1
-5757.7 -8531.2 -84.3 229 0 7.7 9.3 7.5 2.5 2 1 3 0 0
-5766.4 -8516.0 -83.1 315 0 6.7 18.2 7.5 2.5 2 1 3 3 3
-5784.9 -8533.8 -83.8 223 0 9.9 10.1 5.0 2.5 2 1 2 3 3
-5840.4 -8526.7 -82.1 241 0 14.1 12.6 5.0 2.5 2 0 2 4 4
-5804.3 -8496.4 -81.2 222 0 17.3 9.4 5.0 2.5 2 0 2 3 3
-5794.6 -8522.3 -82.8 241 0 22.8 9.3 7.5 2.5 2 0 3 0 0
-5841.9 -8560.4 -84.1 224 0 20.5 10.9 2.5 2.5 2 0 1 3 3
-5804.4 -8549.4 -84.9 223 0 8.1 19.7 5.0 2.5 2 1 2 3 3
-6592.9 -5909.1 -81.3 123 0 16.0 8.0 5.0 2.5 2 0 2 2 2
-6548.7 -5913.0 -82.6 313 0 6.7 9.7 7.5 2.5 2 1 3 0 0
-6649.4 -5886.3 -80.8 131 0 14.4 10.6 7.5 2.5 2 0 3 3 3
-6573.8 -5953.2 -77.2 138 0 8.5 9.8 5.0 2.5 2 0 2 5 5
-6545.2 -5956.2 -78.4 49 0 11.2 8.6 7.5 2.5 2 0 3 5 5
-6595.2 -5926.9 -79.1 121 0 9.9 10.2 2.5 2.5 2 1 1 0 0
-6586.8 -5934.0 -78.9 136 0 6.6 11.4 2.5 2.5 4 1 1 0 0
-6572.9 -5927.2 -80.5 125 0 6.3 9.7 2.5 2.5 2 1 1 3 3
-6656.0 -5858.2 -82.5 218 0 10.3 19.3 7.5 2.5 2 1 3 3 3
-6570.2 -5866.2 -84.8 34 0 11.1 14.9 5.0 2.5 2 0 2 0 0
-6537.3 -5819.7 -86.0 39 0 12.2 9.2 7.5 2.5 2 0 3 4 4
-6528.8 -5825.5 -86.3 39 0 12.9 8.5 7.5 2.5 4 0 3 4 4
-6561.7 -5806.9 -85.4 35 0 12.3 9.3 7.5 0.0 0 0 3 0 0
-6563.8 -5841.5 -85.6 125 0 8.7 23.5 7.5 2.5 2 1 3 0 0
-6587.2 -5830.5 -84.5 31 0 11.2 7.6 7.5 2.5 2 0 3 4 4
-6594.3 -5856.1 -84.2 32 0 10.3 9.7 5.0 2.5 2 0 2 4 4
-6571.9 -5822.1 -85.0 33 0 11.9 9.6 5.0 2.5 2 0 2 5 5
-6566.5 -5826.6 -85.5 128 0 10.1 23.8 7.5 0.0 0 1 3 2 2
-6634.9 -5843.9 -83.2 219 0 11.3 6.5 2.5 2.5 2 0 1 4 4
-6618.0 -5815.4 -83.9 214 0 10.2 11.0 5.0 2.5 4 1 2 4 4
-6590.5 -5887.0 -83.1 308 0 5.3 8.8 5.0 2.5 2 1 2 1 1
-6545.2 -5853.0 -85.8 135 0 9.9 9.6 2.5 2.5 2 0 1 5 5
-6562.3 -5552.7 -84.8 223 0 6.7 6.4 2.5 2.5 4 0 1 5 5
-6548.0 -5552.8 -86.6 230 0 8.1 6.6 5.0 2.5 2 0 2 3 3
-6545.8 -5529.3 -86.5 233 0 9.4 11.9 5.0 2.5 2 1 2 2 2
-6522.1 -5540.4 -86.7 33 0 7.6 8.7 7.5 2.5 2 0 3 2 2
-6591.8 -5545.6 -80.9 207 0 12.9 9.0 2.5 2.5 2 0 1 0 0
-6539.0 -5409.7 -82.5 181 0 16.7 19.1 12.5 2.5 2 1 5 1 1
-6510.3 -5492.6 -86.6 9 0 29.7 11.1 10.0 2.5 2 0 4 3 3
-6518.6 -5574.4 -86.8 343 0 12.1 11.1 5.0 2.5 2 0 2 2 2
-6510.3 -5561.6 -86.9 18 0 10.8 12.8 7.5 0.0 0 1 3 4 4
-6560.2 -5516.0 -83.4 239 0 8.1 9.2 7.5 2.5 2 1 3 4 4
-6539.1 -5486.1 -85.6 190 0 27.2 10.0 7.5 0.0 0 0 3 4 4
-6536.8 -5448.9 -84.5 182 0 44.1 11.1 12.5 2.5 2 0 5 3 3
-6546.6 -5224.6 -71.4 186 0 7.9 10.3 2.5 2.5 2 1 1 5 5
-6557.3 -5241.7 -68.1 180 0 6.7 9.5 5.0 2.5 2 1 2 5 5
-6540.0 -5240.5 -72.2 181 0 6.6 10.1 5.0 2.5 2 1 2 2 2
-6535.4 -5318.3 -75.1 177 0 8.6 11.4 5.0 2.5 2 1 2 5 5
-6536.4 -5329.8 -76.7 182 0 9.0 12.6 5.0 2.5 2 1 2 3 3
-6556.4 -5321.9 -72.5 178 0 21.4 10.9 7.5 2.5 2 0 3 0 0
-6557.2 -5344.7 -74.4 179 0 9.0 11.5 2.5 2.5 2 1 1 0 0
-6556.4 -5354.4 -74.9 171 0 8.0 9.3 5.0 0.0 0 1 2 5 5
-6537.0 -5358.2 -78.4 183 0 10.3 11.3 10.0 2.5 2 1 4 1 1
-6534.8 -5347.2 -78.0 178 0 7.3 11.1 5.0 2.5 2 1 2 0 0
-6508.1 -5374.3 -81.9 3 0 6.9 12.8 5.0 0.0 0 1 2 2 2
-6488.1 -5382.6 -86.3 89 0 11.5 9.9 7.5 2.5 2 0 3 2 2
-6564.6 -5394.8 -76.7 177 0 11.7 14.5 7.5 2.5 2 1 3 5 5
-6538.5 -5378.0 -79.2 178 0 10.1 10.4 10.0 2.5 2 1 4 2 2
-6342.2 -4944.5 -87.7 349 0 10.9 13.4 7.5 2.5 2 0 3 4 4
-6352.6 -4895.3 -82.7 349 0 23.1 9.2 5.0 2.5 2 0 2 4 4
-6351.1 -4924.6 -84.7 346 0 14.2 12.1 7.5 2.5 2 0 3 2 2
-6333.5 -4902.8 -87.8 346 0 36.6 9.2 7.5 2.5 2 0 3 5 5
-6340.9 -4866.4 -81.8 3 0 12.8 15.8 5.0 2.5 4 1 2 0 0
-6371.3 -4855.2 -77.2 183 0 10.7 10.4 7.5 2.5 4 0 3 0 0
-6367.5 -4836.0 -76.6 186 0 18.9 9.8 2.5 0.0 0 0 1 1 1
-6366.6 -4815.8 -74.9 187 0 10.8 9.4 5.0 2.5 2 0 2 3 3
-6364.6 -4801.6 -74.6 190 0 12.5 11.1 5.0 2.5 2 0 2 1 1
-6331.9 -4792.1 -78.4 13 0 11.7 13.0 5.0 0.0 0 1 2 5 5
-6366.3 -4754.0 -73.0 191 0 11.3 11.2 5.0 2.5 2 0 2 5 5
-2687.8 836.8 -51.8 91 0 30.4 17.3 7.5 2.5 4 0 3 5 5
